OOS Cutoff = 2014-08-01 00:00:00
Int Range: [0,7]
  LAlpha  UAlpha     ROE    DExp    DAct    Rate     Num
   -2.69    4.41    4.32    2.58    1.89    6.21     103
    4.41    4.93    5.04    1.47    1.12    6.16     102
    4.93    5.24    6.14    1.05    0.00    6.14     103
    5.24    5.41    5.86    0.80    0.28    6.14     102
    5.41    5.55    6.12    0.64    0.00    6.12     102
    5.55    5.67    6.13    0.51    0.00    6.13     103
    5.67    5.77    6.11    0.39    0.00    6.11     102
    5.77    5.85    6.15    0.33    0.00    6.15     103
    5.85    6.08    5.23    0.41    1.12    6.35     102
    6.08    6.45    6.49    0.27    0.00    6.49     102

Int Range: [7,10]
  LAlpha  UAlpha     ROE    DExp    DAct    Rate     Num
    1.82    5.03    6.07    3.73    1.94    8.02     285
    5.03    5.68    5.85    2.74    2.25    8.10     284
    5.68    6.06    6.47    2.14    1.54    8.02     285
    6.06    6.38    6.50    1.82    1.55    8.05     284
    6.38    6.61    7.36    1.52    0.67    8.03     285
    6.61    6.83    5.20    1.28    2.80    8.00     284
    6.83    7.08    6.38    1.26    1.84    8.22     285
    7.08    7.41    7.82    1.36    0.77    8.59     284
    7.41    7.82    8.23    1.24    0.60    8.83     285
    7.82    8.93    7.60    0.94    1.48    9.08     284

Int Range: [10,12]
  LAlpha  UAlpha     ROE    DExp    DAct    Rate     Num
    0.74    6.14    6.79    5.80    4.00   10.79     294
    6.14    6.94    8.16    4.11    2.54   10.71     293
    6.94    7.44    8.62    3.60    2.19   10.81     293
    7.44    7.86    9.00    3.21    1.86   10.86     293
    7.86    8.24    8.71    2.86    2.20   10.91     293
    8.24    8.56    8.19    2.50    2.71   10.91     293
    8.56    8.88    8.12    2.22    2.82   10.94     293
    8.88    9.25    8.55    1.95    2.45   11.01     293
    9.25    9.74   10.41    1.73    0.79   11.21     293
    9.74   11.15    9.96    1.29    1.46   11.42     293

Int Range: [12,13.5]
  LAlpha  UAlpha     ROE    DExp    DAct    Rate     Num
   -1.24    5.77    4.35    8.53    8.61   12.97     286
    5.77    6.76    7.20    6.61    5.72   12.92     285
    6.76    7.39   10.06    5.86    2.88   12.94     285
    7.39    7.92   10.00    5.28    2.93   12.94     285
    7.92    8.46    8.20    4.75    4.74   12.93     285
    8.46    8.91   10.66    4.23    2.26   12.92     285
    8.91    9.34    8.39    3.81    4.55   12.93     285
    9.34    9.82    9.12    3.33    3.78   12.90     285
    9.82   10.40    8.76    2.89    4.23   12.99     285
   10.40   12.31   10.78    2.13    2.23   13.01     285

Int Range: [13.5,15]
  LAlpha  UAlpha     ROE    DExp    DAct    Rate     Num
   -1.53    5.44    8.51   10.33    5.96   14.47     273
    5.44    6.68    7.31    8.34    7.17   14.48     272
    6.68    7.53    6.15    7.34    8.29   14.44     273
    7.53    8.21    9.74    6.56    4.69   14.43     272
    8.21    8.75   10.96    6.01    3.53   14.49     273
    8.75    9.33   10.52    5.39    3.90   14.42     272
    9.33    9.94   11.59    4.81    2.87   14.46     273
    9.94   10.56    9.94    4.17    4.47   14.42     272
   10.56   11.34   10.12    3.52    4.33   14.46     273
   11.34   13.72   11.93    2.64    2.64   14.57     272

Int Range: [15,17]
  LAlpha  UAlpha     ROE    DExp    DAct    Rate     Num
   -6.19    4.89    2.62   13.51   13.81   16.42     226
    4.89    6.34    6.44   10.53    9.81   16.24     226
    6.34    7.30    9.11    9.40    7.13   16.24     226
    7.30    8.10    7.38    8.55    8.87   16.25     226
    8.10    8.88   10.60    7.79    5.68   16.28     225
    8.88    9.51    9.52    7.06    6.75   16.26     226
    9.51   10.18   10.16    6.37    6.06   16.23     226
   10.18   11.02   11.58    5.65    4.66   16.24     226
   11.02   11.92   14.33    4.79    1.89   16.22     226
   11.92   14.51   10.65    3.57    5.69   16.34     225

Int Range: [17,20]
  LAlpha  UAlpha     ROE    DExp    DAct    Rate     Num
   -7.00    3.06    0.32   18.08   18.22   18.54     211
    3.06    5.02   11.75   14.37    6.71   18.46     211
    5.02    6.27   10.64   12.80    7.81   18.45     211
    6.27    7.47    7.32   11.57   11.12   18.44     211
    7.47    8.34    9.29   10.55    9.15   18.45     211
    8.34    9.12   11.37    9.66    7.01   18.38     211
    9.12    9.89    7.23    8.84   11.11   18.34     211
    9.89   10.81   11.12    8.11    7.32   18.44     211
   10.81   12.01   12.27    7.18    6.22   18.49     211
   12.01   15.54   11.58    5.55    6.98   18.56     210

Int Range: [20,30]
  LAlpha  UAlpha     ROE    DExp    DAct    Rate     Num
  -12.11   -0.90    5.40   27.52   18.25   23.65     204
   -0.90    2.17    0.29   22.40   22.90   23.20     204
    2.17    4.12    5.13   19.86   17.85   22.98     204
    4.12    5.98    9.21   18.05   13.93   23.14     204
    5.98    7.44   12.48   16.07   10.29   22.77     203
    7.44    8.93    6.05   14.28   16.43   22.48     204
    8.93   10.32   13.69   13.05    9.00   22.69     204
   10.32   11.90   13.81   11.41    8.66   22.47     204
   11.90   14.04    9.80    9.96   13.03   22.83     204
   14.04   20.47   14.05    7.92    9.55   23.60     203


MinAlpha	ROE	Count
-5	8.58	18726
-4	8.62	18696
-3	8.59	18648
-2	8.61	18598
-1	8.63	18522
0	8.64	18448
1	8.72	18322
2	8.77	18139
3	8.86	17869
4	8.94	17389
5	9.07	16477
6	9.34	14338
7	9.83	11602
8	10.23	8690
9	10.83	5882
10	11.42	3447
11	12.23	1812
12	11.92	926
13	12.52	455
14	14.06	238
15	14.63	141



Forest Importance
('pub_rec', 0.00026804796631903612)
('delinq_2yrs', 0.0012548494315494649)
('term', 0.0019429725990896152)
('verification_status', 0.0036412478259020518)
('mths_since_last_record', 0.0044513490791563423)
('purpose', 0.0053192151855221727)
('even_loan_amnt', 0.0053848093144766018)
('mths_since_last_major_derog', 0.0074875055633893441)
('loan_amnt', 0.012105831857652648)
('home_ownership', 0.012808751074010215)
('inq_last_6mths', 0.015036878755000743)
('open_acc', 0.015155275391851837)
('int_pymt', 0.019549929138383514)
('mths_since_last_delinq', 0.021869084814848071)
('installment', 0.023908258085813268)
('total_acc', 0.025122608024501957)
('emp_length', 0.025638270450161711)
('dti', 0.02834305108143112)
('revol_bal', 0.028895035114569621)
('tok4_capitalization_log_odds', 0.029170285238333659)
('annual_inc', 0.032735391564245167)
('revol_util', 0.034447986674677702)
('revol_bal_pct_inc', 0.034783810306009758)
('clean_title_rank', 0.036614796689264942)
('int_pct_inc', 0.037175302306579658)
('pct_med_inc', 0.037187226434326863)
('revol_bal-loan', 0.038958263896565815)
('sub_grade', 0.039278781519618063)
('urate', 0.045098992831696133)
('pymt_pct_inc', 0.049063054179580019)
('tok4_clean_title_log_odds', 0.052020865708062615)
('credit_length', 0.057309945562705612)
('int_rate', 0.21797232633470467)


Forest Parameters
oob_score: False
n_jobs: -1
verbose: 0
min_density: None
compute_importances: None
max_leaf_nodes: None
bootstrap: True
min_samples_leaf: 100
n_estimators: 400
min_samples_split: 2
random_state: None
criterion: mse
max_features: auto
max_depth: None
