OOS Cutoff = 2014-06-01 00:00:00
Int Range: [0,7]
  LAlpha  UAlpha     ROE    DExp    DAct    Rate     Num
   -1.17    4.14    5.28    2.86    0.91    6.20     292
    4.14    4.69    5.02    1.74    1.16    6.18     292
    4.69    4.98    5.86    1.30    0.29    6.15     291
    4.98    5.17    5.45    1.05    0.68    6.14     292
    5.17    5.33    5.94    0.91    0.23    6.16     291
    5.33    5.45    5.98    0.78    0.18    6.16     292
    5.45    5.58    6.10    0.68    0.09    6.19     292
    5.58    5.70    5.90    0.56    0.29    6.19     291
    5.70    5.90    5.70    0.50    0.59    6.29     292
    5.90    6.40    6.49    0.42    0.00    6.49     291

Int Range: [7,10]
  LAlpha  UAlpha     ROE    DExp    DAct    Rate     Num
    1.03    5.17    5.55    3.55    2.39    7.95     886
    5.17    5.80    6.62    2.56    1.46    8.08     886
    5.80    6.20    6.77    1.98    1.22    7.99     886
    6.20    6.49    6.97    1.57    0.95    7.93     885
    6.49    6.73    6.09    1.39    1.92    8.01     886
    6.73    6.98    6.74    1.29    1.40    8.14     886
    6.98    7.23    6.42    1.27    1.96    8.38     885
    7.23    7.53    8.02    1.26    0.61    8.63     886
    7.53    7.92    7.20    1.13    1.64    8.84     886
    7.92    8.84    8.25    0.91    0.88    9.13     885

Int Range: [10,12]
  LAlpha  UAlpha     ROE    DExp    DAct    Rate     Num
   -0.53    6.22    7.75    5.83    3.11   10.85    1027
    6.22    7.04    8.60    4.10    2.17   10.76    1026
    7.04    7.58    8.70    3.45    2.08   10.78    1026
    7.58    7.96    9.00    3.10    1.87   10.87    1026
    7.96    8.30    9.18    2.75    1.70   10.88    1026
    8.30    8.63    8.31    2.46    2.62   10.93    1026
    8.63    8.96    9.01    2.17    1.95   10.96    1026
    8.96    9.33    9.56    1.93    1.51   11.08    1026
    9.33    9.76    9.65    1.74    1.62   11.27    1026
    9.76   11.18    9.92    1.33    1.57   11.49    1026

Int Range: [12,13.5]
  LAlpha  UAlpha     ROE    DExp    DAct    Rate     Num
   -3.27    5.69    9.01    8.64    3.97   12.98    1059
    5.69    6.72    9.67    6.67    3.27   12.94    1058
    6.72    7.39    8.35    5.85    4.57   12.93    1058
    7.39    7.93    9.51    5.27    3.43   12.93    1058
    7.93    8.40    9.24    4.77    3.69   12.94    1058
    8.40    8.87    8.77    4.29    4.16   12.93    1058
    8.87    9.31   10.98    3.84    1.96   12.93    1058
    9.31    9.77   10.06    3.41    2.88   12.95    1058
    9.77   10.36   10.71    2.91    2.24   12.96    1058
   10.36   12.58   11.35    2.20    1.72   13.07    1058

Int Range: [13.5,15]
  LAlpha  UAlpha     ROE    DExp    DAct    Rate     Num
   -2.73    5.58    8.07   10.26    6.38   14.45    1063
    5.58    6.78    9.25    8.22    5.20   14.45    1062
    6.78    7.57    9.60    7.24    4.84   14.44    1062
    7.57    8.20   10.02    6.54    4.41   14.43    1062
    8.20    8.80   10.44    5.95    4.02   14.46    1062
    8.80    9.38   11.48    5.38    2.98   14.47    1063
    9.38    9.94   10.25    4.81    4.22   14.47    1062
    9.94   10.55   10.84    4.24    3.64   14.47    1062
   10.55   11.31   10.67    3.58    3.82   14.49    1062
   11.31   14.08   12.64    2.62    1.94   14.58    1062

Int Range: [15,17]
  LAlpha  UAlpha     ROE    DExp    DAct    Rate     Num
   -6.13    4.77    6.50   13.44    9.88   16.38     861
    4.77    6.23    8.69   10.73    7.61   16.30     861
    6.23    7.25    8.85    9.49    7.41   16.26     861
    7.25    8.06   10.63    8.54    5.58   16.22     861
    8.06    8.79   11.62    7.77    4.58   16.20     861
    8.79    9.45   10.10    7.10    6.13   16.24     861
    9.45   10.13   10.29    6.43    5.92   16.21     861
   10.13   10.87   11.19    5.71    5.02   16.21     861
   10.87   11.74   12.60    4.93    3.62   16.22     861
   11.74   14.63   13.14    3.82    3.15   16.28     861

Int Range: [17,20]
  LAlpha  UAlpha     ROE    DExp    DAct    Rate     Num
  -16.40    2.74    4.59   18.66   13.86   18.45     766
    2.74    4.83    9.15   14.51    9.26   18.40     765
    4.83    6.21    9.90   12.87    8.53   18.43     766
    6.21    7.35    8.80   11.65    9.65   18.45     765
    7.35    8.27   12.40   10.58    6.02   18.41     766
    8.27    9.13   10.98    9.73    7.46   18.43     765
    9.13    9.96   11.85    8.91    6.60   18.45     766
    9.96   10.90   11.99    8.03    6.46   18.45     765
   10.90   12.04   11.76    7.05    6.73   18.49     766
   12.04   15.83   13.70    5.60    4.90   18.60     765

Int Range: [20,30]
  LAlpha  UAlpha     ROE    DExp    DAct    Rate     Num
  -12.40   -0.61    6.13   27.34   17.57   23.70     571
   -0.61    2.30    6.40   22.31   16.84   23.23     571
    2.30    4.50    5.41   19.18   17.25   22.65     571
    4.50    6.07    7.72   17.21   14.80   22.52     571
    6.07    7.48    9.08   15.55   13.26   22.34     571
    7.48    8.81   11.28   14.14   10.98   22.26     571
    8.81   10.08   11.58   12.90   10.74   22.32     571
   10.08   11.39   12.03   11.61   10.29   22.32     571
   11.39   13.21   15.12   10.23    7.34   22.45     571
   13.21   19.00   15.28    8.53    7.97   23.24     571


MinAlpha	ROE	Count
-5	9.36	64999
-4	9.37	64915
-3	9.37	64799
-2	9.37	64657
-1	9.40	64439
0	9.42	64134
1	9.43	63753
2	9.46	63205
3	9.53	62231
4	9.58	60687
5	9.71	57381
6	9.97	50888
7	10.37	42220
8	10.89	31640
9	11.40	21237
10	12.16	12142
11	12.82	6157
12	14.12	2819
13	15.56	1155
14	16.55	467
15	16.68	207



Forest Importance
('pub_rec', 0.00029214600902249262)
('delinq_2yrs', 0.0010757422387298061)
('term', 0.0021631852526859535)
('verification_status', 0.0038218545792289573)
('mths_since_last_record', 0.0053247406933819219)
('purpose', 0.0055262577725622933)
('even_loan_amnt', 0.0055325166149532111)
('mths_since_last_major_derog', 0.0073481751068679548)
('home_ownership', 0.0098683116866298409)
('loan_amnt', 0.012133892113315371)
('open_acc', 0.014151400933145359)
('inq_last_6mths', 0.014392305999625845)
('int_pymt', 0.019986202995239413)
('mths_since_last_delinq', 0.022659020705788548)
('emp_length', 0.024304042729833705)
('total_acc', 0.024733152479895298)
('installment', 0.026260549382494759)
('tok4_capitalization_log_odds', 0.026697317117370226)
('revol_bal', 0.02941224684201444)
('dti', 0.030040924696440881)
('annual_inc', 0.034031334042448527)
('revol_bal_pct_inc', 0.034529625387310775)
('revol_util', 0.034614834544060419)
('clean_title_rank', 0.036668112829931848)
('int_pct_inc', 0.038124945095069189)
('revol_bal-loan', 0.038973059957459852)
('pct_med_inc', 0.04062678472996642)
('urate', 0.044009625460480241)
('sub_grade', 0.048521540333457368)
('tok4_clean_title_log_odds', 0.048921287195378353)
('pymt_pct_inc', 0.051064812967044688)
('credit_length', 0.0592823254609064)
('int_rate', 0.20490772604725957)


Forest Parameters
oob_score: False
n_jobs: -1
verbose: 0
min_density: None
compute_importances: None
max_leaf_nodes: None
bootstrap: True
min_samples_leaf: 100
n_estimators: 400
min_samples_split: 2
random_state: None
criterion: mse
max_features: auto
max_depth: None
