OOS Cutoff = 2014-10-01 00:00:00
Int Range: [0,7]
  LAlpha  UAlpha     ROE    DExp    DAct    Rate     Num
   -8.35    4.36    4.73    2.73    1.55    6.29     393
    4.36    4.87    5.14    1.67    1.17    6.31     392
    4.87    5.20    5.93    1.27    0.39    6.33     393
    5.20    5.41    5.78    0.96    0.49    6.27     392
    5.41    5.56    4.99    0.76    1.26    6.25     393
    5.56    5.71    5.76    0.64    0.51    6.27     392
    5.71    5.85    5.57    0.51    0.73    6.29     393
    5.85    6.01    5.77    0.45    0.59    6.36     392
    6.01    6.23    4.37    0.46    2.21    6.58     393
    6.23    6.94    6.21    0.34    0.56    6.78     392

Int Range: [7,10]
  LAlpha  UAlpha     ROE    DExp    DAct    Rate     Num
   -1.66    4.45    6.07    4.60    2.16    8.23    1106
    4.45    5.11    6.53    3.36    1.64    8.17    1106
    5.11    5.57    5.54    2.82    2.64    8.18    1106
    5.57    5.92    5.92    2.37    2.21    8.13    1106
    5.92    6.21    7.07    2.07    1.06    8.13    1106
    6.21    6.46    6.88    1.71    1.17    8.05    1106
    6.46    6.71    7.19    1.48    0.88    8.06    1106
    6.71    7.00    7.35    1.34    0.84    8.19    1106
    7.00    7.45    7.09    1.45    1.56    8.66    1106
    7.45    9.02    7.75    1.21    1.32    9.07    1105

Int Range: [10,12]
  LAlpha  UAlpha     ROE    DExp    DAct    Rate     Num
   -1.57    5.33    7.65    6.89    3.44   11.09    1021
    5.33    6.21    7.62    5.17    3.38   11.00    1020
    6.21    6.82    7.84    4.52    3.21   11.05    1020
    6.82    7.30    8.49    3.97    2.55   11.04    1020
    7.30    7.73    8.51    3.52    2.51   11.03    1020
    7.73    8.11    7.84    3.14    3.22   11.06    1021
    8.11    8.49    8.82    2.80    2.28   11.10    1020
    8.49    8.91    8.65    2.38    2.43   11.08    1020
    8.91    9.42    8.86    2.06    2.35   11.21    1020
    9.42   11.30    9.62    1.57    1.85   11.47    1020

Int Range: [12,13.5]
  LAlpha  UAlpha     ROE    DExp    DAct    Rate     Num
   -4.08    4.68    7.09    9.56    5.81   12.90    1024
    4.68    5.78    7.14    7.60    5.74   12.88    1024
    5.78    6.50    6.71    6.70    6.15   12.85    1024
    6.50    7.14    8.10    6.05    4.78   12.88    1023
    7.14    7.68    8.56    5.47    4.32   12.88    1024
    7.68    8.18    9.10    4.92    3.75   12.85    1024
    8.18    8.69    8.85    4.46    4.05   12.90    1023
    8.69    9.22    9.61    3.91    3.25   12.86    1024
    9.22    9.89    9.57    3.37    3.33   12.90    1024
    9.89   12.26   10.64    2.51    2.34   12.98    1023

Int Range: [13.5,15]
  LAlpha  UAlpha     ROE    DExp    DAct    Rate     Num
   -4.91    4.31    5.06   11.59    9.34   14.40    1033
    4.31    5.60    6.69    9.36    7.66   14.36    1033
    5.60    6.51    8.47    8.31    5.92   14.38    1033
    6.51    7.23    6.90    7.49    7.48   14.38    1033
    7.23    7.88    7.14    6.83    7.25   14.39    1033
    7.88    8.52    7.80    6.18    6.58   14.38    1033
    8.52    9.16    7.62    5.58    6.79   14.41    1033
    9.16    9.83    8.43    4.89    5.95   14.38    1033
    9.83   10.67    8.68    4.19    5.72   14.41    1033
   10.67   13.45   10.89    3.10    3.59   14.49    1032

Int Range: [15,17]
  LAlpha  UAlpha     ROE    DExp    DAct    Rate     Num
  -10.72    2.92    4.93   15.51   11.35   16.28     727
    2.92    4.61    4.38   12.27   11.75   16.13     726
    4.61    5.67    7.31   10.99    8.84   16.16     726
    5.67    6.56    5.50    9.98   10.62   16.11     726
    6.56    7.35    7.36    9.15    8.76   16.11     726
    7.35    8.10    8.22    8.40    7.91   16.13     726
    8.10    8.81    8.00    7.67    8.13   16.13     726
    8.81    9.62   11.15    6.91    4.96   16.11     726
    9.62   10.66    8.53    6.00    7.59   16.12     726
   10.66   13.69   11.31    4.64    4.83   16.14     726

Int Range: [17,20]
  LAlpha  UAlpha     ROE    DExp    DAct    Rate     Num
  -12.63    0.32    0.70   21.26   18.08   18.78     669
    0.32    2.60    3.02   16.96   15.48   18.49     668
    2.60    4.20    6.51   14.99   11.93   18.44     668
    4.20    5.56    7.70   13.41   10.64   18.33     668
    5.56    6.55    5.60   12.30   12.77   18.37     668
    6.55    7.53    6.95   11.27   11.39   18.34     669
    7.53    8.46    4.30   10.34   14.03   18.33     668
    8.46    9.48   10.11    9.33    8.19   18.30     668
    9.48   10.70    8.54    8.21    9.74   18.27     668
   10.70   15.68    9.33    6.57    9.03   18.36     668

Int Range: [20,30]
  LAlpha  UAlpha     ROE    DExp    DAct    Rate     Num
  -16.26   -5.66   -5.44   31.48   28.72   23.28     406
   -5.66   -2.70    3.67   27.12   19.37   23.03     405
   -2.70   -0.59    0.22   24.24   22.46   22.68     405
   -0.59    1.27    1.75   22.32   20.92   22.67     406
    1.27    2.96    4.04   20.72   18.80   22.85     405
    2.96    4.68    6.11   18.66   16.38   22.48     405
    4.68    6.17    3.74   16.92   18.65   22.38     406
    6.17    7.92    4.83   15.35   17.57   22.40     405
    7.92    9.81    2.07   13.45   20.22   22.29     405
    9.81   18.77   11.81   10.62   10.53   22.34     405


MinAlpha	ROE	Count
-5	7.32	63166
-4	7.34	62972
-3	7.35	62722
-2	7.37	62430
-1	7.42	62017
0	7.47	61502
1	7.53	60806
2	7.55	59889
3	7.62	58392
4	7.70	55712
5	7.83	50741
6	8.15	41177
7	8.59	29982
8	8.96	20274
9	9.55	11838
10	10.07	5626
11	11.21	2177
12	10.64	695
13	10.99	181
14	9.09	60
15	17.94	23



Forest Importance
('pub_rec', 0.00029080670313586378)
('delinq_2yrs', 0.00091599347127894342)
('term', 0.0021334400343597788)
('even_loan_amnt', 0.0046394303873519499)
('verification_status', 0.0046974031054051032)
('purpose', 0.0054997134654715518)
('mths_since_last_record', 0.0058139807787374901)
('mths_since_last_major_derog', 0.0076937843626412707)
('loan_amnt', 0.012471660997343514)
('home_ownership', 0.0138894444896494)
('inq_last_6mths', 0.014602570950054107)
('open_acc', 0.01536858078134869)
('int_pymt', 0.020193414159027236)
('mths_since_last_delinq', 0.020560457901655175)
('installment', 0.024193115319890351)
('emp_length', 0.024666306487742998)
('total_acc', 0.025245332757561009)
('revol_bal', 0.027468488927760944)
('tok4_capitalization_log_odds', 0.028720312352559955)
('annual_inc', 0.030418570077432077)
('dti', 0.030540033170631361)
('revol_util', 0.033840280896043372)
('revol_bal_pct_inc', 0.033961810362969407)
('clean_title_rank', 0.036111520198528632)
('revol_bal-loan', 0.036259820670118514)
('pct_med_inc', 0.036361875201677704)
('int_pct_inc', 0.038571159982981031)
('urate', 0.042248159817742742)
('pymt_pct_inc', 0.04487485900030852)
('credit_length', 0.055692863739286586)
('tok4_clean_title_log_odds', 0.055874504312132312)
('int_rate', 0.11359024982035169)
('sub_grade', 0.15259005531682074)


Forest Parameters
oob_score: False
n_jobs: -1
verbose: 0
min_density: None
compute_importances: None
max_leaf_nodes: None
bootstrap: True
min_samples_leaf: 100
n_estimators: 400
min_samples_split: 2
random_state: None
criterion: mse
max_features: auto
max_depth: None
