OOS Cutoff = 2015-01-01 00:00:00
Int Range: [0,7]
  LAlpha  UAlpha     ROE    DExp    DAct    Rate     Num
  -20.49    4.63    5.56    2.32    0.91    6.47     526
    4.63    4.94    5.90    1.60    0.50    6.40     525
    4.94    5.16    5.67    1.32    0.70    6.38     526
    5.16    5.32    5.65    1.16    0.75    6.40     525
    5.32    5.47    6.05    1.03    0.38    6.43     525
    5.47    5.61    6.29    0.94    0.19    6.48     526
    5.61    5.75    5.99    0.91    0.60    6.59     525
    5.75    5.91    6.21    0.85    0.46    6.68     526
    5.91    6.12    6.44    0.76    0.32    6.76     525
    6.12    6.76    6.43    0.63    0.50    6.93     525

Int Range: [7,10]
  LAlpha  UAlpha     ROE    DExp    DAct    Rate     Num
    0.86    4.75    5.46    4.37    3.05    8.50    1155
    4.75    5.25    6.34    3.38    2.06    8.40    1155
    5.25    5.60    6.61    2.98    1.80    8.41    1155
    5.60    5.88    6.59    2.67    1.82    8.41    1154
    5.88    6.12    6.78    2.35    1.57    8.35    1155
    6.12    6.37    6.40    2.14    1.99    8.39    1155
    6.37    6.61    7.10    1.95    1.34    8.45    1154
    6.61    6.90    7.30    1.86    1.30    8.61    1155
    6.90    7.29    7.53    1.76    1.30    8.84    1155
    7.29    8.97    8.63    1.65    0.71    9.34    1154

Int Range: [10,12]
  LAlpha  UAlpha     ROE    DExp    DAct    Rate     Num
   -0.82    5.24    6.00    7.28    5.47   11.47     908
    5.24    6.03    8.26    5.69    3.09   11.35     907
    6.03    6.56    8.56    5.01    2.75   11.32     908
    6.56    7.01    6.64    4.49    4.64   11.28     907
    7.01    7.40    7.81    4.04    3.44   11.24     908
    7.40    7.74    8.77    3.68    2.49   11.25     907
    7.74    8.09    8.11    3.32    3.14   11.25     908
    8.09    8.48    9.05    2.97    2.20   11.26     907
    8.48    8.93    8.73    2.57    2.54   11.26     908
    8.93   10.46    8.53    2.11    2.91   11.45     907

Int Range: [12,13.5]
  LAlpha  UAlpha     ROE    DExp    DAct    Rate     Num
   -1.60    4.20    6.84    9.62    5.89   12.73     816
    4.20    5.16    7.26    7.98    5.44   12.70     816
    5.16    5.83    7.78    7.18    4.90   12.68     816
    5.83    6.39    7.85    6.55    4.82   12.67     816
    6.39    6.90    8.42    6.04    4.26   12.68     816
    6.90    7.37    7.97    5.58    4.75   12.71     816
    7.37    7.84    8.70    5.10    4.00   12.70     816
    7.84    8.36    8.49    4.60    4.21   12.70     816
    8.36    9.07    9.00    4.02    3.72   12.73     816
    9.07   11.37   10.15    3.11    2.65   12.79     816

Int Range: [13.5,15]
  LAlpha  UAlpha     ROE    DExp    DAct    Rate     Num
   -1.45    4.22    6.21   11.23    7.99   14.19     851
    4.22    5.22    6.86    9.45    7.35   14.22     850
    5.22    5.94    8.26    8.65    5.97   14.23     850
    5.94    6.65    9.50    7.95    4.75   14.25     851
    6.65    7.26    9.57    7.28    4.65   14.23     850
    7.26    7.81    8.43    6.73    5.84   14.27     850
    7.81    8.41    9.05    6.18    5.23   14.28     851
    8.41    9.12   10.46    5.56    3.85   14.31     850
    9.12   10.00    9.79    4.78    4.51   14.30     850
   10.00   12.72   10.16    3.71    4.27   14.43     850

Int Range: [15,17]
  LAlpha  UAlpha     ROE    DExp    DAct    Rate     Num
   -8.84    1.24    4.66   17.00   11.43   16.09     631
    1.24    3.24    2.66   13.73   13.41   16.07     631
    3.24    4.45    5.91   12.17   10.15   16.06     630
    4.45    5.37    6.85   11.15    9.23   16.08     631
    5.37    6.15    8.34   10.29    7.70   16.04     630
    6.15    6.90    8.34    9.50    7.70   16.04     631
    6.90    7.67   10.56    8.72    5.45   16.01     631
    7.67    8.53    9.69    7.95    6.34   16.04     630
    8.53    9.53    8.41    7.02    7.63   16.04     631
    9.53   12.76   10.31    5.72    5.74   16.05     630

Int Range: [17,20]
  LAlpha  UAlpha     ROE    DExp    DAct    Rate     Num
  -11.10   -1.10    0.87   22.45   17.97   18.84     686
   -1.10    1.21    2.61   18.43   15.97   18.58     686
    1.21    2.90    6.49   16.36   11.97   18.47     686
    2.90    4.22    4.93   14.77   13.42   18.35     685
    4.22    5.27    7.12   13.47   11.13   18.25     686
    5.27    6.21    5.30   12.41   12.86   18.16     686
    6.21    7.16    8.84   11.51    9.36   18.20     685
    7.16    8.26    6.25   10.47   11.89   18.14     686
    8.26    9.57    8.99    9.24    9.13   18.12     686
    9.57   13.43    9.62    7.48    8.53   18.15     685

Int Range: [20,30]
  LAlpha  UAlpha     ROE    DExp    DAct    Rate     Num
  -12.60   -5.91   -5.20   31.40   28.72   23.52     311
   -5.91   -3.69   -0.18   27.89   23.29   23.11     311
   -3.69   -1.95   -0.79   26.10   24.05   23.26     311
   -1.95   -0.33    2.67   24.29   20.47   23.13     311
   -0.33    1.01    0.09   22.86   23.12   23.21     311
    1.01    2.51    8.49   21.32   14.60   23.09     311
    2.51    3.99    4.30   19.70   18.67   22.97     311
    3.99    5.59    8.65   18.16   14.28   22.93     311
    5.59    7.90    8.58   16.18   14.30   22.88     311
    7.90   16.62    8.37   12.90   14.63   23.00     310


MinAlpha	ROE	Count
-5	7.38	58197
-4	7.40	57962
-3	7.43	57614
-2	7.48	57239
-1	7.53	56734
0	7.60	56083
1	7.62	55287
2	7.67	54238
3	7.75	52822
4	7.85	50238
5	8.04	44438
6	8.44	32513
7	8.81	20945
8	9.19	11955
9	9.66	5615
10	10.57	2092
11	11.87	644
12	14.27	128
13	11.74	31
14	20.28	11
15	14.51	4



Forest Importance
('purpose', 0.001882492605727686)
('even_loan_amnt', 0.0031070885964311974)
('loan_amnt', 0.0112742211399705)
('urate', 0.012295019607551139)
('avg_urate', 0.012326041820251375)
('total_acc', 0.012443835841363073)
('urate_chg', 0.01530425783214685)
('installment', 0.015587729097824705)
('clean_title_rank', 0.015973257139551125)
('urate_range', 0.016171509120916402)
('revol_util', 0.017276626633906708)
('home_ownership', 0.018872924423733495)
('revol_bal_pct_inc', 0.019307852118089552)
('int_pct_inc', 0.01933481590714179)
('annual_inc', 0.019498833376390991)
('pct_med_inc', 0.0200433936756109)
('emp_length', 0.020074229808858715)
('revol_bal-loan', 0.022185331767028783)
('hpa4', 0.022250710550346747)
('dti', 0.031080167834862404)
('caploC', 0.031914669384965094)
('pymt_pct_inc', 0.040226474480100013)
('credit_length', 0.040575904975654213)
('ctloC', 0.051817098562350498)
('sub_grade', 0.50917551369922609)


Forest Parameters
oob_score: False
n_jobs: 8
verbose: 0
min_density: None
compute_importances: None
max_leaf_nodes: None
bootstrap: True
min_samples_leaf: 400
n_estimators: 200
min_samples_split: 2
random_state: None
criterion: mse
max_features: auto
max_depth: None
