OOS Cutoff = 2015-04-15
Int Range: [0,7]
  LAlpha  UAlpha     ROE    DExp    DAct    Rate     Num
   -7.10    4.52    5.39    1.64    0.36    5.75     594
    4.52    4.81    4.26    1.02    1.43    5.69     594
    4.81    5.01    4.90    0.84    0.85    5.75     593
    5.01    5.26    5.71    1.03    0.44    6.16     594
    5.26    5.47    5.81    1.02    0.58    6.39     593
    5.47    5.63    5.06    0.87    1.36    6.42     594
    5.63    5.78    5.60    0.76    0.86    6.46     594
    5.78    5.95    5.14    0.74    1.46    6.60     593
    5.95    6.18    5.64    0.73    1.14    6.78     594
    6.18    6.66    6.67    0.54    0.19    6.87     593

Int Range: [7,10]
  LAlpha  UAlpha     ROE    DExp    DAct    Rate     Num
    0.67    5.04    6.55    3.97    1.82    8.37    1401
    5.04    5.50    6.80    2.90    1.39    8.19    1400
    5.50    5.82    6.77    2.51    1.40    8.17    1401
    5.82    6.08    6.21    2.28    2.02    8.23    1400
    6.08    6.32    6.49    2.09    1.80    8.29    1400
    6.32    6.56    6.68    1.97    1.73    8.41    1401
    6.56    6.83    6.91    1.89    1.67    8.58    1400
    6.83    7.17    7.40    1.89    1.47    8.88    1401
    7.17    7.72    8.38    1.98    1.01    9.39    1400
    7.72    9.30    8.37    1.62    1.42    9.79    1400

Int Range: [10,12]
  LAlpha  UAlpha     ROE    DExp    DAct    Rate     Num
    0.81    5.71    7.90    6.59    3.49   11.39     658
    5.71    6.46    7.22    5.21    4.13   11.35     658
    6.46    6.93    7.37    4.61    3.95   11.32     658
    6.93    7.31    8.44    4.15    2.83   11.27     658
    7.31    7.65    8.38    3.78    2.88   11.26     658
    7.65    7.94    7.71    3.43    3.51   11.22     658
    7.94    8.27    8.33    3.11    2.89   11.22     658
    8.27    8.60    9.21    2.77    1.99   11.20     658
    8.60    9.01    9.36    2.35    1.79   11.15     658
    9.01   10.12    8.79    1.75    2.29   11.08     658

Int Range: [12,13.5]
  LAlpha  UAlpha     ROE    DExp    DAct    Rate     Num
   -0.78    4.93    6.21    9.04    6.63   12.83    1083
    4.93    5.83    7.39    7.33    5.37   12.76    1083
    5.83    6.47    8.15    6.60    4.61   12.76    1083
    6.47    6.97    7.91    5.99    4.81   12.73    1083
    6.97    7.40    8.78    5.51    3.93   12.71    1082
    7.40    7.82    8.40    5.11    4.31   12.71    1083
    7.82    8.23    9.59    4.71    3.14   12.73    1083
    8.23    8.68    9.64    4.30    3.11   12.75    1083
    8.68    9.22    9.76    3.85    3.01   12.77    1083
    9.22   11.50   10.29    3.12    2.57   12.86    1082

Int Range: [13.5,15]
  LAlpha  UAlpha     ROE    DExp    DAct    Rate     Num
   -1.64    4.85    5.39   10.74    8.88   14.27     619
    4.85    5.84    7.91    8.85    6.33   14.23     618
    5.84    6.59    7.48    8.06    6.80   14.28     618
    6.59    7.23    8.37    7.34    5.87   14.25     618
    7.23    7.79    8.82    6.77    5.44   14.27     618
    7.79    8.28    7.85    6.25    6.44   14.29     619
    8.28    8.77    9.23    5.76    5.05   14.29     618
    8.77    9.30    9.26    5.23    4.99   14.26     618
    9.30   10.03   10.33    4.66    3.98   14.31     618
   10.03   12.55   12.15    3.71    2.20   14.36     618

Int Range: [15,17]
  LAlpha  UAlpha     ROE    DExp    DAct    Rate     Num
   -6.16    2.89    5.59   15.66   10.83   16.42     594
    2.89    4.52    7.24   12.54    9.08   16.31     594
    4.52    5.60    8.31   11.14    7.94   16.25     593
    5.60    6.52    8.67   10.19    7.61   16.29     594
    6.52    7.31    6.74    9.30    9.49   16.23     593
    7.31    7.94    9.81    8.59    6.41   16.22     594
    7.94    8.61    8.76    8.01    7.53   16.29     594
    8.61    9.34    9.78    7.35    6.53   16.31     593
    9.34   10.26    9.68    6.54    6.64   16.32     594
   10.26   13.65   10.77    5.27    5.58   16.35     593

Int Range: [17,20]
  LAlpha  UAlpha     ROE    DExp    DAct    Rate     Num
  -12.07   -0.64    3.46   21.97   15.44   18.90     779
   -0.64    1.80    5.34   18.01   13.32   18.66     778
    1.80    3.39    7.99   15.86   10.51   18.49     779
    3.39    4.58    6.33   14.43   12.10   18.43     778
    4.58    5.62    9.24   13.25    9.12   18.35     779
    5.62    6.58    9.21   12.19    9.09   18.29     778
    6.58    7.57    8.63   11.16    9.60   18.24     779
    7.57    8.57    8.90   10.17    9.32   18.22     778
    8.57    9.80   10.94    9.03    7.23   18.17     779
    9.80   14.53   11.05    7.31    7.10   18.15     778

Int Range: [20,30]
  LAlpha  UAlpha     ROE    DExp    DAct    Rate     Num
  -11.98   -4.78   -6.23   30.35   29.72   23.49     307
   -4.78   -2.49    3.58   26.72   19.55   23.13     306
   -2.49   -0.65    1.27   24.79   21.94   23.21     306
   -0.65    0.64    5.93   23.13   17.17   23.10     307
    0.64    1.95   10.54   21.70   12.50   23.04     306
    1.95    3.37    6.31   20.46   16.82   23.13     306
    3.37    4.89    4.53   19.00   18.61   23.15     307
    4.89    6.53    6.09   16.99   16.63   22.72     306
    6.53    8.50   10.22   15.40   12.63   22.85     306
    8.50   17.47    9.81   12.54   13.02   22.83     306


MinAlpha	ROE	Count
-5	7.74	59893
-4	7.74	59686
-3	7.77	59408
-2	7.81	59080
-1	7.84	58656
0	7.89	58090
1	7.90	57432
2	7.93	56580
3	7.93	55390
4	7.97	53308
5	8.16	48097
6	8.61	37103
7	9.22	24812
8	9.72	14737
9	10.28	6664
10	10.96	2460
11	10.74	778
12	11.66	187
13	9.81	38
14	1.12	13
15	-15.34	3



Forest Importance
('purpose', 0.0011090281491803224)
('even_loan_amnt', 0.0019596825109092944)
('loan_amnt', 0.0061446213926878764)
('total_acc', 0.012481653890502438)
('avg_urate', 0.013650875308398067)
('annual_inc', 0.014080960767626874)
('urate', 0.014704106453340708)
('urate_range', 0.016157160197335464)
('urate_chg', 0.016871838198197386)
('clean_title_rank', 0.017353687205495221)
('revol_util', 0.018208829367710313)
('installment', 0.018483550692903826)
('pct_med_inc', 0.018752872193404439)
('int_pct_inc', 0.01959368137770099)
('revol_bal_pct_inc', 0.020491207171231752)
('emp_length', 0.020923003140303598)
('revol_bal-loan', 0.021065413563614067)
('hpa4', 0.023553373295822234)
('credit_length', 0.025803627379056025)
('pymt_pct_inc', 0.028048986138589031)
('caploC', 0.028845141141668411)
('home_ownership', 0.029083643547980164)
('dti', 0.035265224484781733)
('ctloC', 0.052290418506417781)
('sub_grade', 0.52507741392514196)


Forest Parameters
oob_score: False
n_jobs: 8
verbose: 0
min_density: None
compute_importances: None
max_leaf_nodes: None
bootstrap: True
min_samples_leaf: 400
n_estimators: 200
min_samples_split: 2
random_state: None
criterion: mse
max_features: auto
max_depth: None
