
Int Range: [0,7]
  LAlpha  UAlpha     ROE    DExp    DAct    Rate     Num
    1.76    4.72    4.89    2.26    1.41    6.31      94
    4.72    5.12    6.28    1.34    0.00    6.28      94
    5.12    5.35    6.27    1.02    0.00    6.27      93
    5.35    5.49    6.27    0.85    0.00    6.27      94
    5.49    5.63    6.32    0.76    0.00    6.32      93
    5.63    5.76    6.07    0.62    0.24    6.32      94
    5.76    5.87    5.28    0.53    1.06    6.34      94
    5.87    6.07    6.56    0.60    0.00    6.56      93
    6.07    6.27    6.62    0.45    0.00    6.62      94
    6.27    6.55    6.62    0.24    0.00    6.62      93

Int Range: [7,10]
  LAlpha  UAlpha     ROE    DExp    DAct    Rate     Num
    1.67    5.85    7.30    3.23    1.04    8.34     547
    5.85    6.35    7.99    2.15    0.29    8.28     546
    6.35    6.67    7.70    1.74    0.56    8.26     546
    6.67    6.93    7.64    1.43    0.59    8.23     547
    6.93    7.16    7.44    1.25    0.86    8.30     546
    7.16    7.39    7.77    1.18    0.68    8.45     546
    7.39    7.71    8.24    1.32    0.62    8.86     547
    7.71    8.04    8.41    1.35    0.82    9.23     546
    8.04    8.42    9.10    1.10    0.22    9.33     546
    8.42    9.39    8.78    0.86    0.79    9.58     546

Int Range: [10,12]
  LAlpha  UAlpha     ROE    DExp    DAct    Rate     Num
    1.69    7.48   10.54    4.91    0.81   11.34     374
    7.48    8.20   10.35    3.45    0.98   11.33     374
    8.20    8.64   10.50    2.94    0.86   11.36     374
    8.64    8.97   10.27    2.63    1.16   11.43     374
    8.97    9.26   10.46    2.36    1.01   11.47     374
    9.26    9.54   10.81    2.09    0.68   11.48     374
    9.54    9.85   10.88    1.84    0.66   11.54     374
    9.85   10.14   10.67    1.62    0.95   11.62     374
   10.14   10.57   11.34    1.41    0.42   11.75     374
   10.57   11.64   11.22    1.06    0.75   11.97     374

Int Range: [12,13.5]
  LAlpha  UAlpha     ROE    DExp    DAct    Rate     Num
    1.92    7.68   10.94    6.09    1.76   12.71     436
    7.68    8.49   10.82    4.60    1.89   12.71     436
    8.49    8.99   12.13    3.97    0.58   12.72     436
    8.99    9.40   11.42    3.54    1.31   12.74     436
    9.40    9.77   10.61    3.17    2.13   12.74     436
    9.77   10.10   11.88    2.81    0.87   12.75     436
   10.10   10.43   12.05    2.50    0.72   12.76     436
   10.43   10.78   11.49    2.18    1.29   12.78     436
   10.78   11.20   12.29    1.82    0.50   12.80     436
   11.20   12.47   11.75    1.33    1.14   12.89     436

Int Range: [13.5,15]
  LAlpha  UAlpha     ROE    DExp    DAct    Rate     Num
    2.38    8.30   10.30    7.02    3.88   14.17     628
    8.30    9.16   10.89    5.35    3.25   14.14     627
    9.16    9.71   12.01    4.68    2.12   14.13     628
    9.71   10.17   12.26    4.20    1.89   14.15     627
   10.17   10.56   12.35    3.76    1.78   14.13     628
   10.56   10.92   12.06    3.39    2.08   14.13     627
   10.92   11.31   12.57    3.01    1.55   14.12     628
   11.31   11.71   13.09    2.69    1.10   14.19     627
   11.71   12.14   12.51    2.27    1.67   14.19     628
   12.14   13.83   13.15    1.75    1.19   14.33     627

Int Range: [15,17]
  LAlpha  UAlpha     ROE    DExp    DAct    Rate     Num
    1.56    8.44   11.25    8.48    4.55   15.80     581
    8.44    9.45   11.92    6.76    3.81   15.73     581
    9.45   10.10   13.36    5.96    2.40   15.76     581
   10.10   10.69   13.80    5.37    1.96   15.76     581
   10.69   11.19   13.42    4.82    2.34   15.77     581
   11.19   11.69   13.41    4.32    2.35   15.77     581
   11.69   12.14   14.13    3.82    1.62   15.74     581
   12.14   12.66   14.67    3.38    1.11   15.78     581
   12.66   13.23   14.54    2.86    1.26   15.80     581
   13.23   15.62   15.41    2.25    0.61   16.02     580

Int Range: [17,20]
  LAlpha  UAlpha     ROE    DExp    DAct    Rate     Num
    1.50    9.27   12.56   10.52    5.79   18.36     568
    9.27   10.49   13.89    8.63    4.64   18.53     567
   10.49   11.32   14.63    7.64    3.94   18.57     568
   11.32   11.98   14.66    6.89    3.89   18.55     567
   11.98   12.57   16.14    6.38    2.51   18.65     568
   12.57   13.11   14.87    5.81    3.78   18.65     567
   13.11   13.73   15.91    5.31    2.81   18.72     568
   13.73   14.37   16.65    4.66    2.05   18.70     567
   14.37   15.15   17.41    4.09    1.42   18.83     568
   15.15   17.88   17.18    3.34    2.01   19.19     567

Int Range: [20,30]
  LAlpha  UAlpha     ROE    DExp    DAct    Rate     Num
    2.35    9.29   15.50   14.63    7.01   22.51     330
    9.29   10.87   15.98   12.20    6.33   22.31     329
   10.87   11.95   17.07   10.81    5.16   22.24     330
   11.95   12.87   16.99    9.83    5.27   22.27     329
   12.87   13.65   16.87    8.84    5.23   22.10     329
   13.65   14.39   17.00    8.23    5.26   22.26     330
   14.39   15.13   17.83    7.35    4.27   22.10     329
   15.13   15.80   16.28    6.87    6.07   22.36     330
   15.80   16.77   19.77    6.34    2.83   22.60     329
   16.77   20.94   19.05    6.24    4.76   23.81     329




Forest Importance
('pub_rec', 9.6636104132713006e-05)
('delinq_2yrs', 0.00076683796083871949)
('term', 0.0011213044896489165)
('mths_since_last_record', 0.0015952315075866733)
('is_inc_v', 0.0024008078931111051)
('title_num_words', 0.0025050272334600577)
('home_ownership', 0.0039028606556194331)
('even_loan_amnt', 0.0039770245371505471)
('title_upper_count', 0.0058504648487085094)
('loan_amnt', 0.0075829615853596774)
('mod_rate', 0.0081412346485980579)
('open_acc', 0.0099910711045111747)
('fico_range_low', 0.011439395315772457)
('title_first_word_rank', 0.012105487920234213)
('title_last_word_rank', 0.012409869115313115)
('issue_mth', 0.012663665795956052)
('title_len', 0.013638372738828198)
('mths_since_last_delinq', 0.013972431107276336)
('emp_length', 0.014169223609293211)
('int_pymt', 0.014851950289172531)
('installment', 0.015602253872614017)
('total_acc', 0.016202316991737124)
('purpose', 0.018352928278863402)
('inq_last_6mths', 0.020592659738243032)
('emp_title_rank', 0.021453300321686172)
('med_inc', 0.022299122303004973)
('clean_title_rank', 0.022374321163495095)
('short_title_rank', 0.023125332235599573)
('title_upper_pct', 0.023384317011684419)
('zip_code', 0.02462098604750583)
('tok4_capitalization_log_odds', 0.02706692614780264)
('avg_urate', 0.027339233162361563)
('pct_med_inc', 0.02903534585866303)
('revol_bal', 0.030172998562477335)
('urate_chg', 0.030351427798923539)
('urate', 0.032128463298594347)
('credit_length', 0.032783358807213232)
('revol_util', 0.033104206690918014)
('dti', 0.034182842443571559)
('tok4_clean_recent_title_log_odds', 0.038023471407427789)
('revol_bal-loan', 0.040361468082675905)
('pymt_pct_inc', 0.041393965494561528)
('annual_inc', 0.047247705403257706)
('int_rate', 0.073405278387924031)
('sub_grade', 0.12221391202862247)


Forest Parameters
oob_score: False
n_jobs: -1
verbose: 0
min_density: None
compute_importances: None
max_leaf_nodes: None
bootstrap: True
min_samples_leaf: 100
n_estimators: 400
min_samples_split: 2
random_state: None
criterion: mse
max_features: auto
max_depth: None
