
Int Range: [0,7]
  LAlpha  UAlpha     ROE    DExp    DAct    Rate     Num
    1.44    4.40    4.90    2.58    1.41    6.31      94
    4.40    4.85    6.31    1.64    0.00    6.31      94
    4.85    5.11    6.25    1.27    0.00    6.25      93
    5.11    5.29    6.04    1.08    0.24    6.28      94
    5.29    5.44    6.32    0.95    0.00    6.32      93
    5.44    5.59    6.32    0.81    0.00    6.32      94
    5.59    5.74    6.38    0.72    0.00    6.38      94
    5.74    5.91    6.50    0.68    0.00    6.50      93
    5.91    6.15    5.56    0.58    1.06    6.62      94
    6.15    6.52    6.62    0.34    0.00    6.62      93

Int Range: [7,10]
  LAlpha  UAlpha     ROE    DExp    DAct    Rate     Num
    2.78    6.03    7.08    2.92    1.14    8.22     547
    6.03    6.52    7.59    1.83    0.54    8.13     546
    6.52    6.82    7.64    1.47    0.51    8.15     546
    6.82    7.09    7.45    1.26    0.77    8.22     547
    7.09    7.33    7.77    1.16    0.61    8.37     546
    7.33    7.61    7.95    1.08    0.60    8.55     546
    7.61    7.94    8.31    1.28    0.75    9.05     547
    7.94    8.30    8.94    1.12    0.31    9.24     546
    8.30    8.69    8.65    0.80    0.64    9.29     546
    8.69    9.56    9.01    0.61    0.61    9.63     546

Int Range: [10,12]
  LAlpha  UAlpha     ROE    DExp    DAct    Rate     Num
    4.94    8.06   10.00    3.99    1.28   11.28     374
    8.06    8.72   10.68    2.93    0.66   11.35     374
    8.72    9.18   10.63    2.35    0.68   11.31     374
    9.18    9.54   10.17    2.01    1.21   11.38     374
    9.54    9.83   10.44    1.75    1.00   11.44     374
    9.83   10.09   10.58    1.56    0.93   11.51     374
   10.09   10.40   10.53    1.28    0.98   11.51     374
   10.40   10.71   11.07    1.08    0.56   11.63     374
   10.71   11.13   11.00    1.03    0.93   11.93     374
   11.13   11.90   11.93    0.60    0.06   11.99     374

Int Range: [12,13.5]
  LAlpha  UAlpha     ROE    DExp    DAct    Rate     Num
    5.49    8.93   11.01    4.57    1.76   12.77     436
    8.93    9.57   10.80    3.48    1.97   12.77     436
    9.57   10.03   11.53    2.94    1.22   12.75     436
   10.03   10.39   11.24    2.53    1.50   12.74     436
   10.39   10.70   11.91    2.18    0.82   12.73     436
   10.70   11.01   11.82    1.87    0.91   12.73     436
   11.01   11.32   11.81    1.57    0.93   12.74     436
   11.32   11.59   11.55    1.28    1.19   12.74     436
   11.59   11.91   11.91    1.00    0.85   12.75     436
   11.91   12.65   11.81    0.74    1.06   12.87     436

Int Range: [13.5,15]
  LAlpha  UAlpha     ROE    DExp    DAct    Rate     Num
    6.30    9.59   10.72    5.26    3.36   14.08     628
    9.59   10.29   11.15    4.12    2.93   14.08     627
   10.29   10.78   12.29    3.56    1.81   14.11     628
   10.78   11.17   12.37    3.17    1.78   14.14     627
   11.17   11.52   11.80    2.83    2.37   14.17     628
   11.52   11.87   11.55    2.45    2.60   14.15     627
   11.87   12.22   12.71    2.09    1.43   14.14     628
   12.22   12.57   12.84    1.74    1.30   14.14     627
   12.57   12.94   12.82    1.47    1.40   14.22     628
   12.94   14.30   12.93    1.19    1.52   14.45     627

Int Range: [15,17]
  LAlpha  UAlpha     ROE    DExp    DAct    Rate     Num
    6.41   10.31   11.97    6.27    3.71   15.68     581
   10.31   11.21   12.19    4.90    3.50   15.69     581
   11.21   11.77   12.87    4.16    2.80   15.67     581
   11.77   12.19   13.33    3.72    2.38   15.71     581
   12.19   12.54   14.00    3.40    1.77   15.77     581
   12.54   12.87   13.66    3.07    2.11   15.77     581
   12.87   13.19   14.07    2.75    1.71   15.78     581
   13.19   13.56   13.70    2.41    2.07   15.77     581
   13.56   14.01   14.95    2.12    0.93   15.89     581
   14.01   15.83   15.16    1.75    1.03   16.19     580

Int Range: [17,20]
  LAlpha  UAlpha     ROE    DExp    DAct    Rate     Num
    3.16   10.77   12.90    8.89    5.43   18.32     568
   10.77   11.89   13.78    7.00    4.58   18.37     567
   11.89   12.59   14.37    6.17    4.05   18.42     568
   12.59   13.21   15.51    5.52    2.91   18.43     567
   13.21   13.78   14.99    5.06    3.56   18.55     568
   13.78   14.26   16.16    4.64    2.50   18.66     567
   14.26   14.84   17.02    4.21    1.72   18.75     568
   14.84   15.37   16.38    3.69    2.41   18.79     567
   15.37   16.08   15.81    3.31    3.20   19.01     568
   16.08   18.67   16.99    2.69    2.47   19.46     567

Int Range: [20,30]
  LAlpha  UAlpha     ROE    DExp    DAct    Rate     Num
    5.92   11.59   14.61   12.48    8.04   22.64     330
   11.59   13.02   16.78   10.11    5.64   22.41     329
   13.02   13.99   17.35    8.77    4.94   22.29     330
   13.99   14.77   17.12    7.87    5.14   22.26     329
   14.77   15.44   18.37    7.06    3.79   22.15     329
   15.44   16.10   15.22    6.25    6.82   22.04     330
   16.10   16.73   17.01    5.77    5.18   22.19     329
   16.73   17.42   19.14    5.19    3.12   22.25     330
   17.42   18.27   16.55    4.59    5.84   22.40     329
   18.27   22.51   20.21    4.68    3.72   23.93     329




Forest Importance
('pub_rec', 0.00029699746181075068)
('title_num_words', 0.0014425095032676843)
('term', 0.0016771313527599971)
('delinq_2yrs', 0.0018681867638470609)
('title_upper_count', 0.002217719132963539)
('even_loan_amnt', 0.0035881205663138905)
('mths_since_last_record', 0.0037334189006929266)
('purpose', 0.0037958485952574684)
('is_inc_v', 0.0040289613572128931)
('home_ownership', 0.0062219547391825225)
('mod_rate', 0.006242185058590333)
('sub_grade', 0.0073128698867201839)
('title_last_word_rank', 0.0078225129966968884)
('inq_last_6mths', 0.0080071917567169811)
('loan_amnt', 0.008028764276722453)
('title_first_word_rank', 0.0080836359072096256)
('title_len', 0.010862529959843832)
('open_acc', 0.011037083531810323)
('tok4_capitalization_log_odds', 0.011375685676848091)
('issue_mth', 0.013524458413087971)
('fico_range_low', 0.013664260682368663)
('clean_title_rank', 0.014113307007823943)
('mths_since_last_delinq', 0.014642020266843905)
('total_acc', 0.014811925788862496)
('int_pymt', 0.014915687701980545)
('annual_inc', 0.017518503814242428)
('emp_title_rank', 0.018089328433007833)
('installment', 0.018818564545788726)
('title_upper_pct', 0.019382974491743123)
('short_title_rank', 0.021313064565419183)
('revol_bal', 0.022537722949667324)
('pct_med_inc', 0.024201450704119921)
('emp_length', 0.024366462166421198)
('zip_code', 0.024425936099715731)
('revol_util', 0.024578567546123597)
('urate', 0.025624012610635266)
('dti', 0.025768558010543386)
('med_inc', 0.028578560754762464)
('urate_chg', 0.031835358915929479)
('avg_urate', 0.032370111865496279)
('revol_bal-loan', 0.035233224875205457)
('pymt_pct_inc', 0.042851304235969716)
('credit_length', 0.045562197300284588)
('tok4_clean_title_log_odds', 0.10472230496814756)
('int_rate', 0.21890682386134183)


Forest Parameters
oob_score: False
n_jobs: -1
verbose: 0
min_density: None
compute_importances: None
max_leaf_nodes: None
bootstrap: True
min_samples_leaf: 100
n_estimators: 400
min_samples_split: 2
random_state: None
criterion: mse
max_features: auto
max_depth: None
