OOS Cutoff = 2014-10-01 00:00:00
Int Range: [0,7]
  LAlpha  UAlpha     ROE    DExp    DAct    Rate     Num
  -11.22    4.31    4.17    2.78    2.10    6.27     393
    4.31    4.82    5.25    1.75    1.09    6.34     393
    4.82    5.16    5.34    1.30    0.97    6.30     392
    5.16    5.39    5.92    1.03    0.38    6.31     393
    5.39    5.55    4.56    0.77    1.68    6.24     392
    5.55    5.69    5.47    0.64    0.79    6.27     393
    5.69    5.83    5.56    0.52    0.72    6.28     393
    5.83    6.00    4.69    0.48    1.69    6.38     392
    6.00    6.21    5.09    0.45    1.46    6.56     393
    6.21    6.94    5.98    0.35    0.80    6.78     392

Int Range: [7,10]
  LAlpha  UAlpha     ROE    DExp    DAct    Rate     Num
   -1.93    4.38    5.65    4.68    2.58    8.23    1106
    4.38    5.06    5.62    3.42    2.55    8.17    1106
    5.06    5.52    5.52    2.86    2.64    8.16    1106
    5.52    5.89    5.73    2.41    2.40    8.13    1106
    5.89    6.19    7.07    2.06    1.03    8.10    1106
    6.19    6.45    6.44    1.76    1.64    8.08    1106
    6.45    6.70    6.98    1.53    1.13    8.10    1106
    6.70    6.99    7.38    1.37    0.81    8.20    1106
    6.99    7.44    6.92    1.43    1.70    8.63    1106
    7.44    8.93    7.36    1.20    1.69    9.05    1105

Int Range: [10,12]
  LAlpha  UAlpha     ROE    DExp    DAct    Rate     Num
   -1.52    5.19    6.71    7.06    4.39   11.10    1021
    5.19    6.10    7.50    5.35    3.53   11.03    1020
    6.10    6.74    6.31    4.62    4.73   11.04    1020
    6.74    7.23    8.34    4.04    2.69   11.03    1020
    7.23    7.67    8.11    3.59    2.93   11.04    1020
    7.67    8.06    8.28    3.21    2.80   11.07    1021
    8.06    8.43    7.40    2.82    3.66   11.07    1020
    8.43    8.86    8.99    2.45    2.10   11.08    1020
    8.86    9.38    8.28    2.09    2.91   11.19    1020
    9.38   11.24    9.08    1.60    2.38   11.46    1020

Int Range: [12,13.5]
  LAlpha  UAlpha     ROE    DExp    DAct    Rate     Num
   -5.01    4.48    5.49    9.86    7.41   12.90    1024
    4.48    5.57    6.38    7.80    6.52   12.89    1024
    5.57    6.36    5.95    6.86    6.90   12.85    1024
    6.36    6.97    7.01    6.19    5.86   12.87    1023
    6.97    7.54    7.10    5.61    5.78   12.88    1024
    7.54    8.09    8.54    5.04    4.32   12.86    1024
    8.09    8.58    9.10    4.55    3.78   12.89    1023
    8.58    9.11    8.50    4.03    4.38   12.87    1024
    9.11    9.82    9.23    3.46    3.67   12.90    1024
    9.82   12.33    9.92    2.54    3.06   12.98    1023

Int Range: [13.5,15]
  LAlpha  UAlpha     ROE    DExp    DAct    Rate     Num
   -6.28    4.09    4.29   11.84   10.12   14.41    1033
    4.09    5.43    5.05    9.55    9.31   14.36    1033
    5.43    6.33    7.40    8.48    6.98   14.38    1033
    6.33    7.08    5.42    7.69    8.98   14.40    1033
    7.08    7.76    5.58    6.94    8.80   14.37    1033
    7.76    8.41    7.08    6.31    7.31   14.40    1033
    8.41    9.05    7.43    5.67    6.97   14.39    1033
    9.05    9.75    7.09    4.97    7.28   14.37    1033
    9.75   10.63    7.54    4.23    6.86   14.40    1033
   10.63   13.66   10.31    3.12    4.18   14.49    1032

Int Range: [15,17]
  LAlpha  UAlpha     ROE    DExp    DAct    Rate     Num
  -11.56    2.36    3.20   16.24   13.04   16.23     727
    2.36    4.06    3.34   12.86   12.82   16.16     726
    4.06    5.23    5.20   11.46   10.92   16.12     726
    5.23    6.18    3.99   10.39   12.12   16.12     726
    6.18    7.00    5.36    9.53   10.75   16.11     726
    7.00    7.81    7.87    8.71    8.24   16.11     726
    7.81    8.58    7.47    7.95    8.67   16.14     726
    8.58    9.39    8.42    7.15    7.70   16.11     726
    9.39   10.49    7.58    6.19    8.54   16.12     726
   10.49   13.77   10.90    4.78    5.27   16.17     726

Int Range: [17,20]
  LAlpha  UAlpha     ROE    DExp    DAct    Rate     Num
  -13.00   -0.15   -1.67   21.73   20.42   18.75     669
   -0.15    2.33    1.90   17.25   16.58   18.48     668
    2.33    4.00    3.66   15.21   14.76   18.41     668
    4.00    5.31    3.49   13.65   14.85   18.35     668
    5.31    6.46    3.93   12.50   14.46   18.38     668
    6.46    7.48    5.43   11.39   12.91   18.34     668
    7.48    8.41    6.19   10.36   12.10   18.29     668
    8.41    9.41    6.40    9.42   11.93   18.33     668
    9.41   10.63    7.75    8.31   10.56   18.31     668
   10.63   15.96    7.81    6.60   10.56   18.37     668

Int Range: [20,30]
  LAlpha  UAlpha     ROE    DExp    DAct    Rate     Num
  -16.50   -5.99   -9.18   31.58   32.13   22.95     406
   -5.99   -3.31   -0.37   27.63   23.41   23.03     405
   -3.31   -1.18    3.03   25.00   19.67   22.70     405
   -1.18    0.63   -3.77   22.91   26.42   22.65     406
    0.63    2.46    1.66   21.17   21.07   22.73     405
    2.46    4.15    2.07   19.29   20.55   22.62     405
    4.15    5.75    2.45   17.46   19.97   22.42     406
    5.75    7.54    4.52   15.92   18.02   22.53     405
    7.54    9.52    0.46   13.76   21.78   22.24     405
    9.52   19.29    9.84   11.02   12.66   22.51     405


MinAlpha	ROE	Count
-5	6.44	63066
-4	6.47	62813
-3	6.49	62518
-2	6.50	62185
-1	6.56	61761
0	6.62	61169
1	6.72	60421
2	6.77	59419
3	6.85	57722
4	6.95	54868
5	7.12	49588
6	7.46	39930
7	7.92	28714
8	8.25	19336
9	8.70	11016
10	9.07	5285
11	10.46	2017
12	11.45	650
13	10.75	171
14	13.71	59
15	17.95	22



Forest Importance
('pub_rec', 0.00022910891433005915)
('delinq_2yrs', 0.00091170297120567016)
('term', 0.0018092642364785131)
('even_loan_amnt', 0.0047622171768465808)
('verification_status', 0.0048743088772737371)
('purpose', 0.0051900918747939976)
('mths_since_last_record', 0.0056914733075092974)
('mths_since_last_major_derog', 0.0078616814487682922)
('loan_amnt', 0.012284851656362476)
('home_ownership', 0.013784108543023598)
('inq_last_6mths', 0.014480719764746817)
('open_acc', 0.015627212876735675)
('mths_since_last_delinq', 0.020472629978879123)
('int_pymt', 0.020484966966203787)
('installment', 0.024187303780098025)
('emp_length', 0.024496487930487591)
('total_acc', 0.025832536870723635)
('revol_bal', 0.027959247289808122)
('tok4_capitalization_log_odds', 0.028629814960910941)
('annual_inc', 0.02975747869938488)
('dti', 0.030718891678096751)
('revol_bal_pct_inc', 0.033760790803207687)
('revol_util', 0.033794618155707633)
('revol_bal-loan', 0.035944880998039455)
('clean_title_rank', 0.036519124238590502)
('pct_med_inc', 0.037029944073761124)
('int_pct_inc', 0.038841966191783539)
('urate', 0.042100474262315932)
('pymt_pct_inc', 0.047092401630957903)
('credit_length', 0.055030976546585134)
('tok4_clean_title_log_odds', 0.05509576198755297)
('int_rate', 0.077231626305223552)
('sub_grade', 0.1875113350036072)


Forest Parameters
oob_score: False
n_jobs: -1
verbose: 0
min_density: None
compute_importances: None
max_leaf_nodes: None
bootstrap: True
min_samples_leaf: 100
n_estimators: 200
min_samples_split: 2
random_state: None
criterion: mse
max_features: auto
max_depth: None
