OOS Cutoff = 2014-10-01 00:00:00
Int Range: [0,7]
  LAlpha  UAlpha     ROE    DExp    DAct    Rate     Num
   -6.84    4.41    4.51    2.61    1.77    6.28     393
    4.41    4.92    5.61    1.63    0.71    6.32     392
    4.92    5.23    5.71    1.21    0.58    6.29     392
    5.23    5.44    5.01    0.93    1.26    6.27     393
    5.44    5.59    5.77    0.74    0.49    6.26     392
    5.59    5.72    5.86    0.62    0.42    6.28     392
    5.72    5.85    5.60    0.48    0.67    6.27     393
    5.85    6.03    5.23    0.47    1.17    6.40     392
    6.03    6.25    5.40    0.43    1.17    6.58     392
    6.25    6.94    6.01    0.32    0.77    6.78     392

Int Range: [7,10]
  LAlpha  UAlpha     ROE    DExp    DAct    Rate     Num
   -2.13    4.48    6.70    4.57    1.53    8.23    1106
    4.48    5.15    6.39    3.33    1.78    8.17    1106
    5.15    5.60    5.93    2.79    2.25    8.18    1106
    5.60    5.96    6.13    2.34    2.00    8.13    1106
    5.96    6.23    7.16    2.01    0.94    8.10    1106
    6.23    6.50    6.63    1.68    1.42    8.05    1106
    6.50    6.74    7.29    1.41    0.74    8.03    1106
    6.74    7.03    7.21    1.33    1.00    8.20    1106
    7.03    7.47    7.79    1.45    0.89    8.68    1106
    7.47    8.98    7.92    1.19    1.16    9.08    1105

Int Range: [10,12]
  LAlpha  UAlpha     ROE    DExp    DAct    Rate     Num
   -1.09    5.44    7.42    6.68    3.61   11.03    1021
    5.44    6.32    8.62    5.08    2.38   11.00    1020
    6.32    6.94    7.82    4.40    3.22   11.04    1020
    6.94    7.39    9.11    3.85    1.91   11.02    1020
    7.39    7.80    9.16    3.48    1.91   11.07    1020
    7.80    8.19    8.00    3.03    3.03   11.03    1021
    8.19    8.58    8.32    2.69    2.75   11.08    1020
    8.58    8.96    9.64    2.37    1.50   11.13    1020
    8.96    9.48    8.89    2.02    2.33   11.22    1020
    9.48   11.22   10.20    1.56    1.30   11.50    1020

Int Range: [12,13.5]
  LAlpha  UAlpha     ROE    DExp    DAct    Rate     Num
   -3.39    4.89    7.22    9.32    5.68   12.90    1024
    4.89    5.94    9.07    7.41    3.81   12.88    1024
    5.94    6.68    6.80    6.54    6.06   12.86    1024
    6.68    7.27    8.34    5.89    4.54   12.87    1023
    7.27    7.79    8.33    5.33    4.54   12.87    1024
    7.79    8.30    9.41    4.83    3.46   12.87    1024
    8.30    8.79    9.78    4.33    3.09   12.88    1023
    8.79    9.32    9.73    3.83    3.15   12.88    1024
    9.32    9.96    9.57    3.30    3.34   12.91    1024
    9.96   12.37   11.15    2.45    1.83   12.98    1023

Int Range: [13.5,15]
  LAlpha  UAlpha     ROE    DExp    DAct    Rate     Num
   -3.59    4.46    6.39   11.36    8.02   14.41    1033
    4.46    5.78    7.22    9.18    7.15   14.37    1033
    5.78    6.62    8.30    8.17    6.09   14.38    1033
    6.62    7.34    7.68    7.38    6.70   14.37    1033
    7.34    7.97    8.50    6.73    5.89   14.39    1033
    7.97    8.57    7.94    6.11    6.44   14.38    1033
    8.57    9.23    9.61    5.50    4.79   14.40    1033
    9.23    9.87    8.17    4.84    6.21   14.38    1033
    9.87   10.70    9.30    4.11    5.09   14.39    1033
   10.70   13.37   11.40    3.07    3.09   14.50    1033

Int Range: [15,17]
  LAlpha  UAlpha     ROE    DExp    DAct    Rate     Num
  -12.32    3.30    5.42   15.16   10.86   16.27     727
    3.30    4.86    7.53   12.00    8.65   16.17     726
    4.86    5.90    9.59   10.73    6.53   16.12     726
    5.90    6.76    5.66    9.78   10.46   16.12     726
    6.76    7.53    7.54    8.99    8.60   16.14     726
    7.53    8.25    9.76    8.22    6.36   16.12     726
    8.25    8.97    7.08    7.52    9.05   16.14     726
    8.97    9.76    9.49    6.73    6.60   16.09     726
    9.76   10.78   10.59    5.84    5.50   16.10     726
   10.78   13.84   11.66    4.53    4.48   16.14     726

Int Range: [17,20]
  LAlpha  UAlpha     ROE    DExp    DAct    Rate     Num
  -12.04    0.58    2.17   21.01   16.63   18.80     669
    0.58    2.84    4.46   16.70   14.06   18.52     668
    2.84    4.47    7.24   14.71   11.17   18.41     668
    4.47    5.69    8.60   13.32    9.81   18.40     669
    5.69    6.71    4.95   12.10   13.36   18.31     668
    6.71    7.67    7.90   11.18   10.47   18.38     668
    7.67    8.60    8.37   10.11    9.90   18.27     669
    8.60    9.61    7.53    9.22   10.78   18.31     668
    9.61   10.82   10.65    8.12    7.62   18.27     668
   10.82   15.54   11.24    6.46    7.09   18.34     668

Int Range: [20,30]
  LAlpha  UAlpha     ROE    DExp    DAct    Rate     Num
  -14.23   -5.30   -3.23   30.88   26.42   23.19     406
   -5.30   -2.41    7.01   26.84   16.04   23.05     405
   -2.41   -0.31    2.30   24.05   20.43   22.73     405
   -0.31    1.49    0.37   22.00   22.21   22.59     406
    1.49    3.20    6.28   20.46   16.54   22.82     405
    3.20    4.94    7.31   18.42   15.22   22.53     405
    4.94    6.41    6.14   16.71   16.26   22.39     406
    6.41    8.01    6.22   15.14   16.15   22.36     405
    8.01    9.96    3.29   13.35   19.01   22.30     405
    9.96   18.31   10.54   10.70   11.90   22.44     405


MinAlpha	ROE	Count
-5	7.86	63198
-4	7.87	63023
-3	7.86	62797
-2	7.89	62509
-1	7.93	62131
0	7.96	61690
1	8.01	61050
2	8.04	60167
3	8.09	58791
4	8.14	56328
5	8.28	51500
6	8.54	42195
7	9.03	31013
8	9.39	21180
9	10.01	12577
10	10.84	5983
11	11.29	2345
12	11.91	747
13	12.68	182
14	10.53	65
15	18.02	20



Forest Importance
('pub_rec', 0.00030872951488731209)
('delinq_2yrs', 0.0008847485011549734)
('term', 0.0017706576070170232)
('even_loan_amnt', 0.004676995792434472)
('verification_status', 0.0050161782899397715)
('purpose', 0.005309862949364144)
('mths_since_last_record', 0.0055949748513669491)
('mths_since_last_major_derog', 0.0076296528575932106)
('loan_amnt', 0.012148624102525143)
('home_ownership', 0.013635383309755965)
('inq_last_6mths', 0.014870484290010982)
('open_acc', 0.015619407059870645)
('int_pymt', 0.020305405584455292)
('mths_since_last_delinq', 0.020459491231189886)
('installment', 0.023740384906773434)
('emp_length', 0.024550288557132042)
('total_acc', 0.025686214784546916)
('revol_bal', 0.026997789001970182)
('tok4_capitalization_log_odds', 0.02858901454831585)
('annual_inc', 0.029328471054634337)
('dti', 0.030503646585692983)
('revol_util', 0.033333805824515055)
('revol_bal_pct_inc', 0.033974405698067763)
('clean_title_rank', 0.035225523192382611)
('revol_bal-loan', 0.036088066151678311)
('pct_med_inc', 0.037602218708286728)
('int_pct_inc', 0.03816594165201543)
('urate', 0.043174831602155718)
('pymt_pct_inc', 0.045488724120161465)
('credit_length', 0.056533699973459466)
('tok4_clean_title_log_odds', 0.05661642944595436)
('sub_grade', 0.12484090646254488)
('int_rate', 0.14132904178814698)


Forest Parameters
oob_score: False
n_jobs: -1
verbose: 0
min_density: None
compute_importances: None
max_leaf_nodes: None
bootstrap: True
min_samples_leaf: 100
n_estimators: 400
min_samples_split: 2
random_state: None
criterion: mse
max_features: auto
max_depth: None
