OOS Cutoff = 2013-10-01 00:00:00
Int Range: [0,7]
  LAlpha  UAlpha     ROE    DExp    DAct    Rate     Num
   -0.89    4.48    4.92    2.55    1.42    6.33     212
    4.48    4.89    5.80    1.57    0.47    6.27     212
    4.89    5.15    4.37    1.23    1.89    6.26     212
    5.15    5.35    4.91    1.08    1.42    6.32     212
    5.35    5.51    4.87    0.85    1.42    6.29     212
    5.51    5.66    6.30    0.72    0.00    6.30     212
    5.66    5.80    4.03    0.66    2.36    6.39     212
    5.80    5.97    6.05    0.65    0.47    6.53     212
    5.97    6.19    6.68    0.60    0.00    6.68     212
    6.19    6.84    6.33    0.42    0.47    6.80     212

Int Range: [7,10]
  LAlpha  UAlpha     ROE    DExp    DAct    Rate     Num
    0.12    5.75    5.78    3.04    2.41    8.19    1039
    5.75    6.21    6.77    2.21    1.45    8.22    1038
    6.21    6.52    6.44    1.90    1.83    8.27    1038
    6.52    6.78    6.74    1.73    1.64    8.38    1038
    6.78    7.02    7.07    1.62    1.45    8.52    1038
    7.02    7.28    7.95    1.57    0.77    8.72    1038
    7.28    7.58    7.83    1.65    1.25    9.08    1038
    7.58    7.93    7.86    1.56    1.45    9.30    1038
    7.93    8.31    7.88    1.32    1.54    9.42    1038
    8.31    9.66    7.86    1.04    1.83    9.69    1038

Int Range: [10,12]
  LAlpha  UAlpha     ROE    DExp    DAct    Rate     Num
    1.28    7.06    6.02    5.31    5.50   11.52     782
    7.06    7.69    7.83    4.01    3.59   11.41     781
    7.69    8.14    9.12    3.49    2.30   11.42     781
    8.14    8.49    8.97    3.08    2.43   11.40     781
    8.49    8.79    9.88    2.77    1.54   11.42     781
    8.79    9.10    9.76    2.48    1.66   11.42     781
    9.10    9.40   10.70    2.22    0.77   11.47     781
    9.40    9.72   10.12    1.97    1.41   11.53     781
    9.72   10.10    9.73    1.74    1.92   11.65     781
   10.10   11.45   11.25    1.45    0.64   11.89     781

Int Range: [12,13.5]
  LAlpha  UAlpha     ROE    DExp    DAct    Rate     Num
    1.84    7.71    7.47    6.16    5.46   12.93     403
    7.71    8.52    9.21    4.77    3.72   12.93     403
    8.52    9.05    9.94    4.13    2.99   12.93     402
    9.05    9.48    9.71    3.66    3.23   12.94     403
    9.48    9.84    9.69    3.27    3.23   12.93     402
    9.84   10.16   11.19    2.92    1.74   12.93     403
   10.16   10.49   10.70    2.61    2.23   12.94     403
   10.49   10.80   11.69    2.29    1.24   12.93     402
   10.80   11.17   11.20    1.97    1.74   12.94     403
   11.17   12.47   11.95    1.49    1.00   12.94     402

Int Range: [13.5,15]
  LAlpha  UAlpha     ROE    DExp    DAct    Rate     Num
    2.62    8.21    8.18    7.03    6.05   14.23     992
    8.21    9.04   10.42    5.49    3.73   14.15     992
    9.04    9.59    8.98    4.79    5.14   14.12     992
    9.59   10.04   10.26    4.27    3.83   14.10     992
   10.04   10.42   11.46    3.86    2.62   14.09     991
   10.42   10.80    9.68    3.50    4.44   14.11     992
   10.80   11.14   11.38    3.13    2.72   14.10     992
   11.14   11.53   11.02    2.82    3.12   14.15     992
   11.53   12.01   11.35    2.41    2.82   14.17     992
   12.01   13.77   11.76    1.97    2.62   14.39     991

Int Range: [15,17]
  LAlpha  UAlpha     ROE    DExp    DAct    Rate     Num
    2.19    8.29    7.87    8.89    8.08   15.95     941
    8.29    9.35   10.15    7.03    5.74   15.90     940
    9.35   10.04   11.36    6.12    4.47   15.83     940
   10.04   10.62   10.84    5.50    5.00   15.84     940
   10.62   11.18   11.23    4.90    4.57   15.81     940
   11.18   11.66   11.64    4.36    4.14   15.78     941
   11.66   12.15   11.26    3.92    4.57   15.83     940
   12.15   12.65   13.09    3.46    2.77   15.85     940
   12.65   13.22   12.71    2.99    3.19   15.90     940
   13.22   15.38   12.96    2.43    3.19   16.15     940

Int Range: [17,20]
  LAlpha  UAlpha     ROE    DExp    DAct    Rate     Num
    3.14    9.00    9.70   10.36    8.36   18.06     909
    9.00   10.16   10.19    8.49    7.92   18.11     909
   10.16   10.95    8.99    7.66    9.24   18.24     909
   10.95   11.63   11.71    7.01    6.60   18.31     909
   11.63   12.25   12.60    6.39    5.72   18.32     909
   12.25   12.86   12.82    5.77    5.50   18.32     909
   12.86   13.42   12.06    5.20    6.27   18.33     909
   13.42   14.02   13.62    4.64    4.73   18.35     909
   14.02   14.78   13.98    4.12    4.51   18.49     909
   14.78   17.82   13.84    3.56    5.18   19.02     908

Int Range: [20,30]
  LAlpha  UAlpha     ROE    DExp    DAct    Rate     Num
    5.35   10.88    7.24   12.94   15.49   22.73     665
   10.88   11.89   12.63   11.13    9.92   22.55     665
   11.89   12.61   13.80   10.40    8.87   22.67     665
   12.61   13.23   11.89    9.64   10.68   22.57     665
   13.23   13.76   13.37    9.04    9.17   22.54     665
   13.76   14.31   14.06    8.46    8.42   22.48     665
   14.31   14.88   11.41    7.95   11.13   22.54     665
   14.88   15.47   15.43    7.33    7.07   22.49     665
   15.47   16.25   15.59    6.51    6.77   22.36     665
   16.25   19.11   17.14    5.61    5.42   22.56     664


Forest Importance
('pub_rec', 1.5200786855182584e-05)
('delinq_2yrs', 0.0006331881204244442)
('term', 0.0015993654246400312)
('mths_since_last_record', 0.0019649988729473784)
('title_num_words', 0.0029102772013951937)
('home_ownership', 0.0031021883151241807)
('loan_amnt', 0.0038379935028852439)
('is_inc_v', 0.0044284725461653284)
('even_loan_amnt', 0.0046901044076518286)
('title_upper_count', 0.0069375736735165072)
('open_acc', 0.01032395843826964)
('issue_mth', 0.011130997859189201)
('fico_range_low', 0.012741089222791649)
('emp_length', 0.013211098520403501)
('mod_rate', 0.013312665964785253)
('title_len', 0.014037265866880023)
('max_urate', 0.015447006243728556)
('mths_since_last_delinq', 0.015496841368603631)
('credit_length', 0.016715151955626249)
('urate_range', 0.017746781844911456)
('total_acc', 0.018750968599546714)
('int_pymt', 0.020033969408854012)
('purpose', 0.020094081619821583)
('dti', 0.021032637288112829)
('med_inc', 0.021094884470230113)
('avg_urate', 0.021200848208053708)
('installment', 0.022026169065798764)
('inq_last_6mths', 0.022981254783736006)
('min_urate', 0.023769840434634825)
('urate', 0.024298473425569105)
('short_title_rank', 0.024357861974108653)
('title_first_word_rank', 0.024659054365957847)
('zip_code', 0.024732225656048924)
('title_last_word_rank', 0.026751348286766112)
('revol_util', 0.028410927850939221)
('revol_bal', 0.029744089324584069)
('title_rank', 0.030737929251728781)
('urate_chg', 0.030895103502515443)
('pct_med_inc', 0.033350225356688364)
('hpa4', 0.035484330257053345)
('title_upper_pct', 0.037049101812096565)
('int_rate', 0.039528326364103916)
('revol_bal-loan', 0.042127396278821359)
('annual_inc', 0.058514400791302802)
('sub_grade', 0.14809233148613241)


Forest Parameters
oob_score: False
n_jobs: 1
verbose: 2
min_density: None
compute_importances: None
max_leaf_nodes: None
bootstrap: True
min_samples_leaf: 100
n_estimators: 400
min_samples_split: 2
random_state: None
criterion: mse
max_features: auto
max_depth: None
