OOS Cutoff = 2014-06-01 00:00:00
Int Range: [0,7]
  LAlpha  UAlpha     ROE    DExp    DAct    Rate     Num
   -1.01    4.27    5.77    2.61    0.41    6.18     190
    4.27    4.69    5.59    1.69    0.60    6.19     189
    4.69    4.95    5.15    1.34    1.01    6.17     189
    4.95    5.13    4.82    1.09    1.31    6.13     189
    5.13    5.28    6.17    0.97    0.00    6.17     189
    5.28    5.41    6.17    0.82    0.00    6.17     190
    5.41    5.53    6.22    0.76    0.00    6.22     189
    5.53    5.65    6.04    0.60    0.15    6.19     189
    5.65    5.85    5.92    0.59    0.41    6.33     189
    5.85    6.37    6.07    0.47    0.41    6.49     189

Int Range: [7,10]
  LAlpha  UAlpha     ROE    DExp    DAct    Rate     Num
    1.86    5.32    4.77    3.33    3.18    7.94     602
    5.32    5.89    6.00    2.35    1.98    7.98     601
    5.89    6.26    5.55    1.84    2.38    7.93     601
    6.26    6.52    5.91    1.58    2.07    7.98     601
    6.52    6.76    6.73    1.38    1.29    8.02     601
    6.76    7.00    6.17    1.32    2.03    8.19     601
    7.00    7.26    5.95    1.26    2.43    8.38     601
    7.26    7.55    7.46    1.28    1.22    8.68     601
    7.55    7.95    7.51    1.15    1.38    8.89     601
    7.95    8.93    7.48    0.90    1.67    9.14     601

Int Range: [10,12]
  LAlpha  UAlpha     ROE    DExp    DAct    Rate     Num
   -0.05    6.26    6.52    5.76    4.36   10.88     733
    6.26    7.07    6.53    4.05    4.23   10.76     733
    7.07    7.57    8.26    3.49    2.56   10.82     733
    7.57    7.96    8.09    3.09    2.78   10.86     733
    7.96    8.29    8.44    2.78    2.46   10.90     733
    8.29    8.60    7.40    2.46    3.50   10.91     733
    8.60    8.90    8.52    2.20    2.43   10.95     733
    8.90    9.27    8.45    1.99    2.62   11.07     733
    9.27    9.71    9.88    1.84    1.43   11.31     733
    9.71   11.24    9.81    1.44    1.71   11.52     732

Int Range: [12,13.5]
  LAlpha  UAlpha     ROE    DExp    DAct    Rate     Num
   -2.01    5.40    7.83    8.94    5.18   13.01     773
    5.40    6.48    7.41    6.96    5.54   12.95     773
    6.48    7.14    6.76    6.11    6.17   12.92     773
    7.14    7.71    7.92    5.52    5.03   12.95     773
    7.71    8.19    8.95    4.98    3.98   12.93     773
    8.19    8.65    9.21    4.51    3.72   12.93     773
    8.65    9.12    9.31    4.06    3.63   12.94     773
    9.12    9.62    9.94    3.59    3.01   12.94     773
    9.62   10.25    9.60    3.04    3.37   12.96     773
   10.25   12.46   10.49    2.30    2.57   13.06     772

Int Range: [13.5,15]
  LAlpha  UAlpha     ROE    DExp    DAct    Rate     Num
   -1.86    5.48    5.70   10.35    8.75   14.45     790
    5.48    6.62    7.68    8.35    6.78   14.45     790
    6.62    7.41    7.57    7.38    6.84   14.42     789
    7.41    8.06    7.92    6.70    6.52   14.45     790
    8.06    8.62    8.76    6.13    5.71   14.47     789
    8.62    9.20    8.71    5.57    5.76   14.47     790
    9.20    9.75    9.34    5.02    5.16   14.49     790
    9.75   10.39   10.11    4.42    4.37   14.48     789
   10.39   11.16   10.13    3.71    4.35   14.48     790
   11.16   13.43   11.53    2.75    3.06   14.58     789

Int Range: [15,17]
  LAlpha  UAlpha     ROE    DExp    DAct    Rate     Num
   -4.43    4.44    5.67   13.48   10.70   16.37     636
    4.44    5.92    5.16   11.01   11.11   16.26     635
    5.92    6.89    7.89    9.82    8.37   16.25     635
    6.89    7.74    7.04    8.92    9.20   16.24     635
    7.74    8.44    8.37    8.12    7.84   16.20     635
    8.44    9.12    9.34    7.43    6.87   16.22     635
    9.12    9.78    9.18    6.76    7.02   16.20     635
    9.78   10.52   10.23    6.04    5.95   16.19     635
   10.52   11.42   10.81    5.30    5.43   16.24     635
   11.42   13.97   12.79    4.13    3.48   16.27     635

Int Range: [17,20]
  LAlpha  UAlpha     ROE    DExp    DAct    Rate     Num
   -9.13    2.70   -0.15   18.22   18.61   18.46     555
    2.70    4.64    6.48   14.60   11.89   18.38     554
    4.64    5.93    6.52   13.07   11.86   18.38     555
    5.93    7.10    5.03   11.87   13.37   18.41     554
    7.10    8.03   10.45   10.84    7.97   18.43     555
    8.03    8.94    9.25    9.93    9.18   18.43     554
    8.94    9.70    8.65    9.17    9.84   18.49     555
    9.70   10.65    9.42    8.31    9.03   18.45     554
   10.65   11.84    9.01    7.28    9.50   18.50     555
   11.84   15.28   13.05    5.84    5.58   18.63     554

Int Range: [20,30]
  LAlpha  UAlpha     ROE    DExp    DAct    Rate     Num
  -12.51   -1.04   -0.62   27.44   24.16   23.54     367
   -1.04    1.74   -2.99   22.87   26.28   23.28     367
    1.74    3.88    2.30   19.66   20.25   22.54     367
    3.88    5.42    2.23   17.85   20.25   22.48     367
    5.42    6.82    5.19   15.94   16.90   22.09     367
    6.82    8.13    6.46   14.47   15.51   21.96     367
    8.13    9.58    8.53   13.26   13.55   22.08     367
    9.58   10.90    9.98   11.97   12.22   22.20     367
   10.90   12.60    9.84   10.68   12.56   22.40     367
   12.60   18.56   14.70    8.84    8.23   22.93     367


MinAlpha	ROE	Count
-5	7.86	46310
-4	7.88	46236
-3	7.89	46151
-2	7.92	46048
-1	7.94	45913
0	8.01	45686
1	8.05	45384
2	8.13	44952
3	8.17	44285
4	8.27	43063
5	8.41	40560
6	8.68	35823
7	9.16	29435
8	9.65	21708
9	10.17	14002
10	10.77	7652
11	11.63	3674
12	13.29	1572
13	15.36	566
14	14.90	214
15	17.79	82

Forest Importance
('pub_rec', 0.00022937724909894222)
('delinq_2yrs', 0.00079106861148699409)
('term', 0.0021688606575571427)
('verification_status', 0.0032365160559822987)
('loan_amnt', 0.0036728906451466425)
('purpose', 0.003919628065430468)
('mths_since_last_record', 0.0044234813624120213)
('even_loan_amnt', 0.004747096770927591)
('mths_since_last_major_derog', 0.0055291681427252267)
('home_ownership', 0.010257301862577211)
('open_acc', 0.01124549601879927)
('inq_last_6mths', 0.01410314813369578)
('int_pymt', 0.017121410482815295)
('total_acc', 0.017773273099101591)
('mths_since_last_delinq', 0.019683976681212252)
('installment', 0.022391193685098423)
('revol_bal', 0.023102053449733647)
('emp_length', 0.024089279771553573)
('dti', 0.027292679482038829)
('tok4_capitalization_log_odds', 0.027401956107011457)
('revol_bal_pct_inc', 0.028868881992963634)
('revol_bal-loan', 0.029556731769112898)
('revol_util', 0.029623666848468823)
('clean_title_rank', 0.031613745591639965)
('urate_chg', 0.033210208585068401)
('annual_inc', 0.033282449722872059)
('int_pct_inc', 0.034097643942026558)
('urate', 0.034194484085493054)
('credit_length', 0.034245371059851412)
('pct_med_inc', 0.036312932461534442)
('hpa4', 0.03713851883688396)
('tok4_clean_title_log_odds', 0.046792489496536013)
('pymt_pct_inc', 0.048480881315226598)
('sub_grade', 0.07292815645020459)
('int_rate', 0.22647398150771292)


Forest Parameters
oob_score: False
n_jobs: 8
verbose: 0
min_density: None
compute_importances: None
max_leaf_nodes: None
bootstrap: True
min_samples_leaf: 150
n_estimators: 400
min_samples_split: 2
random_state: None
criterion: mse
max_features: auto
max_depth: None
