OOS Cutoff = 2014-10-01 00:00:00
Int Range: [0,7]
  LAlpha  UAlpha     ROE    DExp    DAct    Rate     Num
  -10.29    4.50    4.99    2.45    1.26    6.25     393
    4.50    4.93    5.25    1.62    1.09    6.35     392
    4.93    5.21    5.07    1.22    1.22    6.29     393
    5.21    5.40    6.04    0.94    0.22    6.25     392
    5.40    5.54    4.72    0.80    1.55    6.27     393
    5.54    5.69    5.51    0.66    0.76    6.27     392
    5.69    5.81    5.55    0.53    0.73    6.28     393
    5.81    5.97    5.52    0.52    0.88    6.40     392
    5.97    6.19    5.00    0.51    1.59    6.59     393
    6.19    6.96    6.19    0.38    0.59    6.78     392

Int Range: [7,10]
  LAlpha  UAlpha     ROE    DExp    DAct    Rate     Num
   -0.81    4.62    6.01    4.34    2.21    8.21    1106
    4.62    5.20    6.10    3.23    2.07    8.17    1106
    5.20    5.61    5.38    2.73    2.77    8.15    1106
    5.61    5.93    6.50    2.37    1.64    8.14    1106
    5.93    6.19    6.50    2.03    1.61    8.10    1106
    6.19    6.44    7.01    1.70    1.01    8.02    1106
    6.44    6.67    6.98    1.52    1.09    8.08    1106
    6.67    6.95    7.19    1.44    1.05    8.24    1106
    6.95    7.39    7.33    1.52    1.34    8.67    1106
    7.39    8.90    7.56    1.28    1.52    9.08    1105

Int Range: [10,12]
  LAlpha  UAlpha     ROE    DExp    DAct    Rate     Num
   -1.09    5.42    7.75    6.69    3.31   11.06    1021
    5.42    6.25    7.67    5.11    3.32   10.99    1020
    6.25    6.83    7.63    4.46    3.38   11.02    1020
    6.83    7.29    7.93    3.96    3.09   11.02    1020
    7.29    7.70    7.55    3.55    3.50   11.05    1020
    7.70    8.07    8.67    3.17    2.40   11.06    1021
    8.07    8.45    8.49    2.83    2.60   11.09    1020
    8.45    8.85    8.90    2.48    2.22   11.12    1020
    8.85    9.37    8.58    2.14    2.66   11.23    1020
    9.37   11.10    9.40    1.65    2.07   11.47    1020

Int Range: [12,13.5]
  LAlpha  UAlpha     ROE    DExp    DAct    Rate     Num
   -3.77    4.86    5.80    9.36    7.11   12.91    1024
    4.86    5.87    7.67    7.46    5.22   12.89    1024
    5.87    6.56    6.25    6.64    6.62   12.87    1024
    6.56    7.14    8.02    6.00    4.83   12.85    1023
    7.14    7.65    7.96    5.48    4.91   12.87    1024
    7.65    8.14    9.20    4.96    3.66   12.86    1024
    8.14    8.62    8.60    4.50    4.28   12.88    1023
    8.62    9.12   10.03    4.03    2.86   12.89    1024
    9.12    9.78    8.86    3.48    4.05   12.91    1024
    9.78   12.02   10.92    2.60    2.04   12.97    1023

Int Range: [13.5,15]
  LAlpha  UAlpha     ROE    DExp    DAct    Rate     Num
   -4.91    4.41    5.89   11.35    8.51   14.39    1033
    4.41    5.67    6.61    9.28    7.77   14.38    1033
    5.67    6.52    6.70    8.24    7.66   14.36    1033
    6.52    7.23    6.13    7.50    8.26   14.38    1033
    7.23    7.87    6.75    6.83    7.62   14.38    1033
    7.87    8.48    6.96    6.20    7.42   14.38    1033
    8.48    9.07    7.78    5.61    6.61   14.39    1033
    9.07    9.72    8.55    4.98    5.82   14.37    1033
    9.72   10.59    8.24    4.27    6.17   14.41    1033
   10.59   13.27   11.17    3.24    3.34   14.51    1032

Int Range: [15,17]
  LAlpha  UAlpha     ROE    DExp    DAct    Rate     Num
  -10.76    2.94    4.34   15.40   11.91   16.25     727
    2.94    4.49    4.82   12.35   11.34   16.15     726
    4.49    5.56    6.36   11.03    9.74   16.10     726
    5.56    6.44    5.72   10.07   10.38   16.11     726
    6.44    7.20    6.43    9.29    9.69   16.12     726
    7.20    7.96    7.78    8.57    8.35   16.13     726
    7.96    8.69    8.85    7.79    7.26   16.11     726
    8.69    9.51    8.89    7.07    7.27   16.17     726
    9.51   10.47    8.92    6.13    7.18   16.10     726
   10.47   13.56   10.82    4.84    5.35   16.17     726

Int Range: [17,20]
  LAlpha  UAlpha     ROE    DExp    DAct    Rate     Num
  -12.23    0.39   -0.45   21.01   19.32   18.87     669
    0.39    2.64    1.84   16.78   16.59   18.43     668
    2.64    4.21    8.08   15.01   10.38   18.46     668
    4.21    5.47    7.13   13.47   11.22   18.35     668
    5.47    6.48    5.79   12.37   12.57   18.37     668
    6.48    7.43    4.42   11.39   13.94   18.36     669
    7.43    8.39    5.36   10.37   12.90   18.27     668
    8.39    9.34    8.59    9.44    9.71   18.30     668
    9.34   10.53    7.57    8.38   10.73   18.30     668
   10.53   15.69    9.39    6.72    8.94   18.33     668

Int Range: [20,30]
  LAlpha  UAlpha     ROE    DExp    DAct    Rate     Num
  -14.69   -5.35   -6.19   30.79   29.31   23.12     406
   -5.35   -2.70    3.74   26.86   19.20   22.94     405
   -2.70   -0.77    2.02   24.58   20.84   22.86     405
   -0.77    1.06   -0.63   22.51   23.32   22.69     406
    1.06    2.80    2.51   20.86   20.28   22.79     405
    2.80    4.38    4.41   18.91   18.09   22.50     405
    4.38    5.94    2.00   17.38   20.53   22.53     406
    5.94    7.58    4.53   15.58   17.78   22.31     405
    7.58    9.61    3.02   13.70   19.20   22.23     405
    9.61   18.25   10.00   10.98   12.44   22.44     405


MinAlpha	ROE	Count
-5	7.06	63214
-4	7.08	63020
-3	7.10	62781
-2	7.10	62435
-1	7.15	62041
0	7.21	61553
1	7.27	60865
2	7.35	59959
3	7.39	58599
4	7.48	56079
5	7.59	51114
6	7.89	41226
7	8.42	29545
8	8.89	19766
9	9.22	11179
10	9.95	5134
11	10.79	1860
12	10.90	529
13	8.21	143
14	12.46	45
15	17.96	17

Forest Importance
('pub_rec', 0.000272117556848958)
('delinq_2yrs', 0.00067498472665824605)
('term', 0.0022371538051248626)
('loan_amnt', 0.0042278346851381448)
('purpose', 0.0043340225083358126)
('verification_status', 0.0045728683925157446)
('even_loan_amnt', 0.0049896478682661793)
('mths_since_last_record', 0.005639482897436294)
('mths_since_last_major_derog', 0.0062218622461885816)
('open_acc', 0.013627109384488252)
('inq_last_6mths', 0.014615576418975288)
('home_ownership', 0.016006663305960386)
('mths_since_last_delinq', 0.018928895194651393)
('int_pymt', 0.020770501179891168)
('total_acc', 0.021787139034293829)
('installment', 0.023501128531854869)
('emp_length', 0.025600701427919891)
('revol_bal', 0.025877945702575702)
('dti', 0.029164912877083438)
('tok4_capitalization_log_odds', 0.029802050406275642)
('revol_util', 0.030330759205315951)
('annual_inc', 0.030345854775994354)
('revol_bal-loan', 0.030759384967894501)
('revol_bal_pct_inc', 0.031389368228022407)
('clean_title_rank', 0.031665296033514069)
('credit_length', 0.032995890476558404)
('pct_med_inc', 0.034511939262256333)
('int_pct_inc', 0.036957703602420976)
('urate', 0.037745931765492707)
('pymt_pct_inc', 0.046607445413015022)
('tok4_clean_title_log_odds', 0.058089115459901169)
('int_rate', 0.114502044813587)
('sub_grade', 0.21124666784554461)


Forest Parameters
oob_score: False
n_jobs: 8
verbose: 0
min_density: None
compute_importances: None
max_leaf_nodes: None
bootstrap: True
min_samples_leaf: 150
n_estimators: 400
min_samples_split: 2
random_state: None
criterion: mse
max_features: auto
max_depth: None
