OOS Cutoff = 2014-04-01 00:00:00
Int Range: [0,7]
  LAlpha  UAlpha     ROE    DExp    DAct    Rate     Num
    1.30    3.79    3.15    3.04    3.10    6.25     128
    3.79    4.37    5.03    2.10    1.19    6.23     127
    4.37    4.70    6.26    1.73    0.00    6.26     127
    4.70    4.94    6.01    1.40    0.21    6.22     127
    4.94    5.12    6.26    1.24    0.00    6.26     127
    5.12    5.30    6.28    1.07    0.00    6.28     128
    5.30    5.45    5.49    0.94    0.82    6.31     127
    5.45    5.63    6.37    0.83    0.00    6.37     127
    5.63    5.90    5.75    0.67    0.67    6.43     127
    5.90    6.44    5.86    0.50    0.73    6.59     127

Int Range: [7,10]
  LAlpha  UAlpha     ROE    DExp    DAct    Rate     Num
    0.20    5.31    5.63    3.61    2.56    8.18     567
    5.31    5.86    6.62    2.56    1.57    8.18     566
    5.86    6.23    6.36    2.14    1.83    8.19     567
    6.23    6.53    6.48    1.87    1.76    8.24     566
    6.53    6.81    7.07    1.63    1.23    8.30     567
    6.81    7.06    6.91    1.51    1.53    8.44     566
    7.06    7.35    7.62    1.33    0.91    8.54     567
    7.35    7.70    7.60    1.37    1.29    8.89     566
    7.70    8.16    8.87    1.25    0.29    9.16     567
    8.16    9.43    8.08    0.91    1.33    9.40     566

Int Range: [10,12]
  LAlpha  UAlpha     ROE    DExp    DAct    Rate     Num
    1.31    6.83    7.72    5.12    3.24   10.96     470
    6.83    7.57    7.38    3.77    3.63   11.01     469
    7.57    8.04    8.44    3.23    2.62   11.05     469
    8.04    8.45    8.69    2.83    2.40   11.08     469
    8.45    8.80    8.90    2.51    2.23   11.13     469
    8.80    9.14    8.44    2.25    2.78   11.23     470
    9.14    9.47    7.59    2.00    3.70   11.30     469
    9.47    9.80    9.24    1.88    2.28   11.52     469
    9.80   10.27    9.13    1.55    2.46   11.59     469
   10.27   11.63    9.25    1.15    2.56   11.82     469

Int Range: [12,13.5]
  LAlpha  UAlpha     ROE    DExp    DAct    Rate     Num
   -2.66    6.42    7.42    7.92    5.58   13.00     535
    6.42    7.40    7.67    5.98    5.28   12.94     535
    7.40    8.07    8.10    5.13    4.78   12.88     535
    8.07    8.60    8.86    4.50    3.98   12.84     535
    8.60    9.08    9.32    3.96    3.49   12.81     535
    9.08    9.47   10.12    3.53    2.69   12.81     535
    9.47    9.85    9.56    3.10    3.20   12.75     535
    9.85   10.28   10.27    2.69    2.48   12.75     535
   10.28   10.78   10.93    2.24    1.82   12.75     535
   10.78   12.21   10.32    1.61    2.47   12.79     534

Int Range: [13.5,15]
  LAlpha  UAlpha     ROE    DExp    DAct    Rate     Num
   -1.92    5.94    6.88    9.69    7.42   14.30     652
    5.94    7.09    7.81    7.72    6.47   14.28     651
    7.09    7.94    8.02    6.71    6.23   14.25     652
    7.94    8.61    7.27    5.94    6.95   14.22     651
    8.61    9.18   10.53    5.36    3.73   14.26     652
    9.18    9.72    8.90    4.80    5.36   14.26     651
    9.72   10.26   10.67    4.27    3.58   14.25     652
   10.26   10.82   11.26    3.71    2.98   14.24     651
   10.82   11.49   10.16    3.15    4.12   14.28     652
   11.49   13.85   12.26    2.31    2.16   14.42     651

Int Range: [15,17]
  LAlpha  UAlpha     ROE    DExp    DAct    Rate     Num
   -7.99    5.22    6.43   12.85    9.77   16.20     580
    5.22    6.78    6.22   10.02    9.87   16.09     580
    6.78    7.81   10.46    8.64    5.52   15.98     580
    7.81    8.60   10.03    7.69    5.90   15.93     579
    8.60    9.26    9.45    6.96    6.43   15.89     580
    9.26    9.96    9.44    6.24    6.41   15.86     580
    9.96   10.59   10.03    5.56    5.81   15.84     579
   10.59   11.28   10.88    4.89    4.93   15.81     580
   11.28   12.13   12.61    4.14    3.22   15.84     580
   12.13   14.54   11.95    3.09    3.97   15.92     579

Int Range: [17,20]
  LAlpha  UAlpha     ROE    DExp    DAct    Rate     Num
   -8.73    3.23    3.87   17.95   14.73   18.60     559
    3.23    5.24    5.49   14.26   13.07   18.56     559
    5.24    6.68    6.66   12.63   11.94   18.61     559
    6.68    7.79    7.49   11.24   11.01   18.50     558
    7.79    8.77   11.42   10.26    7.13   18.55     559
    8.77    9.63   11.44    9.38    7.13   18.57     559
    9.63   10.56   11.03    8.51    7.58   18.61     558
   10.56   11.45   10.52    7.63    8.11   18.63     559
   11.45   12.62   12.74    6.66    5.95   18.68     559
   12.62   17.01   13.87    5.23    5.00   18.86     558

Int Range: [20,30]
  LAlpha  UAlpha     ROE    DExp    DAct    Rate     Num
  -14.16    0.07   -2.04   26.88   25.47   23.43     327
    0.07    3.14    2.32   21.01   20.45   22.77     326
    3.14    5.19    5.09   18.23   17.35   22.44     326
    5.19    6.70    5.54   16.50   16.94   22.48     327
    6.70    7.93    8.96   14.84   13.19   22.15     326
    7.93    9.21   11.21   13.46   10.82   22.03     326
    9.21   10.42    8.61   12.25   13.46   22.07     327
   10.42   11.55    9.02   11.09   13.06   22.08     326
   11.55   13.20   11.60   10.09   10.83   22.44     326
   13.20   19.95   13.41    8.22    9.40   22.82     326


MinAlpha	ROE	Count
-5	8.71	38048
-4	8.74	38012
-3	8.77	37954
-2	8.79	37871
-1	8.80	37756
0	8.83	37613
1	8.84	37414
2	8.86	37118
3	8.93	36652
4	9.01	35799
5	9.14	34104
6	9.49	30954
7	9.87	26554
8	10.22	21214
9	10.53	15480
10	11.29	9797
11	11.99	5146
12	12.73	2416
13	13.48	1010
14	14.78	382
15	12.13	130

Forest Importance
('urate', 5.6889936123452739e-05)
('avg_urate', 9.9057728393197968e-05)
('urate_chg', 0.00011418347946657723)
('pub_rec', 0.00028284717435921399)
('delinq_2yrs', 0.0018140985342524143)
('term', 0.0019133661172613659)
('verification_status', 0.0032696451451087478)
('mths_since_last_record', 0.0032868427215805829)
('loan_amnt', 0.0039765458554913676)
('even_loan_amnt', 0.0040817788696933645)
('purpose', 0.0053056352373350964)
('mod_rate', 0.0079909114338174245)
('home_ownership', 0.0097156898808896525)
('inq_last_6mths', 0.012060485062182475)
('open_acc', 0.013284442130571086)
('fico_range_low', 0.016560599466749787)
('mths_since_last_delinq', 0.019655975281225552)
('total_acc', 0.019807192971067075)
('int_pymt', 0.020108720798195246)
('clean_title_rank', 0.020812247207592591)
('tok4_capitalization_log_odds', 0.021892405309775848)
('emp_title_rank', 0.022705413286271542)
('installment', 0.025054454468541501)
('revol_bal', 0.025564236118248096)
('emp_length', 0.025585244793648095)
('short_title_rank', 0.027311983138008977)
('dti', 0.028991350674695059)
('annual_inc', 0.029258674186020843)
('zip_code', 0.029368824330310482)
('revol_util', 0.030219438209207597)
('credit_length', 0.031925986928926745)
('pct_med_inc', 0.033008217400835219)
('revol_bal_pct_inc', 0.033338715140943151)
('revol_bal-loan', 0.033586450667647788)
('med_inc', 0.035148912219807524)
('hpa4', 0.043128986754362372)
('pymt_pct_inc', 0.052711895731434269)
('sub_grade', 0.053011932609965479)
('tok4_clean_title_log_odds', 0.062717637195692386)
('int_rate', 0.19127208580430061)


Forest Parameters
oob_score: False
n_jobs: 8
verbose: 0
min_density: None
compute_importances: None
max_leaf_nodes: None
bootstrap: True
min_samples_leaf: 100
n_estimators: 400
min_samples_split: 2
random_state: None
criterion: mse
max_features: auto
max_depth: None
