OOS Cutoff = 2014-06-01 00:00:00
Int Range: [0,7]
  LAlpha  UAlpha     ROE    DExp    DAct    Rate     Num
   -0.52    4.16    5.75    2.79    0.45    6.20     190
    4.16    4.67    5.44    1.75    0.74    6.18     189
    4.67    4.98    5.22    1.32    0.94    6.16     189
    4.98    5.21    5.75    1.10    0.45    6.20     189
    5.21    5.38    5.56    0.86    0.60    6.16     189
    5.38    5.52    6.18    0.73    0.00    6.18     190
    5.52    5.65    6.03    0.58    0.14    6.17     189
    5.65    5.77    6.20    0.49    0.00    6.20     189
    5.77    5.95    5.40    0.45    0.90    6.30     189
    5.95    6.42    6.49    0.37    0.00    6.49     189

Int Range: [7,10]
  LAlpha  UAlpha     ROE    DExp    DAct    Rate     Num
    1.56    5.25    5.24    3.48    2.71    7.96     602
    5.25    5.85    6.66    2.43    1.35    8.01     602
    5.85    6.25    6.62    1.94    1.38    8.00     601
    6.25    6.56    6.54    1.53    1.41    7.94     602
    6.56    6.82    6.39    1.35    1.65    8.04     601
    6.82    7.06    5.77    1.23    2.40    8.17     602
    7.06    7.32    6.85    1.20    1.54    8.39     602
    7.32    7.64    7.56    1.12    1.04    8.60     601
    7.64    8.01    7.58    1.06    1.30    8.88     602
    8.01    8.89    7.67    0.83    1.48    9.15     601

Int Range: [10,12]
  LAlpha  UAlpha     ROE    DExp    DAct    Rate     Num
    0.25    6.14    7.85    5.69    2.94   10.79     734
    6.14    7.01    8.42    4.19    2.38   10.81     734
    7.01    7.56    7.99    3.51    2.82   10.81     734
    7.56    7.98    8.57    3.08    2.29   10.85     733
    7.98    8.33    9.35    2.73    1.54   10.89     734
    8.33    8.67    9.28    2.42    1.64   10.92     734
    8.67    9.01    8.72    2.16    2.28   11.00     733
    9.01    9.39    8.28    1.90    2.82   11.10     734
    9.39    9.84    9.62    1.72    1.70   11.31     734
    9.84   11.19   10.24    1.30    1.26   11.50     733

Int Range: [12,13.5]
  LAlpha  UAlpha     ROE    DExp    DAct    Rate     Num
   -2.30    5.73    9.21    8.58    3.78   12.99     774
    5.73    6.76    8.72    6.63    4.22   12.94     773
    6.76    7.42    8.33    5.81    4.60   12.93     773
    7.42    7.96    9.75    5.24    3.18   12.93     773
    7.96    8.43    9.38    4.72    3.55   12.93     773
    8.43    8.88    9.09    4.30    3.86   12.95     774
    8.88    9.32   11.01    3.85    1.93   12.94     773
    9.32    9.79    9.87    3.38    3.07   12.94     773
    9.79   10.38   10.34    2.90    2.64   12.98     773
   10.38   12.57   11.54    2.19    1.55   13.09     773

Int Range: [13.5,15]
  LAlpha  UAlpha     ROE    DExp    DAct    Rate     Num
   -2.48    5.64    7.64   10.20    6.80   14.44     790
    5.64    6.78    8.68    8.19    5.76   14.44     790
    6.78    7.54    8.88    7.29    5.59   14.47     790
    7.54    8.16   10.71    6.56    3.72   14.43     790
    8.16    8.72    9.55    6.00    4.90   14.45     790
    8.72    9.30   11.03    5.45    3.44   14.46     790
    9.30    9.91   10.73    4.87    3.74   14.47     790
    9.91   10.52   11.36    4.29    3.13   14.49     790
   10.52   11.30   10.44    3.62    4.05   14.49     790
   11.30   13.83   12.24    2.63    2.35   14.59     790

Int Range: [15,17]
  LAlpha  UAlpha     ROE    DExp    DAct    Rate     Num
   -4.83    4.77    6.98   13.47    9.46   16.44     636
    4.77    6.17    8.09   10.75    8.18   16.28     635
    6.17    7.15    7.91    9.57    8.33   16.25     635
    7.15    7.95   11.10    8.65    5.11   16.21     635
    7.95    8.68   10.22    7.89    6.00   16.22     635
    8.68    9.36   11.25    7.21    4.97   16.23     636
    9.36   10.04   10.58    6.50    5.63   16.21     635
   10.04   10.79   11.21    5.78    4.97   16.18     635
   10.79   11.63   12.44    5.01    3.77   16.21     635
   11.63   14.39   12.41    3.85    3.82   16.23     635

Int Range: [17,20]
  LAlpha  UAlpha     ROE    DExp    DAct    Rate     Num
  -13.00    2.91    3.43   18.28   15.04   18.47     555
    2.91    4.83    9.42   14.44    8.96   18.37     555
    4.83    6.19    8.92   12.88    9.49   18.41     555
    6.19    7.30    8.17   11.66   10.25   18.42     555
    7.30    8.30    9.85   10.54    8.53   18.38     555
    8.30    9.14   12.72    9.71    5.72   18.43     555
    9.14    9.95   11.70    8.93    6.78   18.48     555
    9.95   10.89   10.04    8.05    8.42   18.46     555
   10.89   12.00   11.14    7.09    7.36   18.50     555
   12.00   15.63   14.49    5.66    4.14   18.63     555

Int Range: [20,30]
  LAlpha  UAlpha     ROE    DExp    DAct    Rate     Num
  -13.24   -1.15    5.77   27.83   17.94   23.71     368
   -1.15    1.66    4.20   22.71   18.94   23.14     367
    1.66    3.97    4.94   19.73   17.71   22.65     367
    3.97    5.57    7.07   17.49   15.21   22.28     367
    5.57    6.99    2.53   16.03   19.78   22.31     367
    6.99    8.23   10.04   14.52   12.10   22.13     367
    8.23    9.52   10.17   13.16   11.86   22.03     367
    9.52   11.00   10.04   11.95   12.16   22.20     367
   11.00   12.73   13.92   10.41    8.28   22.20     367
   12.73   18.59   17.18    8.54    5.67   22.85     367


MinAlpha	ROE	Count
-5	9.12	46324
-4	9.14	46251
-3	9.15	46172
-2	9.16	46063
-1	9.17	45914
0	9.20	45717
1	9.22	45433
2	9.23	45008
3	9.30	44395
4	9.34	43242
5	9.49	40993
6	9.71	36398
7	10.23	30414
8	10.67	22844
9	11.12	15090
10	11.77	8604
11	13.02	4196
12	14.12	1822
13	15.63	702
14	16.52	242
15	16.45	113

Forest Importance
('pub_rec', 0.00032329508738893097)
('delinq_2yrs', 0.0011457110728949787)
('term', 0.0023875055705643235)
('verification_status', 0.0039214904837090387)
('loan_amnt', 0.0047775848377368648)
('even_loan_amnt', 0.0049713761009318926)
('purpose', 0.0051251142730808583)
('mths_since_last_record', 0.005475886292969254)
('home_ownership', 0.01051101244937298)
('inq_last_6mths', 0.013827733518631601)
('open_acc', 0.014154984646018182)
('total_acc', 0.023071299347245829)
('mths_since_last_delinq', 0.024129320314380483)
('int_pymt', 0.024139171679367209)
('emp_length', 0.025035326736761031)
('tok4_capitalization_log_odds', 0.025560025867234742)
('installment', 0.026813825645725368)
('revol_bal', 0.029405142700936991)
('dti', 0.029801601302120347)
('urate', 0.032217204279632303)
('avg_urate', 0.033332194747295582)
('credit_length', 0.033980798129235781)
('revol_util', 0.034235328612171878)
('revol_bal_pct_inc', 0.034760856664997009)
('annual_inc', 0.03490625391633026)
('revol_bal-loan', 0.0357579588725132)
('clean_title_rank', 0.03847651030181036)
('pct_med_inc', 0.04000535292527993)
('urate_chg', 0.042762821514644465)
('tok4_clean_title_log_odds', 0.047822401815424777)
('sub_grade', 0.049379435295404138)
('pymt_pct_inc', 0.061655849248967193)
('int_rate', 0.20612962574922247)


Forest Parameters
oob_score: False
n_jobs: 8
verbose: 0
min_density: None
compute_importances: None
max_leaf_nodes: None
bootstrap: True
min_samples_leaf: 100
n_estimators: 400
min_samples_split: 2
random_state: None
criterion: mse
max_features: auto
max_depth: None
