OOS Cutoff = 2014-03-01 00:00:00
Int Range: [0,7]
  LAlpha  UAlpha     ROE    DExp    DAct    Rate     Num
    0.43    3.74    5.15    3.29    1.21    6.36      94
    3.74    4.22    6.29    2.28    0.00    6.29      94
    4.22    4.64    6.35    1.89    0.00    6.35      94
    4.64    4.90    6.32    1.52    0.00    6.32      93
    4.90    5.14    6.05    1.30    0.28    6.32      94
    5.14    5.32    6.33    1.11    0.00    6.33      94
    5.32    5.51    5.15    0.96    1.23    6.37      93
    5.51    5.72    6.38    0.77    0.00    6.38      94
    5.72    5.98    5.65    0.71    0.91    6.56      94
    5.98    6.53    6.62    0.47    0.00    6.62      93

Int Range: [7,10]
  LAlpha  UAlpha     ROE    DExp    DAct    Rate     Num
    0.38    5.22    6.17    3.91    2.13    8.29     547
    5.22    5.84    6.95    2.77    1.35    8.31     546
    5.84    6.27    7.27    2.30    1.10    8.37     546
    6.27    6.61    6.79    1.94    1.60    8.39     547
    6.61    6.88    7.63    1.66    0.78    8.41     546
    6.88    7.13    7.41    1.48    1.08    8.49     546
    7.13    7.44    7.24    1.34    1.37    8.61     547
    7.44    7.84    8.67    1.52    0.48    9.15     546
    7.84    8.26    7.72    1.26    1.58    9.30     546
    8.26    9.37    8.32    0.94    1.22    9.54     546

Int Range: [10,12]
  LAlpha  UAlpha     ROE    DExp    DAct    Rate     Num
    1.08    6.87    9.45    5.58    1.88   11.33     374
    6.87    7.67    9.19    4.00    2.13   11.31     374
    7.67    8.16    9.35    3.49    2.07   11.42     374
    8.16    8.56    9.43    3.05    1.98   11.42     374
    8.56    8.89    9.97    2.71    1.47   11.44     374
    8.89    9.19    9.74    2.46    1.77   11.51     374
    9.19    9.48    9.42    2.23    2.15   11.57     374
    9.48    9.83   10.29    1.99    1.35   11.64     374
    9.83   10.22    9.16    1.73    2.58   11.75     374
   10.22   11.47   10.85    1.31    1.09   11.93     374

Int Range: [12,13.5]
  LAlpha  UAlpha     ROE    DExp    DAct    Rate     Num
    1.44    6.97   10.47    6.92    2.38   12.85     436
    6.97    7.83    7.74    5.40    5.08   12.82     436
    7.83    8.44    8.25    4.66    4.55   12.80     436
    8.44    8.90    9.98    4.08    2.78   12.75     436
    8.90    9.27    9.97    3.66    2.78   12.75     436
    9.27    9.60    9.99    3.28    2.73   12.71     436
    9.60    9.93   10.67    2.95    2.04   12.71     436
    9.93   10.31   10.93    2.62    1.80   12.73     436
   10.31   10.72   10.38    2.22    2.34   12.72     436
   10.72   12.21   10.95    1.64    1.78   12.73     436

Int Range: [13.5,15]
  LAlpha  UAlpha     ROE    DExp    DAct    Rate     Num
   -0.07    6.51    9.33    8.82    4.87   14.21     628
    6.51    7.53    8.79    7.10    5.36   14.16     627
    7.53    8.28    9.78    6.24    4.37   14.16     628
    8.28    8.88    9.10    5.59    5.06   14.16     627
    8.88    9.37    9.04    5.00    5.09   14.13     628
    9.37    9.87    9.66    4.52    4.48   14.14     627
    9.87   10.35   10.90    4.03    3.26   14.16     628
   10.35   10.83   10.78    3.56    3.37   14.15     627
   10.83   11.39   11.64    3.07    2.52   14.17     628
   11.39   13.16   10.93    2.37    3.34   14.27     627

Int Range: [15,17]
  LAlpha  UAlpha     ROE    DExp    DAct    Rate     Num
   -1.70    6.13    8.05   11.30    7.90   15.95     581
    6.13    7.42    8.80    9.04    7.09   15.88     581
    7.42    8.31    8.03    7.97    7.82   15.85     581
    8.31    8.99    9.61    7.12    6.17   15.78     581
    8.99    9.59   11.23    6.46    4.53   15.76     581
    9.59   10.14   11.78    5.88    3.96   15.74     581
   10.14   10.72   11.98    5.32    3.77   15.75     581
   10.72   11.24   12.13    4.75    3.60   15.73     581
   11.24   11.96   12.24    4.17    3.50   15.74     581
   11.96   15.05   13.38    3.23    2.38   15.75     580

Int Range: [17,20]
  LAlpha  UAlpha     ROE    DExp    DAct    Rate     Num
   -7.94    4.11    4.81   16.61   13.75   18.56     568
    4.11    5.83   10.49   13.52    8.08   18.57     567
    5.83    7.06    9.47   12.03    9.03   18.50     568
    7.06    8.07   11.69   11.00    6.91   18.60     567
    8.07    8.89   10.22   10.10    8.38   18.60     567
    8.89    9.67   12.52    9.37    6.14   18.65     568
    9.67   10.50   11.57    8.56    7.05   18.62     567
   10.50   11.33   12.84    7.89    5.94   18.78     568
   11.33   12.43   14.31    6.97    4.52   18.83     567
   12.43   16.48   14.42    5.65    4.62   19.03     567

Int Range: [20,30]
  LAlpha  UAlpha     ROE    DExp    DAct    Rate     Num
  -16.45    1.04    0.18   26.17   23.28   23.46     330
    1.04    3.85    7.79   20.43   15.20   22.99     329
    3.85    5.90   10.64   17.66   12.02   22.66     330
    5.90    7.29   10.82   15.94   11.70   22.53     329
    7.29    8.46   12.23   14.33   10.00   22.22     329
    8.46    9.54   11.44   13.28   10.83   22.26     330
    9.54   10.67    6.44   11.79   15.46   21.90     329
   10.67   11.75   10.43   10.88   11.64   22.07     330
   11.75   13.26   11.46    9.61   10.57   22.03     329
   13.26   19.06   14.43    7.96    8.02   22.45     329


MinAlpha	ROE	Count
-5	9.76	35478
-4	9.79	35458
-3	9.80	35426
-2	9.82	35380
-1	9.81	35301
0	9.84	35215
1	9.85	35081
2	9.89	34849
3	9.93	34472
4	9.96	33818
5	10.02	32484
6	10.20	29937
7	10.45	26048
8	10.82	21156
9	11.21	15650
10	11.68	9810
11	12.49	4981
12	13.77	2122
13	15.07	830
14	14.96	317
15	15.23	118

Forest Importance
('pub_rec', 0.00015515535060026762)
('delinq_2yrs', 0.0017774135144383648)
('term', 0.0018327909843016041)
('mths_since_last_record', 0.0025610621590833687)
('is_inc_v', 0.0032861740580908448)
('loan_amnt', 0.0033876406596334879)
('purpose', 0.0036306862330422488)
('even_loan_amnt', 0.0043225316679962348)
('mod_rate', 0.0069104842618842753)
('home_ownership', 0.0084253830952721719)
('inq_last_6mths', 0.0089456800947792341)
('open_acc', 0.011815493691603333)
('fico_range_low', 0.014875921550847125)
('total_acc', 0.015760164396508111)
('mths_since_last_delinq', 0.01611338605053354)
('int_pymt', 0.018213156028334121)
('clean_title_rank', 0.018455196283579403)
('emp_title_rank', 0.018730509432025231)
('installment', 0.019818541215043416)
('zip_code', 0.020913522612963354)
('revol_bal', 0.021051000809113322)
('revol_util', 0.023626260462365361)
('short_title_rank', 0.023940884801500677)
('dti', 0.024044627648349012)
('urate', 0.024764500533731769)
('emp_length', 0.025298137371728809)
('annual_inc', 0.026062262595538021)
('tok4_capitalization_log_odds', 0.026308991109199951)
('med_inc', 0.026759553819457441)
('pct_med_inc', 0.027561468657826427)
('credit_length', 0.028336887776319614)
('avg_urate', 0.028381828518428017)
('urate_chg', 0.029061342152451038)
('revol_bal_pct_inc', 0.030013627824948451)
('revol_bal-loan', 0.030697900304565352)
('hpa4', 0.031114749161607426)
('urate_range', 0.032633718966244778)
('pymt_pct_inc', 0.04692564985907105)
('sub_grade', 0.04743327570055194)
('tok4_clean_title_log_odds', 0.047747689707381726)
('int_rate', 0.19830474887906011)


Forest Parameters
oob_score: False
n_jobs: 8
verbose: 0
min_density: None
compute_importances: None
max_leaf_nodes: None
bootstrap: True
min_samples_leaf: 100
n_estimators: 400
min_samples_split: 2
random_state: None
criterion: mse
max_features: auto
max_depth: None
