OOS Cutoff = 2014-08-01 00:00:00
Int Range: [0,7]
  LAlpha  UAlpha     ROE    DExp    DAct    Rate     Num
   -7.95    4.38    5.02    2.48    1.19    6.21     185
    4.38    4.86    5.59    1.57    0.62    6.20     185
    4.86    5.12    5.56    1.18    0.62    6.18     185
    5.12    5.29    6.16    0.95    0.00    6.16     185
    5.29    5.43    6.14    0.78    0.00    6.14     185
    5.43    5.56    5.50    0.62    0.62    6.12     185
    5.56    5.67    5.31    0.54    0.84    6.15     185
    5.67    5.79    5.14    0.45    1.04    6.17     185
    5.79    5.99    6.37    0.49    0.00    6.37     185
    5.99    6.37    6.49    0.36    0.00    6.49     184

Int Range: [7,10]
  LAlpha  UAlpha     ROE    DExp    DAct    Rate     Num
    0.32    4.94    5.01    3.76    2.94    7.95     461
    4.94    5.53    4.95    2.75    3.07    8.02     461
    5.53    5.92    5.55    2.18    2.38    7.92     461
    5.92    6.21    5.63    1.87    2.30    7.94     461
    6.21    6.44    6.31    1.63    1.64    7.96     460
    6.44    6.67    7.03    1.48    1.00    8.03     461
    6.67    6.93    6.29    1.34    1.84    8.13     461
    6.93    7.27    6.60    1.45    1.94    8.54     461
    7.27    7.67    7.32    1.36    1.50    8.82     461
    7.67    8.73    7.19    1.07    1.90    9.09     460

Int Range: [10,12]
  LAlpha  UAlpha     ROE    DExp    DAct    Rate     Num
    0.63    6.02    5.87    5.88    4.94   10.81     450
    6.02    6.83    6.84    4.26    3.88   10.72     450
    6.83    7.37    8.85    3.62    1.90   10.75     450
    7.37    7.74    6.88    3.32    4.00   10.89     450
    7.74    8.12    8.47    2.98    2.44   10.91     450
    8.12    8.44    7.03    2.65    3.90   10.93     450
    8.44    8.75    7.46    2.31    3.44   10.90     450
    8.75    9.10    9.25    2.08    1.74   10.99     450
    9.10    9.59    8.72    1.90    2.51   11.23     450
    9.59   11.10   10.44    1.45    1.00   11.44     450

Int Range: [12,13.5]
  LAlpha  UAlpha     ROE    DExp    DAct    Rate     Num
   -2.41    5.36    4.94    8.94    8.01   12.95     446
    5.36    6.30    6.39    7.02    6.51   12.90     446
    6.30    7.01    7.57    6.26    5.35   12.92     446
    7.01    7.58    6.73    5.65    6.23   12.96     446
    7.58    8.14    9.01    5.05    3.92   12.93     445
    8.14    8.60    7.06    4.56    5.87   12.94     446
    8.60    9.05    7.24    4.13    5.71   12.95     446
    9.05    9.53    9.41    3.65    3.51   12.92     446
    9.53   10.17    8.31    3.15    4.67   12.97     446
   10.17   12.30    9.61    2.31    3.43   13.04     445

Int Range: [13.5,15]
  LAlpha  UAlpha     ROE    DExp    DAct    Rate     Num
   -2.00    4.93    5.99   10.93    8.49   14.48     436
    4.93    6.08    4.51    8.97    9.98   14.48     436
    6.08    6.99    5.91    7.89    8.51   14.42     436
    6.99    7.68    7.43    7.10    7.00   14.43     436
    7.68    8.33    6.71    6.45    7.75   14.46     436
    8.33    8.93    9.83    5.82    4.62   14.45     436
    8.93    9.59    9.02    5.22    5.46   14.47     436
    9.59   10.24    8.88    4.53    5.55   14.43     436
   10.24   11.05    9.56    3.77    4.84   14.40     436
   11.05   13.79   11.75    2.86    2.81   14.56     435

Int Range: [15,17]
  LAlpha  UAlpha     ROE    DExp    DAct    Rate     Num
   -7.74    3.91   -1.72   14.51   18.10   16.39     343
    3.91    5.43    4.71   11.48   11.51   16.22     342
    5.43    6.53    7.43   10.27    8.81   16.25     342
    6.53    7.34    7.91    9.32    8.37   16.28     343
    7.34    8.11    5.38    8.52   10.86   16.24     342
    8.11    8.82    9.65    7.80    6.60   16.26     342
    8.82    9.56    7.69    7.09    8.58   16.27     343
    9.56   10.43    9.15    6.21    7.03   16.18     342
   10.43   11.36   10.50    5.34    5.73   16.23     342
   11.36   14.06   10.10    4.19    6.25   16.35     342

Int Range: [17,20]
  LAlpha  UAlpha     ROE    DExp    DAct    Rate     Num
   -9.71    2.18   -2.96   18.84   21.55   18.59     319
    2.18    4.45    6.43   15.09   12.10   18.54     319
    4.45    5.80    6.77   13.28   11.70   18.47     319
    5.80    6.96    5.10   12.07   13.37   18.47     319
    6.96    7.89    7.28   10.98   11.15   18.43     318
    7.89    8.84    7.22    9.96   11.10   18.32     319
    8.84    9.66    7.09    9.11   11.26   18.36     319
    9.66   10.52    9.01    8.33    9.38   18.39     319
   10.52   11.84    9.93    7.38    8.53   18.47     319
   11.84   15.36   10.30    5.72    8.22   18.52     318

Int Range: [20,30]
  LAlpha  UAlpha     ROE    DExp    DAct    Rate     Num
  -15.61   -3.10   -0.67   29.29   23.76   23.08     299
   -3.10    0.05   -3.57   24.55   26.65   23.08     298
    0.05    2.43    2.91   21.68   20.05   22.95     299
    2.43    4.24   -0.04   19.54   22.93   22.89     298
    4.24    6.04    3.38   17.68   19.44   22.82     298
    6.04    7.63    9.27   15.96   13.59   22.86     299
    7.63    9.16   10.37   14.54   12.57   22.94     298
    9.16   10.99    6.24   12.83   16.64   22.88     299
   10.99   13.25   10.00   10.77   12.83   22.82     298
   13.25   19.47   11.14    8.43   12.38   23.53     298


MinAlpha	ROE	Count
-5	7.01	29185
-4	7.01	29117
-3	7.04	29024
-2	7.10	28904
-1	7.12	28769
0	7.19	28581
1	7.29	28323
2	7.35	27968
3	7.40	27516
4	7.55	26613
5	7.72	24802
6	8.12	20853
7	8.56	16372
8	8.94	11812
9	9.32	7537
10	10.26	4171
11	10.71	2131
12	10.53	1024
13	11.92	492
14	13.72	247
15	15.38	153

Forest Importance
('pub_rec', 0.00022192741188901158)
('delinq_2yrs', 0.00081885072296829914)
('term', 0.0017959123341745637)
('verification_status', 0.0031306741453818628)
('purpose', 0.0041369299791759514)
('loan_amnt', 0.0042199077978209943)
('mths_since_last_record', 0.0045231463996442504)
('even_loan_amnt', 0.0048992425141529041)
('mths_since_last_major_derog', 0.0062101875549062076)
('open_acc', 0.0125502564068875)
('home_ownership', 0.014515264807290649)
('inq_last_6mths', 0.01496777157152524)
('int_pymt', 0.018044853300770651)
('mths_since_last_delinq', 0.019501012848298055)
('total_acc', 0.020803404604034122)
('installment', 0.021240551238377155)
('revol_bal', 0.024720446035040766)
('emp_length', 0.024948424333175533)
('dti', 0.02609616209359035)
('revol_util', 0.029809327628360794)
('tok4_capitalization_log_odds', 0.030369463873892166)
('revol_bal_pct_inc', 0.030470733563731631)
('revol_bal-loan', 0.030906764161354471)
('annual_inc', 0.030950295156204587)
('clean_title_rank', 0.031612266679777561)
('credit_length', 0.0323663427169847)
('pct_med_inc', 0.034201995545837624)
('urate', 0.03613390091308151)
('int_pct_inc', 0.036199289264718076)
('hpa4', 0.040482881977986357)
('pymt_pct_inc', 0.049689219588171636)
('tok4_clean_title_log_odds', 0.050705778329635104)
('sub_grade', 0.13273440103472597)
('int_rate', 0.17602241346643369)


Forest Parameters
oob_score: False
n_jobs: 8
verbose: 0
min_density: None
compute_importances: None
max_leaf_nodes: None
bootstrap: True
min_samples_leaf: 150
n_estimators: 400
min_samples_split: 2
random_state: None
criterion: mse
max_features: auto
max_depth: None
