OOS Cutoff = 2014-01-01 00:00:00
Int Range: [0,7]
  LAlpha  UAlpha     ROE    DExp    DAct    Rate     Num
    0.66    3.55    3.88    3.48    2.45    6.33      93
    3.55    4.11    5.07    2.43    1.21    6.29      92
    4.11    4.48    4.40    1.96    1.84    6.24      93
    4.48    4.75    5.10    1.71    1.24    6.34      92
    4.75    4.94    6.37    1.52    0.00    6.37      92
    4.94    5.17    6.35    1.29    0.00    6.35      93
    5.17    5.40    6.34    1.06    0.00    6.34      92
    5.40    5.59    6.33    0.85    0.00    6.33      93
    5.59    5.87    6.22    0.79    0.28    6.50      92
    5.87    6.48    5.89    0.53    0.72    6.61      92

Int Range: [7,10]
  LAlpha  UAlpha     ROE    DExp    DAct    Rate     Num
    0.83    5.22    6.30    3.53    1.78    8.07     518
    5.22    5.80    7.06    2.63    1.13    8.19     518
    5.80    6.25    6.71    2.16    1.48    8.19     518
    6.25    6.58    6.99    1.95    1.37    8.36     518
    6.58    6.86    7.22    1.70    1.20    8.42     518
    6.86    7.18    8.10    1.57    0.49    8.59     518
    7.18    7.49    7.16    1.41    1.58    8.74     518
    7.49    7.93    7.78    1.47    1.39    9.17     518
    7.93    8.40    7.45    1.15    1.87    9.32     518
    8.40    9.61    8.05    0.75    1.49    9.55     517

Int Range: [10,12]
  LAlpha  UAlpha     ROE    DExp    DAct    Rate     Num
    3.74    7.37    8.87    4.79    2.46   11.33     369
    7.37    8.11    8.36    3.62    3.05   11.41     369
    8.11    8.58    8.83    3.08    2.61   11.44     369
    8.58    8.96   10.34    2.64    1.08   11.41     369
    8.96    9.28    8.02    2.32    3.42   11.45     368
    9.28    9.60   10.40    2.03    1.07   11.46     369
    9.60    9.94   10.50    1.80    1.08   11.58     369
    9.94   10.29   10.75    1.51    0.87   11.61     369
   10.29   10.73   10.80    1.17    0.87   11.67     369
   10.73   11.88   11.25    0.82    0.72   11.97     368

Int Range: [12,13.5]
  LAlpha  UAlpha     ROE    DExp    DAct    Rate     Num
  -19.67    6.52    7.16   11.28    5.68   12.84     238
    6.52    7.86   11.02    5.56    1.80   12.82     237
    7.86    8.62   11.68    4.57    1.11   12.79     237
    8.62    9.26    9.60    3.85    3.20   12.81     237
    9.26    9.74    8.48    3.31    4.32   12.81     237
    9.74   10.21   11.02    2.81    1.77   12.79     238
   10.21   10.74   11.96    2.34    0.83   12.79     237
   10.74   11.27    9.47    1.80    3.34   12.80     237
   11.27   11.83   11.15    1.27    1.68   12.83     237
   11.83   12.76   12.39    0.70    0.48   12.87     237

Int Range: [13.5,15]
  LAlpha  UAlpha     ROE    DExp    DAct    Rate     Num
  -28.01    6.36   11.22   13.79    3.00   14.22     683
    6.36    7.97   10.33    6.99    3.89   14.22     682
    7.97    9.00   10.25    5.70    3.95   14.21     682
    9.00    9.79   11.14    4.79    3.07   14.20     682
    9.79   10.48    9.70    4.04    4.47   14.17     682
   10.48   11.13   12.37    3.37    1.82   14.18     683
   11.13   11.77   11.77    2.74    2.43   14.20     682
   11.77   12.36   11.39    2.09    2.78   14.18     682
   12.36   13.00   11.87    1.54    2.34   14.22     682
   13.00   14.75   11.70    1.06    2.85   14.55     682

Int Range: [15,17]
  LAlpha  UAlpha     ROE    DExp    DAct    Rate     Num
  -46.17    4.31   10.11   20.92    6.14   16.25     472
    4.31    6.71   11.23   10.49    4.95   16.18     472
    6.71    8.14   12.24    8.61    3.86   16.10     471
    8.14    9.25   11.27    7.39    4.82   16.09     472
    9.25   10.20   12.10    6.38    4.01   16.11     471
   10.20   11.23   12.02    5.35    4.05   16.07     472
   11.23   12.23   13.13    4.31    2.88   16.01     472
   12.23   13.31   12.00    3.24    3.98   15.98     471
   13.31   14.45   12.98    2.10    3.02   15.99     472
   14.45   16.76   12.33    1.20    4.09   16.42     471

Int Range: [17,20]
  LAlpha  UAlpha     ROE    DExp    DAct    Rate     Num
  -47.41    2.59   11.27   26.25    7.26   18.53     411
    2.59    5.86   13.18   13.91    5.26   18.45     411
    5.86    7.75   10.63   11.73    7.93   18.56     411
    7.75    9.24   12.44   10.01    6.06   18.50     411
    9.24   10.59   11.05    8.58    7.46   18.51     411
   10.59   11.88   13.21    7.37    5.37   18.59     411
   11.88   13.34   13.28    6.12    5.39   18.67     411
   13.34   15.11   14.12    4.44    4.46   18.58     411
   15.11   16.96   11.16    2.32    7.23   18.40     411
   16.96   19.86   11.43    1.01    7.58   19.01     410

Int Range: [20,30]
  LAlpha  UAlpha     ROE    DExp    DAct    Rate     Num
  -44.37   -0.97    7.31   33.15   15.63   22.94     281
   -0.97    3.59   11.33   21.28   11.55   22.88     281
    3.59    6.39   11.66   17.62   11.06   22.72     281
    6.39    8.59   15.70   14.84    6.67   22.37     281
    8.59   10.64   14.67   12.58    7.52   22.19     280
   10.64   12.49   13.88   10.81    8.49   22.37     281
   12.49   14.65   12.86    8.71    9.39   22.25     281
   14.65   17.34   14.14    6.54    8.40   22.54     281
   17.34   19.92   12.97    3.82    9.60   22.57     281
   19.92   24.49   13.81    1.72    9.36   23.17     280


MinAlpha	ROE	Count
-5	10.54	30041
-4	10.53	29974
-3	10.54	29892
-2	10.54	29807
-1	10.54	29679
0	10.54	29573
1	10.54	29412
2	10.53	29196
3	10.55	28899
4	10.60	28375
5	10.68	27276
6	10.89	25228
7	11.19	22432
8	11.44	19193
9	11.73	15691
10	12.06	12172
11	12.36	8970
12	12.52	6303
13	12.52	4117
14	12.62	2723
15	12.25	1913

Forest Importance
('pub_rec', 7.4676130883382613e-06)
('term', 0.00052420951197357853)
('mths_since_last_record', 0.0005939604240399203)
('delinq_2yrs', 0.00069837470605140157)
('is_inc_v', 0.001484614949673503)
('loan_amnt', 0.0020566751898465105)
('even_loan_amnt', 0.0036214695760328252)
('home_ownership', 0.003936830043180118)
('purpose', 0.0044019735947016993)
('mod_rate', 0.0046432029696712026)
('inq_last_6mths', 0.0047507163519093188)
('open_acc', 0.0072660905388374905)
('clean_title_rank', 0.0093155514776691144)
('total_acc', 0.0096285055597254438)
('mths_since_last_delinq', 0.010072199029001774)
('installment', 0.010369065835545746)
('fico_range_low', 0.010431505653372496)
('emp_title_rank', 0.011432887957143693)
('int_pymt', 0.011846578851198393)
('annual_inc', 0.011913032045991957)
('zip_code', 0.012136060880176389)
('short_title_rank', 0.012578526269060274)
('urate', 0.01356993416089915)
('revol_util', 0.013828104014099039)
('pct_med_inc', 0.013875349091315596)
('hpa4', 0.014858092545816057)
('avg_urate', 0.015390679664198033)
('revol_bal', 0.015650566365115571)
('tok4_capitalization_log_odds', 0.015695474701752962)
('emp_length', 0.01591864483657399)
('credit_length', 0.016144663095110267)
('med_inc', 0.017165165152882737)
('dti', 0.017202296350842784)
('urate_chg', 0.01877328452443032)
('revol_bal-loan', 0.01973215307355659)
('tok4_clean_title_log_odds', 0.019990778156792354)
('urate_range', 0.022099361017651219)
('pymt_pct_inc', 0.040641798384158746)
('sub_grade', 0.069828099548308917)
('int_rate', 0.16207616079828083)
('lr_clean_title_odds', 0.33384989549032368)


Forest Parameters
oob_score: False
n_jobs: 8
verbose: 0
min_density: None
compute_importances: None
max_leaf_nodes: None
bootstrap: True
min_samples_leaf: 100
n_estimators: 400
min_samples_split: 2
random_state: None
criterion: mse
max_features: auto
max_depth: None
