OOS Cutoff = 2015-01-01
Int Range: [0,7]
  LAlpha  UAlpha     ROE    DExp    DAct    Rate     Num
  -19.59    4.48    5.16    2.57    1.25    6.41     526
    4.48    4.96    5.71    1.65    0.70    6.41     525
    4.96    5.24    6.42    1.31    0.00    6.42     526
    5.24    5.45    6.03    1.09    0.41    6.44     525
    5.45    5.64    6.22    0.89    0.22    6.44     525
    5.64    5.81    5.95    0.73    0.51    6.46     526
    5.81    5.98    5.51    0.66    1.04    6.55     525
    5.98    6.17    6.57    0.62    0.12    6.70     526
    6.17    6.40    6.41    0.48    0.34    6.76     525
    6.40    6.97    6.21    0.33    0.72    6.93     525

Int Range: [7,10]
  LAlpha  UAlpha     ROE    DExp    DAct    Rate     Num
   -0.01    4.69    5.28    4.60    3.25    8.53    1155
    4.69    5.34    6.22    3.41    2.24    8.45    1155
    5.34    5.76    6.55    2.89    1.90    8.45    1155
    5.76    6.11    6.86    2.52    1.60    8.46    1154
    6.11    6.40    6.91    2.17    1.52    8.43    1155
    6.40    6.65    6.60    1.84    1.76    8.36    1155
    6.65    6.89    7.09    1.59    1.27    8.36    1154
    6.89    7.17    7.11    1.48    1.40    8.50    1155
    7.17    7.59    7.30    1.41    1.45    8.75    1155
    7.59    9.27    8.84    1.38    0.57    9.41    1154

Int Range: [10,12]
  LAlpha  UAlpha     ROE    DExp    DAct    Rate     Num
   -0.08    5.54    6.79    6.72    4.49   11.28     908
    5.54    6.34    7.26    5.29    4.00   11.26     907
    6.34    6.87    8.62    4.66    2.65   11.27     908
    6.87    7.30    7.58    4.20    3.71   11.29     907
    7.30    7.71    7.70    3.79    3.59   11.30     908
    7.71    8.07    7.34    3.41    3.96   11.29     907
    8.07    8.44    9.15    3.05    2.16   11.31     908
    8.44    8.85    9.50    2.65    1.78   11.29     907
    8.85    9.31    8.71    2.28    2.64   11.35     908
    9.31   11.03    7.80    1.77    3.69   11.49     907

Int Range: [12,13.5]
  LAlpha  UAlpha     ROE    DExp    DAct    Rate     Num
   -2.38    4.32    6.71    9.62    6.05   12.76     816
    4.32    5.39    7.00    7.85    5.74   12.74     816
    5.39    6.08    7.32    6.96    5.39   12.71     816
    6.08    6.67    8.16    6.32    4.54   12.70     816
    6.67    7.17    9.01    5.77    3.69   12.69     816
    7.17    7.66    8.32    5.26    4.35   12.68     816
    7.66    8.16    8.33    4.77    4.35   12.68     816
    8.16    8.75    8.92    4.25    3.77   12.69     816
    8.75    9.39    9.29    3.65    3.40   12.69     816
    9.39   11.97    9.49    2.74    3.26   12.75     816

Int Range: [13.5,15]
  LAlpha  UAlpha     ROE    DExp    DAct    Rate     Num
   -2.68    4.12    6.35   11.36    7.86   14.21     851
    4.12    5.18    7.22    9.56    7.05   14.27     850
    5.18    5.94    8.13    8.68    6.13   14.26     850
    5.94    6.63    9.50    7.94    4.74   14.24     851
    6.63    7.24    8.42    7.31    5.83   14.25     850
    7.24    7.87   10.22    6.70    4.03   14.25     850
    7.87    8.52    9.60    6.10    4.70   14.30     851
    8.52    9.20    9.43    5.41    4.83   14.26     850
    9.20   10.14    9.85    4.64    4.43   14.28     850
   10.14   13.18    9.57    3.44    4.83   14.40     850

Int Range: [15,17]
  LAlpha  UAlpha     ROE    DExp    DAct    Rate     Num
  -10.60    1.69    3.94   16.53   12.16   16.10     631
    1.69    3.45    4.74   13.41   11.30   16.04     631
    3.45    4.63    5.80   11.99   10.26   16.06     630
    4.63    5.54    6.37   10.94    9.68   16.04     631
    5.54    6.35    7.05   10.12    9.03   16.07     630
    6.35    7.16    9.04    9.25    6.98   16.01     631
    7.16    7.97    8.87    8.46    7.16   16.03     631
    7.97    8.81    9.86    7.67    6.20   16.06     630
    8.81    9.87    9.48    6.71    6.55   16.03     631
    9.87   14.07   10.60    5.23    5.47   16.08     630

Int Range: [17,20]
  LAlpha  UAlpha     ROE    DExp    DAct    Rate     Num
  -16.81   -1.34    1.01   23.08   17.85   18.86     686
   -1.34    1.16    3.96   18.61   14.62   18.57     686
    1.16    2.81    3.91   16.37   14.51   18.42     686
    2.81    4.07    5.94   14.91   12.43   18.37     685
    4.07    5.20    6.12   13.62   12.14   18.25     686
    5.20    6.26    5.02   12.51   13.21   18.23     686
    6.26    7.34    9.37   11.36    8.80   18.17     685
    7.34    8.39    7.72   10.23   10.37   18.09     686
    8.39    9.84    7.60    9.05   10.52   18.12     686
    9.84   15.11   10.39    7.01    7.79   18.18     685

Int Range: [20,30]
  LAlpha  UAlpha     ROE    DExp    DAct    Rate     Num
  -21.55   -6.90   -8.57   33.59   32.38   23.81     311
   -6.90   -4.17   -1.47   28.83   24.77   23.30     311
   -4.17   -2.14    0.94   26.48   22.40   23.34     311
   -2.14   -0.42    3.50   24.55   19.78   23.29     311
   -0.42    1.21    6.38   22.54   16.57   22.96     311
    1.21    2.81    4.29   21.19   18.91   23.20     311
    2.81    4.32    4.37   19.32   18.49   22.86     311
    4.32    6.05    7.31   17.64   15.48   22.79     311
    6.05    8.31    9.51   15.46   13.13   22.64     311
    8.31   17.39    8.71   12.44   14.21   22.92     310


MinAlpha	ROE	Count
-5	7.43	58068
-4	7.43	57845
-3	7.47	57537
-2	7.51	57180
-1	7.54	56716
0	7.57	56130
1	7.60	55383
2	7.67	54359
3	7.76	52826
4	7.84	50140
5	8.01	45022
6	8.38	35208
7	8.77	23457
8	9.20	14149
9	9.50	7113
10	10.18	2842
11	10.65	1053
12	11.15	319
13	12.22	84
14	9.09	22
15	-1.54	11

Forest Importance
('pub_rec', 0.00028804239239074085)
('delinq_2yrs', 0.00089677317466200959)
('term', 0.0031584750446281983)
('even_loan_amnt', 0.0036288967498941229)
('verification_status', 0.0037368590480719457)
('loan_amnt', 0.0037744723490741659)
('purpose', 0.0043670015393526386)
('mths_since_last_record', 0.0044061582060851449)
('mths_since_last_major_derog', 0.0070059727454175628)
('inq_last_6mths', 0.012010339235108212)
('home_ownership', 0.013009546979630979)
('open_acc', 0.013143590746525449)
('mths_since_last_delinq', 0.016731380357698514)
('int_pymt', 0.019419728072082709)
('emp_length', 0.020060171190391596)
('total_acc', 0.021010567749725019)
('annual_inc', 0.022714600428069994)
('revol_bal', 0.022818547649111572)
('installment', 0.023375325112201081)
('caplo', 0.024347433503172845)
('ctloD', 0.02569766818470462)
('int_pct_inc', 0.027655997348286401)
('credit_length', 0.027747170822103602)
('revol_util', 0.028762161159991771)
('revol_bal_pct_inc', 0.028880444591125466)
('clean_title_rank', 0.030001279927959489)
('urate_range', 0.030224115509877705)
('revol_bal-loan', 0.030293257668863916)
('pct_med_inc', 0.0309224264166785)
('dti', 0.031745244318378295)
('urate_chg', 0.033506756547606459)
('urate', 0.03371556113032375)
('hpa4', 0.03774749251807042)
('pymt_pct_inc', 0.03960577552161177)
('int_rate', 0.040281750139343993)
('ctloC', 0.040896700218037478)
('sub_grade', 0.24241231570374172)


Forest Parameters
oob_score: False
n_jobs: 8
verbose: 0
min_density: None
compute_importances: None
max_leaf_nodes: None
bootstrap: True
min_samples_leaf: 100
n_estimators: 200
min_samples_split: 2
random_state: None
criterion: mse
max_features: auto
max_depth: None
