OOS Cutoff = 2014-05-01 00:00:00
Int Range: [0,7]
  LAlpha  UAlpha     ROE    DExp    DAct    Rate     Num
    1.89    4.60    5.72    2.18    0.45    6.17     189
    4.60    5.05    6.17    1.31    0.00    6.17     189
    5.05    5.28    5.74    1.02    0.45    6.19     189
    5.28    5.46    6.16    0.78    0.00    6.16     189
    5.46    5.58    6.13    0.61    0.00    6.13     189
    5.58    5.69    6.05    0.55    0.14    6.19     189
    5.69    5.80    6.15    0.40    0.00    6.15     189
    5.80    5.92    6.04    0.33    0.14    6.18     189
    5.92    6.14    6.41    0.39    0.00    6.41     189
    6.14    6.45    6.49    0.23    0.00    6.49     189

Int Range: [7,10]
  LAlpha  UAlpha     ROE    DExp    DAct    Rate     Num
    2.70    5.86    6.58    2.59    1.27    7.85     602
    5.86    6.32    7.35    1.79    0.57    7.92     602
    6.32    6.62    7.22    1.41    0.66    7.88     601
    6.62    6.84    6.66    1.24    1.31    7.97     602
    6.84    7.05    7.51    1.13    0.57    8.08     601
    7.05    7.27    7.56    1.13    0.74    8.30     602
    7.27    7.51    6.92    1.00    1.47    8.39     602
    7.51    7.77    7.94    1.07    0.76    8.70     601
    7.77    8.11    8.23    0.98    0.68    8.91     602
    8.11    9.05    8.94    0.75    0.19    9.13     601

Int Range: [10,12]
  LAlpha  UAlpha     ROE    DExp    DAct    Rate     Num
    0.60    7.18    9.27    4.21    1.35   10.61     734
    7.18    7.75    9.45    3.18    1.23   10.68     734
    7.75    8.13    9.47    2.76    1.23   10.70     734
    8.13    8.44    9.54    2.47    1.23   10.76     733
    8.44    8.72    9.93    2.30    0.95   10.87     734
    8.72    8.99    9.21    2.16    1.80   11.01     734
    8.99    9.25   10.22    2.00    0.89   11.11     733
    9.25    9.58   10.16    1.86    1.11   11.27     734
    9.58    9.95   10.14    1.66    1.27   11.42     734
    9.95   11.28   10.61    1.26    0.95   11.56     733

Int Range: [12,13.5]
  LAlpha  UAlpha     ROE    DExp    DAct    Rate     Num
    1.86    7.75   11.85    6.24    1.20   13.05     774
    7.75    8.48   11.38    4.85    1.62   12.99     773
    8.48    8.96   10.90    4.22    2.05   12.96     773
    8.96    9.34   10.62    3.78    2.32   12.93     773
    9.34    9.65   10.96    3.42    1.96   12.92     773
    9.65    9.95   11.22    3.10    1.68   12.90     774
    9.95   10.24   10.70    2.81    2.20   12.90     773
   10.24   10.55   11.52    2.52    1.40   12.92     773
   10.55   10.92   10.98    2.22    1.96   12.94     773
   10.92   12.38   11.22    1.82    1.88   13.10     773

Int Range: [13.5,15]
  LAlpha  UAlpha     ROE    DExp    DAct    Rate     Num
    1.97    7.61   11.40    7.87    3.09   14.50     790
    7.61    8.50   12.07    6.36    2.39   14.46     790
    8.50    9.10   11.31    5.62    3.11   14.42     790
    9.10    9.59   10.63    5.06    3.77   14.41     790
    9.59   10.07   11.13    4.57    3.27   14.40     790
   10.07   10.51   11.82    4.14    2.62   14.44     790
   10.51   10.94   12.46    3.73    2.00   14.46     790
   10.94   11.35   13.29    3.34    1.19   14.48     790
   11.35   11.88   11.90    2.92    2.60   14.51     790
   11.88   14.05   13.60    2.34    1.07   14.67     790

Int Range: [15,17]
  LAlpha  UAlpha     ROE    DExp    DAct    Rate     Num
   -1.76    6.82   12.45   11.07    4.05   16.50     636
    6.82    8.04   10.72    8.79    5.57   16.28     635
    8.04    8.87   11.22    7.80    5.05   16.27     636
    8.87    9.54   12.14    7.04    4.10   16.24     635
    9.54   10.09   12.04    6.42    4.20   16.25     635
   10.09   10.65   13.23    5.86    3.02   16.25     636
   10.65   11.19   13.95    5.27    2.24   16.20     635
   11.19   11.77   13.56    4.72    2.64   16.20     636
   11.77   12.38   14.39    4.05    1.72   16.12     635
   12.38   14.50   14.20    3.25    1.94   16.14     635

Int Range: [17,20]
  LAlpha  UAlpha     ROE    DExp    DAct    Rate     Num
   -3.57    5.59    9.86   14.74    8.52   18.38     555
    5.59    7.21   13.34   11.90    5.06   18.40     555
    7.21    8.37   13.09   10.56    5.28   18.37     555
    8.37    9.35   14.01    9.44    4.32   18.34     555
    9.35   10.22   13.85    8.62    4.56   18.41     555
   10.22   10.92   14.10    7.83    4.29   18.39     555
   10.92   11.59   14.65    7.16    3.76   18.41     555
   11.59   12.27   13.93    6.57    4.58   18.51     555
   12.27   13.09   15.35    5.96    3.24   18.59     555
   13.09   16.51   16.18    4.95    2.59   18.77     555

Int Range: [20,30]
  LAlpha  UAlpha     ROE    DExp    DAct    Rate     Num
   -9.82    2.84   14.30   24.35    9.77   24.07     368
    2.84    5.16    8.74   19.07   14.43   23.17     367
    5.16    6.67   14.00   17.05    8.98   22.99     367
    6.67    8.03   13.51   15.16    9.03   22.54     367
    8.03    9.21   15.09   13.58    7.15   22.24     367
    9.21   10.26   14.94   12.43    7.24   22.19     367
   10.26   11.25   16.19   11.24    5.80   21.99     367
   11.25   12.20   13.46   10.19    8.43   21.89     367
   12.20   13.58   14.64    9.10    7.26   21.90     367
   13.58   19.48   18.71    7.52    3.82   22.53     367


MinAlpha	ROE	Count
-5	11.18	46435
-4	11.18	46409
-3	11.18	46390
-2	11.18	46367
-1	11.17	46327
0	11.17	46271
1	11.17	46197
2	11.17	46068
3	11.18	45855
4	11.19	45430
5	11.25	44508
6	11.45	41731
7	11.74	37438
8	12.12	31176
9	12.55	23712
10	13.24	15476
11	13.94	8393
12	15.00	3789
13	16.26	1344
14	18.30	460
15	21.33	180

Forest Importance
('pub_rec', 0.00067308361777233556)
('delinq_2yrs', 0.0040504191466085304)
('term', 0.0063243186522314952)
('is_inc_v', 0.0069663659397713462)
('mths_since_last_record', 0.0088592650881130549)
('loan_amnt', 0.0091145966836926259)
('purpose', 0.0096695494927338255)
('sub_grade', 0.012642030572399059)
('home_ownership', 0.0135318541403514)
('inq_last_6mths', 0.020090165688457721)
('open_acc', 0.029120700670171605)
('fico_range_low', 0.034145710693481213)
('mths_since_last_delinq', 0.035758333333563243)
('emp_length', 0.039202631632134742)
('total_acc', 0.042407850580515306)
('dti', 0.047369531551673422)
('credit_length', 0.05061813141455717)
('int_pymt', 0.053998534009750632)
('revol_util', 0.057331007405062306)
('installment', 0.069395609127349961)
('revol_bal', 0.070244498017049337)
('annual_inc', 0.085199612685788378)
('int_rate', 0.29328619985677112)


Forest Parameters
oob_score: False
n_jobs: 8
verbose: 0
min_density: None
compute_importances: None
max_leaf_nodes: None
bootstrap: True
min_samples_leaf: 100
n_estimators: 400
min_samples_split: 2
random_state: None
criterion: mse
max_features: auto
max_depth: None
