OOS Cutoff = 2014-03-01 00:00:00
Int Range: [0,7]
  LAlpha  UAlpha     ROE    DExp    DAct    Rate     Num
    0.53    3.77    5.79    3.25    0.51    6.30     169
    3.77    4.31    4.66    2.17    1.58    6.24     168
    4.31    4.66    5.79    1.79    0.51    6.29     169
    4.66    4.92    6.10    1.47    0.16    6.26     168
    4.92    5.10    5.76    1.25    0.51    6.26     169
    5.10    5.30    5.76    1.07    0.51    6.27     168
    5.30    5.46    4.87    0.93    1.44    6.31     169
    5.46    5.65    6.35    0.79    0.00    6.35     168
    5.65    5.92    5.48    0.72    1.01    6.49     169
    5.92    6.51    6.05    0.48    0.55    6.60     168

Int Range: [7,10]
  LAlpha  UAlpha     ROE    DExp    DAct    Rate     Num
    0.21    5.19    5.62    3.87    2.64    8.25     812
    5.19    5.81    7.03    2.72    1.22    8.25     811
    5.81    6.23    7.22    2.21    1.01    8.23     811
    6.23    6.57    7.00    1.92    1.32    8.32     811
    6.57    6.85    6.91    1.59    1.40    8.31     811
    6.85    7.10    6.82    1.43    1.58    8.40     811
    7.10    7.41    7.29    1.31    1.27    8.56     811
    7.41    7.79    7.61    1.37    1.35    8.97     811
    7.79    8.24    7.61    1.21    1.62    9.23     811
    8.24    9.51    8.16    0.87    1.31    9.46     811

Int Range: [10,12]
  LAlpha  UAlpha     ROE    DExp    DAct    Rate     Num
    0.01    6.63    7.95    5.56    3.18   11.13     644
    6.63    7.43    7.57    4.06    3.57   11.14     643
    7.43    7.96    8.26    3.41    2.86   11.13     643
    7.96    8.37    9.76    2.99    1.41   11.17     643
    8.37    8.73    9.48    2.63    1.71   11.18     643
    8.73    9.06    9.02    2.42    2.29   11.31     644
    9.06    9.38    8.81    2.16    2.57   11.38     643
    9.38    9.76    9.33    1.95    2.18   11.51     643
    9.76   10.22    8.40    1.65    3.23   11.63     643
   10.22   11.62    9.69    1.20    2.16   11.85     643

Int Range: [12,13.5]
  LAlpha  UAlpha     ROE    DExp    DAct    Rate     Num
   -1.97    6.70    7.76    7.45    5.16   12.91     736
    6.70    7.63    7.52    5.66    5.35   12.87     735
    7.63    8.29    7.56    4.86    5.28   12.84     736
    8.29    8.77    9.36    4.27    3.44   12.81     735
    8.77    9.17    9.34    3.83    3.46   12.80     735
    9.17    9.53    9.55    3.43    3.23   12.78     736
    9.53    9.92    9.49    3.05    3.29   12.77     735
    9.92   10.29   10.43    2.67    2.35   12.78     736
   10.29   10.73   10.68    2.26    2.09   12.77     735
   10.73   12.29   10.15    1.69    2.68   12.83     735

Int Range: [13.5,15]
  LAlpha  UAlpha     ROE    DExp    DAct    Rate     Num
   -1.19    6.31    7.04    9.23    7.28   14.31     956
    6.31    7.35    7.14    7.38    7.11   14.24     955
    7.35    8.18    8.58    6.42    5.63   14.21     955
    8.18    8.81    8.34    5.68    5.85   14.19     955
    8.81    9.38    8.31    5.11    5.91   14.23     955
    9.38    9.87    9.57    4.59    4.65   14.22     956
    9.87   10.36   10.25    4.11    3.97   14.22     955
   10.36   10.84   11.26    3.62    2.95   14.21     955
   10.84   11.49   10.07    3.08    4.16   14.23     955
   11.49   13.64   11.15    2.33    3.19   14.34     955

Int Range: [15,17]
  LAlpha  UAlpha     ROE    DExp    DAct    Rate     Num
   -6.50    5.64    6.71   12.24    9.40   16.11     856
    5.64    7.05    7.74    9.58    8.23   15.98     856
    7.05    7.99    6.01    8.43    9.96   15.96     856
    7.99    8.74    9.64    7.51    6.25   15.90     855
    8.74    9.42   10.57    6.80    5.31   15.88     856
    9.42   10.02   11.12    6.12    4.72   15.83     856
   10.02   10.63    9.73    5.49    6.09   15.81     855
   10.63   11.22   11.18    4.87    4.61   15.79     856
   11.22   12.00   11.06    4.17    4.72   15.78     856
   12.00   14.56   13.53    3.22    2.29   15.82     855

Int Range: [17,20]
  LAlpha  UAlpha     ROE    DExp    DAct    Rate     Num
   -8.56    3.41    3.39   17.42   15.14   18.53     816
    3.41    5.34    4.36   14.07   14.15   18.51     816
    5.34    6.69    9.27   12.48    9.25   18.52     816
    6.69    7.70   10.98   11.32    7.55   18.54     816
    7.70    8.62    8.96   10.43    9.63   18.59     816
    8.62    9.43    9.46    9.53    9.10   18.56     816
    9.43   10.31   11.46    8.78    7.17   18.63     816
   10.31   11.30   11.30    7.91    7.40   18.70     816
   11.30   12.42   11.40    6.91    7.35   18.74     816
   12.42   17.15   14.24    5.46    4.72   18.96     816

Int Range: [20,30]
  LAlpha  UAlpha     ROE    DExp    DAct    Rate     Num
  -13.16    0.75   -3.22   26.23   26.76   23.54     479
    0.75    3.57    2.32   20.74   20.74   23.06     479
    3.57    5.47    5.51   18.08   17.12   22.64     479
    5.47    6.91   10.52   16.22   11.93   22.45     479
    6.91    8.18    6.89   14.74   15.35   22.25     479
    8.18    9.36    7.08   13.13   14.83   21.91     479
    9.36   10.44   10.30   12.27   11.86   22.16     479
   10.44   11.60    8.04   11.04   14.00   22.04     479
   11.60   13.24   10.20    9.74   11.91   22.11     479
   13.24   20.60   13.53    8.04    9.06   22.59     479


MinAlpha	ROE	Count
-5	8.70	54537
-4	8.73	54492
-3	8.74	54428
-2	8.77	54331
-1	8.76	54209
0	8.79	54019
1	8.84	53758
2	8.88	53366
3	8.91	52706
4	8.99	51504
5	9.16	49220
6	9.37	44947
7	9.64	38727
8	10.05	31179
9	10.61	22816
10	11.00	14323
11	11.50	7297
12	12.65	3226
13	13.43	1275
14	13.50	502
15	14.17	182

Forest Importance
('avg_urate', 6.7582136207197964e-05)
('urate', 8.8140496330381369e-05)
('urate_chg', 0.00020143614242291676)
('pub_rec', 0.00020417719625786024)
('delinq_2yrs', 0.0014469288539360092)
('term', 0.0020598368094182458)
('mths_since_last_record', 0.003134371118514868)
('verification_status', 0.0035537416324126032)
('loan_amnt', 0.0043203015056976161)
('even_loan_amnt', 0.0043878934794108933)
('purpose', 0.0046383383254729009)
('mod_rate', 0.0070795926429896381)
('home_ownership', 0.0076588613509684881)
('inq_last_6mths', 0.011869925824561676)
('open_acc', 0.014175057067217705)
('fico_range_low', 0.017357890249050337)
('mths_since_last_delinq', 0.018678214213503425)
('total_acc', 0.01957504775373576)
('int_pymt', 0.021564344685583371)
('clean_title_rank', 0.0219805199582815)
('emp_title_rank', 0.023101486582108956)
('installment', 0.024635533244367163)
('revol_bal', 0.025185217155313699)
('dti', 0.026513539587951208)
('revol_util', 0.028297414849376302)
('emp_length', 0.028938766715239407)
('short_title_rank', 0.030183628141367422)
('tok4_capitalization_log_odds', 0.030580475561069544)
('zip_code', 0.0306353271665755)
('annual_inc', 0.032244187810440451)
('pct_med_inc', 0.032797357580796882)
('credit_length', 0.033199261311759536)
('revol_bal_pct_inc', 0.034845663088237409)
('tok4_clean_title_log_odds', 0.035639515709324936)
('revol_bal-loan', 0.035778759902051024)
('med_inc', 0.036131720188872396)
('hpa4', 0.045112499094704168)
('sub_grade', 0.047873012714156976)
('pymt_pct_inc', 0.055776314700981704)
('int_rate', 0.19848811745333184)


Forest Parameters
oob_score: False
n_jobs: 8
verbose: 0
min_density: None
compute_importances: None
max_leaf_nodes: None
bootstrap: True
min_samples_leaf: 100
n_estimators: 400
min_samples_split: 2
random_state: None
criterion: mse
max_features: auto
max_depth: None
