OOS Cutoff = 2014-05-01 00:00:00
Int Range: [0,7]
  LAlpha  UAlpha     ROE    DExp    DAct    Rate     Num
    1.32    4.09    5.87    2.93    0.35    6.22      75
    4.09    4.62    6.22    1.84    0.00    6.22      75
    4.62    4.94    6.20    1.40    0.00    6.20      74
    4.94    5.19    6.18    1.12    0.00    6.18      75
    5.19    5.37    6.21    0.94    0.00    6.21      74
    5.37    5.56    6.16    0.71    0.00    6.16      75
    5.56    5.69    5.11    0.63    1.14    6.25      75
    5.69    5.80    5.93    0.53    0.35    6.28      74
    5.80    6.05    6.43    0.52    0.00    6.43      75
    6.05    6.51    6.55    0.33    0.00    6.55      74

Int Range: [7,10]
  LAlpha  UAlpha     ROE    DExp    DAct    Rate     Num
    2.07    5.29    6.15    3.66    2.01    8.16     265
    5.29    5.94    8.11    2.47    0.00    8.11     265
    5.94    6.35    7.52    1.99    0.62    8.14     265
    6.35    6.64    7.67    1.61    0.43    8.10     264
    6.64    6.91    7.71    1.37    0.42    8.14     265
    6.91    7.15    7.73    1.27    0.57    8.30     265
    7.15    7.38    7.86    1.13    0.52    8.39     264
    7.38    7.71    7.96    1.08    0.65    8.61     265
    7.71    8.15    8.55    1.06    0.43    8.98     265
    8.15    9.42    9.26    0.72    0.00    9.26     264

Int Range: [10,12]
  LAlpha  UAlpha     ROE    DExp    DAct    Rate     Num
    0.54    6.68    6.89    5.15    3.91   10.80     270
    6.68    7.58    7.86    3.65    2.97   10.83     269
    7.58    8.14   10.46    3.00    0.42   10.87     269
    8.14    8.54    8.36    2.56    2.54   10.90     269
    8.54    8.90    9.26    2.21    1.67   10.93     269
    8.90    9.20    9.22    1.98    1.80   11.02     269
    9.20    9.54   10.44    1.73    0.66   11.10     269
    9.54    9.90   10.05    1.57    1.23   11.28     269
    9.90   10.37    9.75    1.30    1.68   11.43     269
   10.37   11.90    9.60    0.92    2.05   11.65     269

Int Range: [12,13.5]
  LAlpha  UAlpha     ROE    DExp    DAct    Rate     Num
   -1.61    6.78    9.17    7.64    3.84   13.01     300
    6.78    7.78    8.78    5.65    4.19   12.97     299
    7.78    8.48   10.34    4.80    2.60   12.94     299
    8.48    9.03   10.12    4.19    2.83   12.95     300
    9.03    9.48    9.66    3.62    3.23   12.89     299
    9.48    9.91   11.03    3.15    1.84   12.86     299
    9.91   10.30   11.23    2.78    1.65   12.87     300
   10.30   10.72   11.35    2.34    1.50   12.85     299
   10.72   11.24    9.65    1.85    3.16   12.81     299
   11.24   12.44   10.96    1.21    1.84   12.80     299

Int Range: [13.5,15]
  LAlpha  UAlpha     ROE    DExp    DAct    Rate     Num
   -0.34    6.44    9.94    9.22    4.46   14.40     328
    6.44    7.65    8.35    7.31    6.03   14.39     328
    7.65    8.53    9.37    6.28    5.01   14.38     327
    8.53    9.27    9.48    5.43    4.86   14.33     328
    9.27    9.81   12.33    4.83    2.04   14.37     327
    9.81   10.29   11.83    4.28    2.49   14.32     328
   10.29   10.78   12.79    3.74    1.50   14.29     328
   10.78   11.34   13.00    3.30    1.34   14.35     327
   11.34   11.92   12.38    2.79    2.01   14.39     328
   11.92   13.78   12.15    2.10    2.42   14.57     327

Int Range: [15,17]
  LAlpha  UAlpha     ROE    DExp    DAct    Rate     Num
   -8.74    5.64   12.31   12.89    4.07   16.38     275
    5.64    7.14    9.05    9.72    7.13   16.17     275
    7.14    8.22   12.30    8.42    3.81   16.11     275
    8.22    9.10   11.38    7.44    4.75   16.13     275
    9.10    9.88   11.60    6.50    4.41   16.01     274
    9.88   10.53   10.23    5.75    5.74   15.96     275
   10.53   11.18   12.19    5.20    3.86   16.05     275
   11.18   11.87   13.10    4.48    2.90   16.00     275
   11.87   12.61   14.15    3.73    1.83   15.98     275
   12.61   14.81   13.94    2.83    2.12   16.06     274

Int Range: [17,20]
  LAlpha  UAlpha     ROE    DExp    DAct    Rate     Num
   -7.87    4.17    8.47   17.01    9.98   18.45     249
    4.17    6.45    7.47   12.95   10.96   18.44     248
    6.45    7.85   10.04   11.30    8.43   18.47     249
    7.85    9.11   13.31    9.89    5.08   18.39     248
    9.11   10.10   11.43    8.82    7.02   18.45     249
   10.10   10.88   12.08    8.01    6.42   18.50     248
   10.88   11.76   12.96    7.18    5.55   18.51     249
   11.76   12.62   12.92    6.34    5.60   18.51     248
   12.62   13.68   13.23    5.47    5.36   18.60     249
   13.68   16.95   13.81    4.31    5.05   18.86     248

Int Range: [20,30]
  LAlpha  UAlpha     ROE    DExp    DAct    Rate     Num
  -13.14    0.92    0.63   26.63   23.08   23.71     150
    0.92    4.21    6.71   20.20   16.21   22.91     149
    4.21    6.33    4.41   17.53   18.48   22.88     150
    6.33    7.97   10.07   15.18   12.24   22.31     149
    7.97    9.29   14.67   13.59    7.56   22.23     150
    9.29   10.56   14.98   12.13    7.07   22.06     149
   10.56   11.70   11.86   10.86   10.11   21.97     150
   11.70   13.00   11.20    9.73   10.89   22.09     149
   13.00   14.49   19.37    8.37    2.72   22.09     150
   14.49   20.24   12.46    6.94   10.43   22.89     149


MinAlpha	ROE	Count
-5	10.24	19049
-4	10.24	19033
-3	10.23	19016
-2	10.24	18986
-1	10.27	18944
0	10.29	18890
1	10.29	18803
2	10.31	18695
3	10.34	18545
4	10.38	18210
5	10.47	17552
6	10.76	16130
7	11.10	14142
8	11.51	11702
9	11.91	9160
10	12.27	6387
11	12.88	3722
12	13.54	1915
13	14.07	926
14	14.23	400
15	13.42	186

Forest Importance
('pub_rec', 0.00027840025728893136)
('delinq_2yrs', 0.001839368929625519)
('is_inc_v', 0.0023651432361332953)
('term', 0.0024239586755253383)
('loan_amnt', 0.0029411375654243956)
('purpose', 0.0030815805026530542)
('even_loan_amnt', 0.0032739985326739867)
('mths_since_last_record', 0.0036622870122849653)
('mod_rate', 0.0065612746322459316)
('home_ownership', 0.0086861915093788006)
('inq_last_6mths', 0.010254534588988715)
('open_acc', 0.010510016147916204)
('sub_grade', 0.012728317825534905)
('tok4_capitalization_log_odds', 0.013252054696616413)
('fico_range_low', 0.014628885028701698)
('clean_title_rank', 0.015612748074738897)
('total_acc', 0.01576572972092713)
('int_pymt', 0.016409838230261157)
('mths_since_last_delinq', 0.017641967113224088)
('emp_title_rank', 0.019214466946903163)
('installment', 0.020273798950898422)
('annual_inc', 0.020542976145861612)
('revol_bal', 0.020753186726431588)
('emp_length', 0.021172257464587382)
('urate', 0.022697100545368509)
('dti', 0.022765959527109688)
('zip_code', 0.023793747997802567)
('avg_urate', 0.024008835551534626)
('short_title_rank', 0.024726216861904994)
('revol_util', 0.02515967678144141)
('revol_bal-loan', 0.026011472145580222)
('pct_med_inc', 0.026436294769512435)
('med_inc', 0.02689590858193236)
('urate_range', 0.027132606625789694)
('revol_bal_pct_inc', 0.027680153118073574)
('urate_chg', 0.028402113445039019)
('credit_length', 0.028675274478430705)
('hpa4', 0.029979898120872765)
('pymt_pct_inc', 0.046548943841076038)
('tok4_clean_title_log_odds', 0.10023640878033518)
('int_rate', 0.22497527031337097)


Forest Parameters
oob_score: False
n_jobs: 8
verbose: 0
min_density: None
compute_importances: None
max_leaf_nodes: None
bootstrap: True
min_samples_leaf: 100
n_estimators: 400
min_samples_split: 2
random_state: None
criterion: mse
max_features: auto
max_depth: None
