OOS Cutoff = 2014-04-01 00:00:00
Int Range: [0,7]
  LAlpha  UAlpha     ROE    DExp    DAct    Rate     Num
    1.40    4.00    3.61    2.85    2.61    6.22     200
    4.00    4.49    5.80    1.96    0.43    6.23     199
    4.49    4.79    6.24    1.59    0.00    6.24     200
    4.79    5.02    5.97    1.32    0.26    6.23     199
    5.02    5.20    5.78    1.10    0.43    6.21     199
    5.20    5.35    6.09    0.95    0.13    6.23     200
    5.35    5.51    5.68    0.81    0.56    6.24     199
    5.51    5.67    5.79    0.72    0.52    6.31     200
    5.67    5.88    6.28    0.65    0.13    6.41     199
    5.88    6.36    6.10    0.52    0.46    6.57     199

Int Range: [7,10]
  LAlpha  UAlpha     ROE    DExp    DAct    Rate     Num
    2.01    5.33    6.49    3.45    1.62    8.12     791
    5.33    5.91    6.20    2.45    1.89    8.09     790
    5.91    6.27    7.03    2.03    1.12    8.14     791
    6.27    6.56    6.81    1.73    1.34    8.15     790
    6.56    6.81    6.53    1.53    1.69    8.21     790
    6.81    7.03    6.87    1.44    1.48    8.35     791
    7.03    7.30    7.25    1.35    1.26    8.51     790
    7.30    7.61    7.36    1.41    1.49    8.85     791
    7.61    7.99    7.67    1.27    1.40    9.06     790
    7.99    9.20    8.46    1.04    0.90    9.35     790

Int Range: [10,12]
  LAlpha  UAlpha     ROE    DExp    DAct    Rate     Num
   -1.78    6.70    7.69    5.17    3.18   10.88     743
    6.70    7.45    9.02    3.82    1.92   10.94     743
    7.45    7.96    7.61    3.25    3.35   10.96     743
    7.96    8.36    9.00    2.85    2.02   11.01     743
    8.36    8.69    8.63    2.52    2.42   11.05     742
    8.69    9.00    8.63    2.27    2.48   11.11     743
    9.00    9.29    8.94    2.06    2.26   11.20     743
    9.29    9.64    8.66    1.91    2.72   11.38     743
    9.64   10.08    9.63    1.68    1.88   11.52     743
   10.08   11.48    9.69    1.29    2.04   11.73     742

Int Range: [12,13.5]
  LAlpha  UAlpha     ROE    DExp    DAct    Rate     Num
   -4.25    6.26    8.38    8.24    4.65   13.03     824
    6.26    7.29    8.99    6.13    3.96   12.95     823
    7.29    7.97    8.25    5.26    4.66   12.91     823
    7.97    8.50    8.76    4.64    4.13   12.88     823
    8.50    8.96    9.49    4.14    3.37   12.87     823
    8.96    9.34   10.08    3.70    2.76   12.84     824
    9.34    9.72   10.07    3.29    2.75   12.82     823
    9.72   10.11   10.26    2.90    2.55   12.81     823
   10.11   10.58    9.75    2.50    3.07   12.82     823
   10.58   12.11   10.50    1.89    2.38   12.87     823

Int Range: [13.5,15]
  LAlpha  UAlpha     ROE    DExp    DAct    Rate     Num
   -1.97    6.04    7.64    9.68    6.70   14.34     938
    6.04    7.19    7.59    7.65    6.72   14.31     938
    7.19    7.95    8.59    6.70    5.70   14.29     938
    7.95    8.57    9.33    6.03    4.96   14.29     938
    8.57    9.14    9.15    5.48    5.18   14.33     938
    9.14    9.65    9.66    4.91    4.65   14.32     938
    9.65   10.14   11.06    4.44    3.27   14.34     938
   10.14   10.66   11.06    3.95    3.29   14.35     938
   10.66   11.27   10.90    3.38    3.44   14.34     938
   11.27   13.49   12.02    2.66    2.43   14.45     938

Int Range: [15,17]
  LAlpha  UAlpha     ROE    DExp    DAct    Rate     Num
   -4.17    5.09    6.98   13.03    9.31   16.29     812
    5.09    6.74    7.10   10.19    9.06   16.16     812
    6.74    7.64    9.14    8.87    6.95   16.09     812
    7.64    8.41    9.79    8.00    6.24   16.03     811
    8.41    9.08   10.05    7.28    5.98   16.03     812
    9.08    9.70   11.08    6.55    4.87   15.95     812
    9.70   10.32   11.30    5.93    4.64   15.94     811
   10.32   10.95   10.98    5.25    4.91   15.89     812
   10.95   11.70   11.41    4.54    4.45   15.87     812
   11.70   14.83   11.42    3.56    4.49   15.91     811

Int Range: [17,20]
  LAlpha  UAlpha     ROE    DExp    DAct    Rate     Num
   -6.82    3.59    4.43   17.13   14.12   18.54     769
    3.59    5.38    9.47   13.94    9.03   18.51     769
    5.38    6.67    7.20   12.43   11.27   18.47     769
    6.67    7.69   11.70   11.37    6.87   18.57     768
    7.69    8.64    8.99   10.34    9.53   18.52     769
    8.64    9.49    8.42    9.45   10.08   18.50     769
    9.49   10.33    9.25    8.63    9.26   18.51     768
   10.33   11.18   12.04    7.86    6.57   18.61     769
   11.18   12.28   13.30    7.02    5.41   18.71     769
   12.28   16.86   12.77    5.46    6.00   18.77     768

Int Range: [20,30]
  LAlpha  UAlpha     ROE    DExp    DAct    Rate     Num
  -12.45    0.97    0.96   25.37   22.55   23.51     457
    0.97    3.40    3.66   20.54   19.19   22.84     456
    3.40    5.14    3.98   18.28   18.60   22.59     457
    5.14    6.53    4.78   16.34   17.44   22.22     456
    6.53    7.67   10.70   15.09   11.51   22.22     457
    7.67    8.75   10.78   13.90   11.32   22.10     456
    8.75    9.84    8.48   13.00   13.80   22.28     457
    9.84   11.13   12.50   11.66    9.61   22.11     456
   11.13   12.73   10.57   10.40   11.71   22.28     457
   12.73   18.47   13.70    8.43    9.00   22.70     456


MinAlpha	ROE	Count
-5	8.94	55257
-4	8.93	55217
-3	8.94	55166
-2	8.95	55078
-1	8.98	54960
0	9.02	54784
1	9.03	54475
2	9.07	54038
3	9.10	53356
4	9.18	52096
5	9.29	49678
6	9.55	45005
7	9.92	38270
8	10.26	29937
9	10.67	21259
10	11.29	12539
11	11.94	5960
12	12.75	2391
13	13.36	916
14	15.04	389
15	16.65	156

Forest Importance
('pub_rec', 0.00036646151659269451)
('delinq_2yrs', 0.0022004321140802318)
('term', 0.002216664070255254)
('verification_status', 0.0038937922847743977)
('even_loan_amnt', 0.0044472154422910935)
('mths_since_last_record', 0.004550290441744478)
('loan_amnt', 0.0046627805202546042)
('purpose', 0.0062198529337081365)
('mod_rate', 0.0085338455316299293)
('home_ownership', 0.011674413145236451)
('open_acc', 0.015311935606724069)
('inq_last_6mths', 0.015418294632693374)
('fico_range_low', 0.020215753323436537)
('mths_since_last_delinq', 0.02098333324773655)
('total_acc', 0.022680608525844779)
('int_pymt', 0.024912273503960854)
('installment', 0.026844169786021211)
('revol_bal', 0.028198690500129242)
('emp_length', 0.029357954461543614)
('dti', 0.02962703499996527)
('urate', 0.031720607719624372)
('revol_util', 0.034661161122351236)
('credit_length', 0.034745037604040227)
('zip_code', 0.035021958464582281)
('avg_urate', 0.036926639460807716)
('med_inc', 0.036939307958791884)
('revol_bal_pct_inc', 0.038078535139325159)
('revol_bal-loan', 0.038600103141652992)
('annual_inc', 0.039819159878520305)
('pct_med_inc', 0.040000766254385541)
('urate_chg', 0.040814699979844916)
('sub_grade', 0.053395812983163579)
('pymt_pct_inc', 0.05649735315754234)
('int_rate', 0.20046306054674465)


Forest Parameters
oob_score: False
n_jobs: 8
verbose: 0
min_density: None
compute_importances: None
max_leaf_nodes: None
bootstrap: True
min_samples_leaf: 100
n_estimators: 400
min_samples_split: 2
random_state: None
criterion: mse
max_features: auto
max_depth: None
