OOS Cutoff = 2013-10-01 00:00:00
Int Range: [0,7]
  LAlpha  UAlpha     ROE    DExp    DAct    Rate     Num
    0.82    4.27    4.40    3.17    2.01    6.41     211
    4.27    4.63    5.76    1.58    0.35    6.12     213
    4.63    4.65    5.92    1.40    0.11    6.04     203
    4.65    4.68    5.13    1.36    0.90    6.03     221
    4.68    4.92    5.35    1.36    0.71    6.05     212
    4.92    5.21    6.04    1.49    0.58    6.62     212
    5.21    5.24    4.97    1.39    1.65    6.62     210
    5.24    5.27    6.62    1.37    0.00    6.62     196
    5.27    5.51    5.81    1.37    0.87    6.68     230
    5.51    5.63    5.98    1.39    0.99    6.97     176

Int Range: [7,10]
  LAlpha  UAlpha     ROE    DExp    DAct    Rate     Num
    3.00    6.13    6.57    3.13    1.75    8.32    1033
    6.13    6.27    7.22    1.52    0.52    7.74    1043
    6.27    6.50    6.54    1.50    1.33    7.87    1039
    6.50    6.55    7.01    1.40    0.91    7.92    1034
    6.55    7.40    7.33    1.75    1.46    8.79    1042
    7.40    7.52    8.05    1.43    0.86    8.91    1038
    7.52    7.86    8.24    1.42    0.78    9.02    1038
    7.86    8.25    7.75    1.49    1.87    9.62    1036
    8.25    8.30    8.30    1.41    1.37    9.68    1011
    8.30    8.55    9.09    1.48    0.83    9.92    1011

Int Range: [10,12]
  LAlpha  UAlpha     ROE    DExp    DAct    Rate     Num
    4.11    7.61    7.55    5.20    4.05   11.60     782
    7.61    9.09    8.72    3.11    2.96   11.67     777
    9.09    9.33    9.45    2.15    1.95   11.40     784
    9.33    9.43    9.80    1.98    1.57   11.37     781
    9.43    9.48    9.39    1.68    1.75   11.14     777
    9.48    9.50   10.04    1.57    1.02   11.06     786
    9.50    9.52   10.37    1.71    0.84   11.21     641
    9.52    9.69   10.39    2.02    1.22   11.61     886
    9.69    9.76   10.60    2.26    1.39   11.99     730
    9.76    9.77   11.43    2.23    0.56   11.99     352

Int Range: [12,13.5]
  LAlpha  UAlpha     ROE    DExp    DAct    Rate     Num
    4.25    7.06    8.95    6.51    3.98   12.93     403
    7.06    9.56    9.10    4.05    3.83   12.93     403
    9.56   10.02    9.46    3.14    3.47   12.93     402
   10.02   10.18   11.58    2.79    1.32   12.90     402
   10.18   10.30   10.95    2.71    2.00   12.95     403
   10.30   10.41   11.55    2.56    1.35   12.91     403
   10.41   10.47   11.08    2.42    1.79   12.87     398
   10.47   10.52   11.70    2.44    1.22   12.92     406
   10.52   10.59   11.22    2.42    1.77   12.99     402
   10.59   10.61   11.84    2.39    1.15   12.99     172

Int Range: [13.5,15]
  LAlpha  UAlpha     ROE    DExp    DAct    Rate     Num
    3.47    7.78   10.47    7.25    3.67   14.14     992
    7.78   10.03   10.81    5.25    3.66   14.47     992
   10.03   10.59   11.72    3.92    2.53   14.25     992
   10.59   10.86   12.09    3.29    1.95   14.04     992
   10.86   11.02   11.15    3.31    3.11   14.26     987
   11.02   11.15   11.69    2.63    2.04   13.73     990
   11.15   11.34   11.19    2.63    2.67   13.86     998
   11.34   11.53   11.44    2.70    2.73   14.17     971
   11.53   11.81   11.39    2.65    2.91   14.30    1013
   11.81   11.91   12.00    2.51    2.37   14.37     824

Int Range: [15,17]
  LAlpha  UAlpha     ROE    DExp    DAct    Rate     Num
    4.24    8.16   10.23    9.40    5.79   16.02     941
    8.16   10.30    9.63    6.10    6.08   15.71     930
   10.30   10.74   11.41    5.23    4.34   15.74     950
   10.74   11.05   13.05    5.13    2.96   16.00     938
   11.05   11.38   12.46    4.69    3.43   15.89     942
   11.38   11.57   13.33    4.43    2.59   15.92     940
   11.57   11.84   12.56    4.25    3.36   15.92     941
   11.84   12.12   13.40    4.07    2.67   16.07     940
   12.12   12.42   12.70    3.50    3.03   15.73     940
   12.42   12.85   13.48    3.26    2.37   15.85     937

Int Range: [17,20]
  LAlpha  UAlpha     ROE    DExp    DAct    Rate     Num
    5.36    9.24    9.98   10.08    8.11   18.09     908
    9.24   11.81   12.89    6.99    5.00   17.89     910
   11.81   12.32   12.35    5.49    5.23   17.58     908
   12.32   12.79   12.88    5.30    4.98   17.86     910
   12.79   13.02   13.26    4.83    4.49   17.75     909
   13.02   13.43   12.79    4.78    5.25   18.04     909
   13.43   13.80   14.14    5.01    4.45   18.59     909
   13.80   14.16   13.65    4.98    5.29   18.94     909
   14.16   14.75   14.57    4.83    4.67   19.24     909
   14.75   15.44   15.96    4.54    3.61   19.57     907

Int Range: [20,30]
  LAlpha  UAlpha     ROE    DExp    DAct    Rate     Num
    4.09   10.31   11.21   14.04   11.67   22.88     665
   10.31   14.43   16.75    7.98    4.43   21.18     665
   14.43   14.90   13.89    6.48    7.28   21.16     665
   14.90   15.27   15.13    6.68    6.64   21.77     665
   15.27   15.55   14.70    6.63    7.35   22.05     665
   15.55   15.75   14.93    6.15    6.86   21.79     654
   15.75   16.09   15.03    6.58    7.47   22.51     676
   16.09   16.52   15.26    6.77    7.77   23.03     665
   16.52   17.20   16.43    7.11    7.50   23.93     665
   17.20   19.23   16.23    7.28    8.96   25.18     664


Forest Importance
('loan_amnt', 0.0)
('pub_rec', 0.0)
('mths_since_last_record', 0.0)
('issue_mth', 0.0)
('emp_length', 0.0)
('delinq_2yrs', 0.0)
('installment', 4.6523750399675644e-06)
('tok4_emp_title_log_odds', 2.961382971276406e-05)
('is_inc_v', 3.9222027264316156e-05)
('fico_range_low', 4.6165793191297246e-05)
('mod_rate', 4.739485594157396e-05)
('total_acc', 5.3244748840505786e-05)
('zip_code', 6.3792426399098201e-05)
('urate_chg', 0.00010643590133694882)
('med_inc', 0.00010684395793157825)
('term', 0.0001426204315847491)
('urate', 0.00016487651915039807)
('title_upper_count', 0.00017655906394994239)
('avg_urate', 0.00018034042274971162)
('open_acc', 0.00018936369269985961)
('even_loan_amnt', 0.00021649545072256922)
('tok5_clean_title_log_odds', 0.00023239069645015876)
('int_pymt', 0.00026665951345216185)
('revol_bal', 0.00030820924457319632)
('short_title_rank', 0.00030951808830211898)
('revol_bal-loan', 0.0004764217499958974)
('title_first_word_rank', 0.00064553501024916765)
('home_ownership', 0.00068474233013640856)
('urate_range', 0.00081886276007143381)
('title_last_word_rank', 0.00087148983362327764)
('credit_length', 0.00098133168469613074)
('revol_util', 0.0010439713752691678)
('dti', 0.0010981651771126376)
('mths_since_last_delinq', 0.00123455547591642)
('tok3_emp_title_log_odds', 0.0028187382666724835)
('title_upper_pct', 0.0043150251661981352)
('caps_per_word', 0.0044470929395950725)
('emp_title_rank', 0.0056495587918432254)
('tok3_clean_title_log_odds', 0.0058171221514349307)
('clean_title_rank', 0.0059744373148380705)
('inq_last_6mths', 0.013704868217818718)
('purpose', 0.015323038092254455)
('pct_med_inc', 0.021382661723355522)
('annual_inc', 0.030216123646973996)
('int_rate', 0.074055198984710899)
('tok4_clean_title_log_odds', 0.32483336212358493)
('sub_grade', 0.48092329814435558)


Forest Parameters
oob_score: False
n_jobs: 8
verbose: 0
min_density: None
compute_importances: None
max_leaf_nodes: None
bootstrap: True
min_samples_leaf: 100
n_estimators: 400
min_samples_split: 2
random_state: None
criterion: mse
max_features: auto
max_depth: 4
