OOS Cutoff = 2014-10-01 00:00:00
Int Range: [0,7]
  LAlpha  UAlpha     ROE    DExp    DAct    Rate     Num
  -10.09    4.52    4.70    2.34    1.55    6.24     393
    4.52    4.94    5.52    1.58    0.80    6.33     392
    4.94    5.22    5.35    1.20    0.93    6.29     393
    5.22    5.39    5.61    0.96    0.66    6.27     392
    5.39    5.54    5.60    0.80    0.67    6.27     393
    5.54    5.67    5.03    0.65    1.23    6.25     392
    5.67    5.80    5.08    0.54    1.20    6.27     393
    5.80    5.96    5.55    0.56    0.88    6.42     392
    5.96    6.18    5.21    0.53    1.37    6.59     393
    6.18    6.93    6.20    0.41    0.59    6.79     392

Int Range: [7,10]
  LAlpha  UAlpha     ROE    DExp    DAct    Rate     Num
   -0.55    4.69    6.17    4.24    2.06    8.23    1106
    4.69    5.25    5.87    3.14    2.26    8.13    1106
    5.25    5.63    5.70    2.72    2.47    8.17    1106
    5.63    5.95    6.27    2.33    1.86    8.13    1106
    5.95    6.19    6.57    2.05    1.55    8.12    1106
    6.19    6.43    7.03    1.73    1.00    8.04    1106
    6.43    6.65    6.76    1.51    1.30    8.05    1106
    6.65    6.93    7.49    1.46    0.75    8.24    1106
    6.93    7.36    6.75    1.53    1.91    8.66    1106
    7.36    8.82    7.93    1.31    1.15    9.08    1105

Int Range: [10,12]
  LAlpha  UAlpha     ROE    DExp    DAct    Rate     Num
   -0.78    5.50    7.64    6.56    3.43   11.07    1021
    5.50    6.33    7.78    5.04    3.22   11.00    1020
    6.33    6.87    8.10    4.39    2.90   11.00    1020
    6.87    7.31    7.35    3.94    3.68   11.03    1020
    7.31    7.69    8.06    3.54    2.99   11.05    1020
    7.69    8.06    8.22    3.20    2.85   11.08    1021
    8.06    8.41    8.81    2.84    2.27   11.08    1020
    8.41    8.79    8.15    2.52    2.96   11.11    1020
    8.79    9.29    9.02    2.20    2.21   11.23    1020
    9.29   10.94    9.42    1.75    2.06   11.48    1020

Int Range: [12,13.5]
  LAlpha  UAlpha     ROE    DExp    DAct    Rate     Num
   -2.63    4.89    6.46    9.27    6.44   12.90    1024
    4.89    5.83    7.65    7.48    5.22   12.88    1024
    5.83    6.51    5.73    6.68    7.14   12.87    1024
    6.51    7.09    7.84    6.06    5.03   12.86    1023
    7.09    7.59    8.01    5.51    4.86   12.87    1024
    7.59    8.10    8.87    5.01    3.99   12.86    1024
    8.10    8.56    9.40    4.55    3.48   12.88    1023
    8.56    9.08    8.99    4.08    3.91   12.89    1024
    9.08    9.71    9.88    3.53    3.03   12.91    1024
    9.71   12.08   10.47    2.67    2.50   12.97    1023

Int Range: [13.5,15]
  LAlpha  UAlpha     ROE    DExp    DAct    Rate     Num
   -3.69    4.59    5.91   11.13    8.49   14.39    1033
    4.59    5.74    6.47    9.16    7.90   14.38    1033
    5.74    6.53    6.85    8.21    7.52   14.37    1033
    6.53    7.23    5.88    7.47    8.49   14.37    1033
    7.23    7.88    6.96    6.85    7.43   14.40    1033
    7.88    8.45    7.39    6.21    6.99   14.38    1033
    8.45    9.05    8.15    5.65    6.24   14.39    1033
    9.05    9.68    8.76    5.03    5.62   14.38    1033
    9.68   10.50    7.83    4.33    6.57   14.40    1033
   10.50   13.15   10.56    3.31    3.95   14.51    1032

Int Range: [15,17]
  LAlpha  UAlpha     ROE    DExp    DAct    Rate     Num
   -9.94    3.09    5.01   15.19   11.27   16.28     727
    3.09    4.65    3.96   12.19   12.18   16.14     726
    4.65    5.66    6.41   10.95    9.71   16.12     726
    5.66    6.50    6.22   10.02    9.90   16.11     726
    6.50    7.25    7.20    9.26    8.92   16.12     726
    7.25    7.96    6.87    8.52    9.25   16.12     726
    7.96    8.70    9.00    7.79    7.12   16.12     726
    8.70    9.44    8.48    7.07    7.65   16.13     726
    9.44   10.46    9.79    6.16    6.32   16.11     726
   10.46   13.34    9.98    4.89    6.17   16.14     726

Int Range: [17,20]
  LAlpha  UAlpha     ROE    DExp    DAct    Rate     Num
  -10.92    0.56    0.24   20.74   18.58   18.83     669
    0.56    2.78    1.65   16.66   16.80   18.45     668
    2.78    4.26    8.10   14.90   10.35   18.45     668
    4.26    5.52    5.93   13.48   12.45   18.38     668
    5.52    6.49    5.90   12.32   12.44   18.34     668
    6.49    7.42    4.68   11.39   13.67   18.35     669
    7.42    8.34    6.15   10.40   12.14   18.29     668
    8.34    9.29    8.85    9.47    9.45   18.30     668
    9.29   10.49    7.42    8.43   10.85   18.27     668
   10.49   15.06    8.81    6.84    9.56   18.37     668

Int Range: [20,30]
  LAlpha  UAlpha     ROE    DExp    DAct    Rate     Num
  -13.68   -4.98   -5.69   30.29   28.82   23.13     406
   -4.98   -2.50    4.57   26.61   18.40   22.96     405
   -2.50   -0.65    2.39   24.42   20.47   22.86     405
   -0.65    1.05   -4.29   22.51   27.02   22.73     406
    1.05    2.79    2.16   20.68   20.46   22.62     405
    2.79    4.34    7.21   19.06   15.42   22.64     405
    4.34    5.88    0.85   17.37   21.65   22.50     406
    5.88    7.46    4.88   15.66   17.42   22.30     405
    7.46    9.47    3.51   13.88   18.76   22.27     405
    9.47   17.95    9.83   11.11   12.57   22.40     405


MinAlpha	ROE	Count
-5	7.04	63279
-4	7.08	63079
-3	7.09	62848
-2	7.10	62535
-1	7.15	62121
0	7.22	61631
1	7.29	60970
2	7.31	60133
3	7.39	58814
4	7.46	56435
5	7.56	51478
6	7.91	41360
7	8.38	29455
8	8.86	19590
9	9.28	10888
10	10.05	4853
11	10.75	1726
12	11.64	468
13	9.85	118
14	12.58	34
15	8.42	13

Forest Importance
('pub_rec', 0.00022095691274396587)
('delinq_2yrs', 0.0004753375370671137)
('term', 0.0024955042414148867)
('loan_amnt', 0.0037001997623575386)
('verification_status', 0.0037204460678757832)
('purpose', 0.0039797159877829483)
('even_loan_amnt', 0.0048482501777661084)
('mths_since_last_major_derog', 0.0049602105362548127)
('mths_since_last_record', 0.0054314184961231264)
('open_acc', 0.011723646966687517)
('inq_last_6mths', 0.014192271069949421)
('mths_since_last_delinq', 0.017115207302896618)
('home_ownership', 0.017470553313941799)
('int_pymt', 0.017768338256977639)
('total_acc', 0.019091254830853069)
('installment', 0.020913541164260023)
('revol_bal', 0.022476259824428642)
('emp_length', 0.024971054752232082)
('revol_util', 0.02620056204249795)
('revol_bal_pct_inc', 0.027752920713336956)
('dti', 0.027866078670995942)
('clean_title_rank', 0.027901292761474964)
('revol_bal-loan', 0.028229399602677181)
('annual_inc', 0.029489824912028773)
('pct_med_inc', 0.030490230412119797)
('tok4_capitalization_log_odds', 0.031013483406644938)
('credit_length', 0.032477804195268481)
('urate', 0.032698225768071527)
('int_pct_inc', 0.034744040546483654)
('pymt_pct_inc', 0.046680326588298203)
('tok4_clean_title_log_odds', 0.057436931276182872)
('int_rate', 0.1302875108232372)
('sub_grade', 0.2411772010790684)


Forest Parameters
oob_score: False
n_jobs: 8
verbose: 0
min_density: None
compute_importances: None
max_leaf_nodes: None
bootstrap: True
min_samples_leaf: 200
n_estimators: 1000
min_samples_split: 2
random_state: None
criterion: mse
max_features: auto
max_depth: None
