Int Range: [12,15]
Percentile, Default Prob cutoff, Good default, bad default, good int_rate, bad int_rate
10, 0.0185250316785, 0.94, 5.52, 13.53, 13.53, 4382, 39436
20, 0.0250955144084, 1.06, 6.06, 13.57, 13.52, 8764, 35054
30, 0.0315167074173, 1.41, 6.62, 13.59, 13.51, 13146, 30672
40, 0.0380046294031, 1.84, 7.21, 13.58, 13.50, 17527, 26291
50, 0.0449475872643, 2.17, 7.95, 13.57, 13.50, 21909, 21909
60, 0.052478869412, 2.54, 8.84, 13.55, 13.51, 26291, 17527
70, 0.0616671102707, 2.98, 9.90, 13.53, 13.53, 30672, 13146
80, 0.0730157150567, 3.47, 11.42, 13.52, 13.57, 35054, 8764
90, 0.0895711151509, 4.15, 13.26, 13.52, 13.65, 39436, 4382
Int Range: [15,20]
Percentile, Default Prob cutoff, Good default, bad default, good int_rate, bad int_rate
10, 0.0305478098514, 1.71, 8.72, 16.61, 17.23, 4513, 40613
20, 0.0422303850847, 2.17, 9.48, 16.72, 17.27, 9026, 36100
30, 0.0527708207035, 2.65, 10.31, 16.78, 17.33, 13538, 31588
40, 0.0626351510523, 3.29, 11.17, 16.85, 17.37, 18051, 27075
50, 0.07273083747, 3.94, 12.09, 16.89, 17.44, 22563, 22563
60, 0.0831321510481, 4.51, 13.27, 16.93, 17.51, 27076, 18050
70, 0.0946418867409, 5.17, 14.66, 16.98, 17.60, 31588, 13538
80, 0.108100302985, 5.92, 16.39, 17.02, 17.72, 36101, 9025
90, 0.126915932822, 6.82, 18.79, 17.08, 17.89, 40613, 4513
Int Range: [20,30]
Percentile, Default Prob cutoff, Good default, bad default, good int_rate, bad int_rate
10, 0.0533312821388, 2.98, 12.15, 21.91, 22.48, 1411, 12698
20, 0.0677800056551, 3.90, 13.07, 22.16, 22.48, 2822, 11287
30, 0.0793801146142, 4.89, 13.95, 22.23, 22.50, 4233, 9876
40, 0.0901940945192, 5.85, 14.83, 22.24, 22.54, 5644, 8465
50, 0.100794749432, 6.58, 15.89, 22.28, 22.56, 7055, 7054
60, 0.112095114528, 7.63, 16.64, 22.31, 22.59, 8465, 5644
70, 0.124556635053, 8.30, 18.07, 22.34, 22.60, 9876, 4233
80, 0.139007221642, 9.14, 19.60, 22.36, 22.66, 11287, 2822
90, 0.159395722418, 10.06, 21.76, 22.39, 22.70, 12698, 1411


Forest Importance
('delinq_2yrs', 0.00098064405945274776)
('pub_rec', 0.0021071156548027529)
('term', 0.0035809983519274852)
('mths_since_last_record', 0.0036415149786878705)
('even_loan_amnt', 0.0047919513093307026)
('home_ownership', 0.0049680560371626542)
('title_num_words', 0.0060056377335715536)
('is_inc_v', 0.0073406906897021673)
('title_upper_count', 0.0091144481815488478)
('open_acc', 0.0094998270818578007)
('mths_since_last_delinq', 0.011403292385361053)
('emp_length', 0.011976543926055006)
('loan_amnt', 0.012434151734962864)
('total_acc', 0.013714539923726198)
('title_len', 0.014162684218868739)
('purpose', 0.015793137997663055)
('inq_last_6mths', 0.015960393196956538)
('dti', 0.016910340678837045)
('fico_range_low', 0.018998413311172961)
('credit_length', 0.019917349328464728)
('issue_mth', 0.020153062849381561)
('revol_bal', 0.020414099153252784)
('title_upper_pct', 0.020873140459594694)
('zip_code', 0.021775294062556426)
('revol_util', 0.022204397163449657)
('urate_range', 0.023123581375415703)
('installment', 0.023261918755873842)
('revol_bal-loan', 0.024655895352554462)
('max_urate', 0.02987075257649336)
('min_urate', 0.030581593455171734)
('int_pymt', 0.032001703024996594)
('title_num', 0.034512654223071426)
('annual_inc', 0.048713883363057479)
('urate_chg', 0.050451221085833116)
('avg_urate', 0.058778888319856115)
('title_word1_rank', 0.062113100099783047)
('sub_grade', 0.075896167874330636)
('urate', 0.076357937642657067)
('int_rate', 0.12095897838255749)


Forest Parameters
oob_score: False
n_jobs: 1
verbose: 2
min_density: None
compute_importances: None
max_leaf_nodes: None
bootstrap: True
min_samples_leaf: 100
n_estimators: 400
min_samples_split: 2
random_state: None
criterion: gini
max_features: auto
max_depth: None
