OOS Cutoff = 2014-05-01 00:00:00
Int Range: [0,7]
  LAlpha  UAlpha     ROE    DExp    DAct    Rate     Num
    2.36    4.40    6.19    2.36    0.00    6.19     189
    4.40    4.86    6.19    1.54    0.00    6.19     189
    4.86    5.16    5.11    1.14    1.04    6.16     189
    5.16    5.39    6.18    0.90    0.00    6.18     189
    5.39    5.54    6.18    0.71    0.00    6.18     189
    5.54    5.67    6.17    0.56    0.00    6.17     189
    5.67    5.78    6.14    0.41    0.00    6.14     189
    5.78    5.90    6.04    0.34    0.14    6.18     189
    5.90    6.10    6.36    0.37    0.00    6.36     189
    6.10    6.45    6.49    0.25    0.00    6.49     189

Int Range: [7,10]
  LAlpha  UAlpha     ROE    DExp    DAct    Rate     Num
    2.35    5.77    6.95    2.64    0.84    7.80     602
    5.77    6.29    7.27    1.83    0.61    7.88     602
    6.29    6.65    6.44    1.40    1.43    7.87     601
    6.65    6.91    7.07    1.15    0.85    7.92     602
    6.91    7.15    7.19    1.11    0.94    8.13     601
    7.15    7.39    7.80    1.00    0.48    8.28     602
    7.39    7.65    7.63    0.92    0.81    8.44     602
    7.65    7.96    7.80    0.94    0.94    8.75     601
    7.96    8.32    7.94    0.77    0.96    8.90     602
    8.32    9.13    8.83    0.56    0.34    9.17     601

Int Range: [10,12]
  LAlpha  UAlpha     ROE    DExp    DAct    Rate     Num
    1.30    7.00    9.74    4.63    0.97   10.71     734
    7.00    7.74    9.50    3.31    1.22   10.72     734
    7.74    8.20    9.60    2.77    1.14   10.75     734
    8.20    8.56    9.42    2.39    1.35   10.77     733
    8.56    8.85    9.36    2.17    1.52   10.88     734
    8.85    9.14   10.15    1.95    0.78   10.94     734
    9.14    9.43    9.43    1.79    1.65   11.07     733
    9.43    9.76   10.33    1.65    0.91   11.24     734
    9.76   10.14    9.73    1.43    1.64   11.37     734
   10.14   11.44   10.72    1.06    0.83   11.56     733

Int Range: [12,13.5]
  LAlpha  UAlpha     ROE    DExp    DAct    Rate     Num
    1.23    7.38   11.43    6.77    1.64   13.07     774
    7.38    8.22   10.94    5.20    2.10   13.04     773
    8.22    8.79   10.78    4.47    2.22   13.00     773
    8.79    9.22   10.80    3.97    2.18   12.98     773
    9.22    9.60   10.27    3.57    2.70   12.97     773
    9.60    9.95   11.12    3.15    1.81   12.94     774
    9.95   10.28   11.67    2.80    1.24   12.92     773
   10.28   10.61   11.39    2.45    1.50   12.89     773
   10.61   11.01   11.67    2.09    1.22   12.89     773
   11.01   12.32   11.28    1.57    1.64   12.92     773

Int Range: [13.5,15]
  LAlpha  UAlpha     ROE    DExp    DAct    Rate     Num
    1.70    7.37    9.94    8.19    4.50   14.44     790
    7.37    8.35   12.85    6.56    1.59   14.44     790
    8.35    9.00   11.99    5.74    2.44   14.43     790
    9.00    9.55   11.37    5.14    3.05   14.42     790
    9.55   10.01   12.19    4.65    2.25   14.44     790
   10.01   10.43   11.82    4.23    2.62   14.44     790
   10.43   10.88   11.55    3.81    2.93   14.47     790
   10.88   11.37   12.12    3.36    2.34   14.47     790
   11.37   11.97   12.85    2.89    1.68   14.53     790
   11.97   14.09   12.94    2.18    1.70   14.65     790

Int Range: [15,17]
  LAlpha  UAlpha     ROE    DExp    DAct    Rate     Num
   -1.92    6.45   11.96   11.67    4.56   16.52     636
    6.45    7.76   11.62    9.17    4.73   16.36     635
    7.76    8.67   12.12    8.05    4.16   16.29     636
    8.67    9.46   11.68    7.18    4.57   16.25     635
    9.46   10.08   12.11    6.46    4.11   16.23     635
   10.08   10.68   13.46    5.76    2.70   16.16     636
   10.68   11.28   14.40    5.21    1.78   16.19     635
   11.28   11.89   13.54    4.56    2.60   16.14     636
   11.89   12.62   14.10    3.92    2.07   16.16     635
   12.62   14.62   12.90    2.95    3.27   16.17     635

Int Range: [17,20]
  LAlpha  UAlpha     ROE    DExp    DAct    Rate     Num
   -5.58    5.36    9.92   15.04    8.48   18.40     555
    5.36    7.03   15.19   12.13    3.18   18.38     555
    7.03    8.28   11.87   10.68    6.50   18.36     555
    8.28    9.16   12.69    9.63    5.66   18.35     555
    9.16   10.01   13.93    8.82    4.48   18.40     555
   10.01   10.78   14.87    8.03    3.55   18.42     555
   10.78   11.44   14.06    7.31    4.36   18.42     555
   11.44   12.23   15.24    6.71    3.29   18.53     555
   12.23   13.21   14.85    5.83    3.68   18.53     555
   13.21   16.38   15.75    4.74    3.01   18.76     555

Int Range: [20,30]
  LAlpha  UAlpha     ROE    DExp    DAct    Rate     Num
  -12.17    1.65   13.49   25.90   10.60   24.09     368
    1.65    4.87    9.20   19.73   13.93   23.13     367
    4.87    6.88   16.14   16.50    6.31   22.45     367
    6.88    8.38   12.79   14.64    9.50   22.29     367
    8.38    9.68   15.75   13.30    6.57   22.32     367
    9.68   10.76   12.94   11.91    9.21   22.14     367
   10.76   11.81   12.99   10.78    9.08   22.07     367
   11.81   12.98   16.84    9.57    5.14   21.98     367
   12.98   14.33   16.31    8.57    5.91   22.22     367
   14.33   19.10   16.84    7.30    5.97   22.81     367


MinAlpha	ROE	Count
-5	11.19	46405
-4	11.18	46385
-3	11.18	46354
-2	11.18	46313
-1	11.17	46249
0	11.17	46175
1	11.19	46075
2	11.19	45913
3	11.20	45671
4	11.20	45192
5	11.28	44047
6	11.47	41112
7	11.71	36942
8	12.04	30925
9	12.52	23506
10	13.11	15695
11	13.90	8622
12	14.66	4275
13	15.53	1847
14	16.28	724
15	16.00	283

Forest Importance
('pub_rec', 0.00025010836996775573)
('delinq_2yrs', 0.002105449102550777)
('is_inc_v', 0.0030715275377178942)
('term', 0.003208870917066287)
('loan_amnt', 0.0034172958047879506)
('even_loan_amnt', 0.0034753082767234517)
('mths_since_last_record', 0.0037724932867661321)
('purpose', 0.0039377223259446804)
('sub_grade', 0.0058596913028196784)
('mod_rate', 0.0068241170154641206)
('home_ownership', 0.0077981517782446195)
('inq_last_6mths', 0.011271237708303905)
('open_acc', 0.011588527377386484)
('fico_range_low', 0.01523590012399648)
('mths_since_last_delinq', 0.016406050085720731)
('total_acc', 0.017316133464065967)
('int_pymt', 0.018558460492611967)
('clean_title_rank', 0.018832768385956111)
('emp_title_rank', 0.019912860869994969)
('installment', 0.021018072693752263)
('annual_inc', 0.02149807014009868)
('emp_length', 0.021733609724909293)
('revol_bal', 0.022181481494804086)
('urate', 0.022944006242645681)
('short_title_rank', 0.023518981241173919)
('zip_code', 0.024692955167324442)
('dti', 0.024891574911474153)
('avg_urate', 0.02644713991000076)
('revol_util', 0.0269860244409411)
('med_inc', 0.02727499685530662)
('revol_bal_pct_inc', 0.027991318006843818)
('pct_med_inc', 0.027999545897309554)
('urate_range', 0.028183686787896546)
('hpa4', 0.02859902335550164)
('revol_bal-loan', 0.029090461900634471)
('credit_length', 0.029447577166867359)
('urate_chg', 0.031783364705601218)
('pymt_pct_inc', 0.048962980276300111)
('tok4_clean_title_log_odds', 0.071305439530416098)
('int_rate', 0.24060701532410847)


Forest Parameters
oob_score: False
n_jobs: 8
verbose: 0
min_density: None
compute_importances: None
max_leaf_nodes: None
bootstrap: True
min_samples_leaf: 100
n_estimators: 400
min_samples_split: 2
random_state: None
criterion: mse
max_features: auto
max_depth: None
