OOS Cutoff = 2016-01-01

 LPrepay UPrepay    PExp    PAct    Rate     Num
    2.99    7.68    6.47    5.89   11.54    7177
    7.68    9.17    8.45    8.47   11.98    7176
    9.17   10.41    9.81    9.12   12.34    7176
   10.41   11.57   11.00   10.03   12.45    7176
   11.57   12.77   12.17   11.62   12.62    7176
   12.77   14.09   13.42   12.17   12.63    7176
   14.09   15.59   14.82   13.50   12.80    7176
   15.59   17.55   16.52   15.06   12.94    7176
   17.55   20.60   18.93   18.34   12.75    7176
   20.60   40.53   24.25   23.05   12.21    7177


MinPrepay	AvgLowPrepay	AvgHighPrepay
5	12.80	3.62
6	12.96	4.57
7	13.24	5.31
8	13.63	6.03
9	14.07	6.89
10	14.62	7.46
11	15.19	8.14
12	15.95	8.54
13	16.61	9.12
14	17.40	9.53
15	18.30	9.89
16	19.25	10.23
17	20.09	10.58
18	21.17	10.86
19	22.01	11.14
20	22.77	11.41
21	23.41	11.65
22	24.51	11.82
23	25.29	12.00
24	25.98	12.15
25	27.23	12.26
26	29.45	12.32
27	29.91	12.41
28	32.07	12.47
29	34.04	12.52
30	36.56	12.56

Forest Importance
('even_loan_amnt', 0.002696422808040287)
('loan_amnt', 0.0045417694712281643)
('inq_last_6mths', 0.0047086383995593459)
('purpose', 0.0051373512512242151)
('home_ownership', 0.013240328113071773)
('revol_bal-loan', 0.016079241925159728)
('int_pct_inc', 0.0174762007877401)
('urate_chg', 0.019155812771475753)
('pymt_pct_inc', 0.021358811234594745)
('credit_length', 0.021899415000854544)
('fico_range_low', 0.025557321205714939)
('installment', 0.026417976015926839)
('revol_bal_pct_inc', 0.029552784764423769)
('sub_grade', 0.037261401140822159)
('mths_since_last_delinq', 0.040579939943497081)
('term', 0.042859719974033136)
('hpa4', 0.04646724410369573)
('dti', 0.060230820543485011)
('int_rate', 0.072080794092708012)
('total_acc', 0.075760830238184751)
('pctlo', 0.079761372441132614)
('loan_pct_income', 0.12166452857393915)
('revol_util', 0.21551127519948829)


Forest Parameters
oob_score: False
n_jobs: 8
verbose: 0
min_density: None
compute_importances: None
max_leaf_nodes: None
bootstrap: True
min_samples_leaf: 400
n_estimators: 200
min_samples_split: 2
random_state: None
criterion: mse
max_features: auto
max_depth: None
