OOS Cutoff = 2014-03-01 00:00:00
Int Range: [0,7]
  LAlpha  UAlpha     ROE    DExp    DAct    Rate     Num
   -1.13    3.38    5.16    4.04    1.21    6.37      94
    3.38    4.04    6.31    2.60    0.00    6.31      94
    4.04    4.47    6.31    2.05    0.00    6.31      94
    4.47    4.83    6.33    1.67    0.00    6.33      93
    4.83    5.12    5.11    1.35    1.21    6.32      94
    5.12    5.33    6.09    1.14    0.28    6.37      94
    5.33    5.53    6.34    0.92    0.00    6.34      93
    5.53    5.71    6.41    0.81    0.00    6.41      94
    5.71    6.00    5.60    0.68    0.91    6.51      94
    6.00    6.53    6.62    0.43    0.00    6.62      93

Int Range: [7,10]
  LAlpha  UAlpha     ROE    DExp    DAct    Rate     Num
   -2.33    4.81    5.89    4.72    2.49    8.38     547
    4.81    5.64    7.53    3.06    0.79    8.32     546
    5.64    6.13    7.36    2.51    1.04    8.40     546
    6.13    6.52    6.53    2.03    1.84    8.37     547
    6.52    6.87    7.05    1.71    1.36    8.41     546
    6.87    7.18    8.19    1.43    0.26    8.45     546
    7.18    7.49    7.33    1.30    1.29    8.62     547
    7.49    7.90    8.06    1.40    1.02    9.07     546
    7.90    8.39    8.13    1.15    1.17    9.30     546
    8.39    9.59    8.10    0.78    1.43    9.52     546

Int Range: [10,12]
  LAlpha  UAlpha     ROE    DExp    DAct    Rate     Num
    0.04    6.45    9.16    6.37    2.21   11.37     374
    6.45    7.45    9.10    4.41    2.29   11.39     374
    7.45    8.07    9.69    3.63    1.71   11.40     374
    8.07    8.53    8.45    3.10    2.96   11.42     374
    8.53    8.92    9.91    2.70    1.52   11.43     374
    8.92    9.26   10.07    2.42    1.43   11.50     374
    9.26    9.59    9.39    2.17    2.20   11.59     374
    9.59    9.97    9.44    1.78    2.12   11.56     374
    9.97   10.43   10.32    1.54    1.41   11.73     374
   10.43   11.72   11.32    1.07    0.60   11.92     374

Int Range: [12,13.5]
  LAlpha  UAlpha     ROE    DExp    DAct    Rate     Num
    0.00    6.59    9.49    7.53    3.35   12.84     436
    6.59    7.62    8.80    5.68    4.03   12.83     436
    7.62    8.28    7.38    4.82    5.40   12.78     436
    8.28    8.80    9.80    4.23    2.96   12.77     436
    8.80    9.21    9.98    3.73    2.76   12.74     436
    9.21    9.63   10.39    3.32    2.33   12.73     436
    9.63   10.03   10.71    2.89    2.01   12.71     436
   10.03   10.45   10.90    2.48    1.81   12.71     436
   10.45   10.98   10.48    2.03    2.26   12.74     436
   10.98   12.43   11.37    1.33    1.36   12.73     436

Int Range: [13.5,15]
  LAlpha  UAlpha     ROE    DExp    DAct    Rate     Num
   -1.67    6.01    8.83    9.59    5.36   14.19     628
    6.01    7.22    9.18    7.50    4.99   14.17     627
    7.22    8.12    9.76    6.45    4.39   14.15     628
    8.12    8.78    8.91    5.66    5.22   14.13     627
    8.78    9.36    8.56    5.08    5.59   14.15     628
    9.36    9.87   10.71    4.50    3.41   14.12     627
    9.87   10.41   10.35    4.01    3.82   14.16     628
   10.41   10.97   11.01    3.48    3.15   14.16     627
   10.97   11.62   11.46    2.90    2.72   14.18     628
   11.62   14.01   11.18    2.04    3.07   14.26     627

Int Range: [15,17]
  LAlpha  UAlpha     ROE    DExp    DAct    Rate     Num
   -6.45    5.54    7.56   12.20    8.41   15.97     581
    5.54    7.03    7.64    9.52    8.23   15.87     581
    7.03    8.04   10.30    8.27    5.55   15.85     581
    8.04    8.81   10.59    7.32    5.17   15.76     581
    8.81    9.52   11.13    6.59    4.64   15.77     581
    9.52   10.14   10.65    5.95    5.12   15.77     581
   10.14   10.77   10.32    5.27    5.43   15.75     581
   10.77   11.40   12.94    4.64    2.78   15.72     581
   11.40   12.26   12.65    3.92    3.08   15.73     581
   12.26   15.16   13.47    2.86    2.30   15.76     580

Int Range: [17,20]
  LAlpha  UAlpha     ROE    DExp    DAct    Rate     Num
  -13.38    3.39    4.21   17.90   14.38   18.59     568
    3.39    5.47   12.45   13.99    6.09   18.54     567
    5.47    6.90    8.52   12.38   10.07   18.59     568
    6.90    7.98   12.20   11.13    6.38   18.58     567
    7.98    8.85    9.81   10.18    8.80   18.62     567
    8.85    9.73   11.42    9.35    7.23   18.65     568
    9.73   10.68   10.98    8.49    7.69   18.68     567
   10.68   11.59   13.37    7.62    5.40   18.77     568
   11.59   12.76   14.72    6.58    4.03   18.74     567
   12.76   17.24   14.65    5.20    4.33   18.98     567

Int Range: [20,30]
  LAlpha  UAlpha     ROE    DExp    DAct    Rate     Num
  -23.95   -1.16   -1.08   28.64   24.36   23.28     330
   -1.16    2.60   12.71   21.95   10.27   22.98     329
    2.60    4.98    9.74   18.72   12.84   22.58     330
    4.98    6.64   11.54   16.73   11.00   22.54     329
    6.64    8.12    9.79   14.88   12.50   22.29     329
    8.12    9.44    6.73   13.28   15.36   22.09     330
    9.44   10.63    9.92   12.11   12.20   22.13     329
   10.63   11.92   13.40   10.78    8.64   22.04     330
   11.92   13.60    8.29    9.39   13.82   22.11     329
   13.60   19.74   14.82    7.38    7.71   22.53     329


MinAlpha	ROE	Count
-5	9.79	35394
-4	9.82	35347
-3	9.86	35292
-2	9.86	35214
-1	9.88	35092
0	9.88	34959
1	9.89	34746
2	9.90	34400
3	9.94	33898
4	9.95	33030
5	10.04	31505
6	10.22	28795
7	10.50	25108
8	10.77	20569
9	11.37	15392
10	11.92	10148
11	12.69	5700
12	13.13	2719
13	13.58	1149
14	14.64	470
15	14.73	204

Forest Importance
('pub_rec', 0.00047731794974161993)
('term', 0.0018010874782976355)
('delinq_2yrs', 0.0020841361677688777)
('is_inc_v', 0.0036495044525524027)
('mths_since_last_record', 0.0037495766993972108)
('even_loan_amnt', 0.0040860303544208096)
('loan_amnt', 0.0046103553262193779)
('purpose', 0.0052570297912705568)
('home_ownership', 0.0071139367323604721)
('mod_rate', 0.0083358062953683629)
('inq_last_6mths', 0.010894474862432214)
('open_acc', 0.012864024955241627)
('fico_range_low', 0.017441037691617256)
('mths_since_last_delinq', 0.017704904223279361)
('tok4_capitalization_log_odds', 0.018504658862721159)
('clean_title_rank', 0.019907185306328814)
('int_pymt', 0.020322359617883694)
('total_acc', 0.020805472093658631)
('emp_title_rank', 0.023145962598342843)
('emp_length', 0.023271942079898404)
('installment', 0.023289198552695751)
('annual_inc', 0.024547364290707464)
('revol_bal', 0.025277702835449337)
('dti', 0.026861990329649806)
('zip_code', 0.027031177320293431)
('short_title_rank', 0.029183683765533989)
('revol_util', 0.030009763948680775)
('credit_length', 0.030798816869467477)
('urate', 0.031084439957923916)
('pct_med_inc', 0.033576148632178927)
('med_inc', 0.033695830363052168)
('sub_grade', 0.033751718475545471)
('revol_bal-loan', 0.034412899513746258)
('revol_bal_pct_inc', 0.035262263959661311)
('avg_urate', 0.03585295999404689)
('urate_chg', 0.038249070908635857)
('hpa4', 0.038317803460124568)
('pymt_pct_inc', 0.045592257701137083)
('tok4_clean_title_log_odds', 0.060635091636656292)
('int_rate', 0.13654301394601182)


Forest Parameters
oob_score: False
n_jobs: 8
verbose: 0
min_density: None
compute_importances: None
max_leaf_nodes: None
bootstrap: True
min_samples_leaf: 50
n_estimators: 400
min_samples_split: 2
random_state: None
criterion: mse
max_features: auto
max_depth: None
