OOS Cutoff = 2015-01-01
Int Range: [0,7]
  LAlpha  UAlpha     ROE    DExp    DAct    Rate     Num
  -19.64    4.59    5.48    2.35    0.98    6.46     526
    4.59    4.93    5.71    1.64    0.70    6.41     525
    4.93    5.15    5.79    1.37    0.62    6.41     526
    5.15    5.32    6.19    1.17    0.22    6.41     525
    5.32    5.47    5.87    1.04    0.57    6.44     525
    5.47    5.62    6.12    0.93    0.35    6.47     526
    5.62    5.77    6.24    0.89    0.34    6.58     525
    5.77    5.92    6.12    0.83    0.54    6.67     526
    5.92    6.13    6.09    0.74    0.66    6.76     525
    6.13    6.78    6.59    0.61    0.34    6.93     525

Int Range: [7,10]
  LAlpha  UAlpha     ROE    DExp    DAct    Rate     Num
    1.46    4.73    5.38    4.38    3.13    8.50    1155
    4.73    5.24    6.37    3.36    1.99    8.37    1155
    5.24    5.60    6.57    2.98    1.85    8.41    1155
    5.60    5.87    6.59    2.65    1.79    8.38    1154
    5.87    6.13    6.64    2.37    1.72    8.37    1155
    6.13    6.37    7.23    2.16    1.18    8.41    1155
    6.37    6.62    6.76    1.96    1.69    8.45    1154
    6.62    6.90    7.03    1.84    1.57    8.60    1155
    6.90    7.31    7.72    1.76    1.12    8.85    1155
    7.31    8.88    8.45    1.65    0.91    9.36    1154

Int Range: [10,12]
  LAlpha  UAlpha     ROE    DExp    DAct    Rate     Num
    0.19    5.23    6.34    7.27    5.13   11.47     908
    5.23    6.01    7.40    5.70    3.96   11.36     907
    6.01    6.56    8.93    5.01    2.37   11.30     908
    6.56    6.99    6.32    4.50    4.96   11.28     907
    6.99    7.37    8.58    4.07    2.67   11.25     908
    7.37    7.74    8.20    3.70    3.05   11.25     907
    7.74    8.09    8.21    3.35    3.05   11.26     908
    8.09    8.48    9.22    2.99    2.06   11.28     907
    8.48    8.94    9.03    2.54    2.21   11.24     908
    8.94   10.43    8.22    2.08    3.21   11.43     907

Int Range: [12,13.5]
  LAlpha  UAlpha     ROE    DExp    DAct    Rate     Num
   -1.34    4.27    7.87    9.60    4.87   12.74     816
    4.27    5.17    6.62    7.94    6.09   12.71     816
    5.17    5.83    7.73    7.15    4.94   12.68     816
    5.83    6.39    8.69    6.56    3.99   12.68     816
    6.39    6.87    7.12    6.02    5.54   12.66     816
    6.87    7.36    7.46    5.59    5.25   12.71     816
    7.36    7.84    9.14    5.09    3.56   12.69     816
    7.84    8.38    9.07    4.61    3.63   12.71     816
    8.38    9.07    8.75    4.04    3.98   12.73     816
    9.07   11.38   10.00    3.12    2.78   12.79     816

Int Range: [13.5,15]
  LAlpha  UAlpha     ROE    DExp    DAct    Rate     Num
   -1.81    4.13    6.47   11.31    7.73   14.20     851
    4.13    5.11    6.25    9.55    7.97   14.22     850
    5.11    5.87    7.99    8.75    6.26   14.25     850
    5.87    6.54   10.54    8.04    3.71   14.25     851
    6.54    7.14    8.89    7.40    5.36   14.25     850
    7.14    7.73    8.45    6.83    5.82   14.27     850
    7.73    8.34    9.86    6.23    4.40   14.26     851
    8.34    9.03   10.64    5.63    3.66   14.30     850
    9.03    9.95    9.43    4.84    4.88   14.30     850
    9.95   12.80    9.77    3.72    4.64   14.41     850

Int Range: [15,17]
  LAlpha  UAlpha     ROE    DExp    DAct    Rate     Num
   -9.33    1.43    4.74   16.83   11.37   16.11     631
    1.43    3.33    3.84   13.60   12.22   16.06     631
    3.33    4.52    5.32   12.12   10.76   16.08     630
    4.52    5.46    7.10   11.04    8.96   16.06     631
    5.46    6.24    7.52   10.22    8.55   16.07     630
    6.24    6.99    8.51    9.39    7.51   16.02     631
    6.99    7.74    9.99    8.64    6.01   16.01     631
    7.74    8.57    9.53    7.89    6.50   16.03     630
    8.57    9.58    8.22    7.00    7.84   16.06     631
    9.58   12.81   10.98    5.64    5.05   16.03     630

Int Range: [17,20]
  LAlpha  UAlpha     ROE    DExp    DAct    Rate     Num
  -10.95   -1.12    0.52   22.37   18.32   18.83     686
   -1.12    1.25    3.85   18.37   14.72   18.56     686
    1.25    2.90    6.29   16.34   12.17   18.46     686
    2.90    4.15    5.45   14.77   12.86   18.31     685
    4.15    5.25    3.17   13.53   15.08   18.25     686
    5.25    6.19    8.92   12.48    9.28   18.21     686
    6.19    7.21    6.74   11.51   11.46   18.20     685
    7.21    8.28    6.73   10.44   11.43   18.16     686
    8.28    9.52    9.62    9.22    8.49   18.11     686
    9.52   13.60    9.74    7.51    8.43   18.16     685

Int Range: [20,30]
  LAlpha  UAlpha     ROE    DExp    DAct    Rate     Num
  -12.30   -6.03   -5.55   31.21   28.90   23.35     311
   -6.03   -3.80   -0.51   27.98   23.59   23.08     311
   -3.80   -2.11    0.29   26.26   23.01   23.30     311
   -2.11   -0.55   -0.01   24.48   23.22   23.21     311
   -0.55    0.96    3.50   22.96   19.66   23.17     311
    0.96    2.34    7.57   21.41   15.49   23.06     311
    2.34    3.85    3.63   19.99   19.50   23.13     311
    3.85    5.48   10.14   18.25   12.73   22.87     311
    5.48    7.75    8.35   16.50   14.66   23.01     311
    7.75   16.26    7.65   12.84   15.27   22.92     310


MinAlpha	ROE	Count
-5	7.38	58197
-4	7.41	57945
-3	7.43	57623
-2	7.49	57233
-1	7.54	56755
0	7.59	56116
1	7.62	55314
2	7.66	54264
3	7.72	52817
4	7.82	50156
5	8.08	44303
6	8.45	32470
7	8.94	20861
8	9.44	11898
9	9.48	5568
10	10.53	2062
11	11.26	649
12	12.07	152
13	10.92	40
14	5.99	14
15	16.51	5

Forest Importance
('purpose', 0.0015983019646711829)
('even_loan_amnt', 0.0034117606375327551)
('loan_amnt', 0.010457886804378973)
('avg_urate', 0.01313831531289282)
('total_acc', 0.013694431472003223)
('urate', 0.013743377519070026)
('installment', 0.016481985746148516)
('urate_chg', 0.017047766311602038)
('revol_util', 0.017241731808592831)
('clean_title_rank', 0.018241548973614068)
('home_ownership', 0.019410914962893374)
('annual_inc', 0.019667378299679395)
('revol_bal_pct_inc', 0.019903310013811126)
('pct_med_inc', 0.01992299466371291)
('emp_length', 0.020570046126352288)
('int_pct_inc', 0.021074694557135395)
('revol_bal-loan', 0.021696551168509878)
('hpa4', 0.024512958466084873)
('dti', 0.030775762592277784)
('caploC', 0.032821975953054985)
('credit_length', 0.040178697493238262)
('pymt_pct_inc', 0.040720047648054321)
('ctloC', 0.053044069456594511)
('sub_grade', 0.51064349204809434)


Forest Parameters
oob_score: False
n_jobs: 8
verbose: 0
min_density: None
compute_importances: None
max_leaf_nodes: None
bootstrap: True
min_samples_leaf: 400
n_estimators: 200
min_samples_split: 2
random_state: None
criterion: mse
max_features: auto
max_depth: None
