OOS Cutoff = 2014-02-01 00:00:00
Int Range: [0,7]
  LAlpha  UAlpha     ROE    DExp    DAct    Rate     Num
   -2.19    3.38    4.66    3.74    1.63    6.29     215
    3.38    3.94    4.94    2.57    1.33    6.27     215
    3.94    4.32    5.35    2.11    0.93    6.27     215
    4.32    4.59    5.62    1.82    0.65    6.27     215
    4.59    4.81    5.92    1.61    0.40    6.32     215
    4.81    5.03    5.93    1.40    0.40    6.33     215
    5.03    5.27    5.44    1.22    0.93    6.37     215
    5.27    5.46    5.14    0.95    1.18    6.32     215
    5.46    5.75    5.98    0.77    0.40    6.38     215
    5.75    6.48    6.57    0.58    0.00    6.57     215

Int Range: [7,10]
  LAlpha  UAlpha     ROE    DExp    DAct    Rate     Num
   -0.98    4.88    5.60    4.25    2.66    8.26    1061
    4.88    5.53    6.02    2.96    2.17    8.19    1060
    5.53    5.99    6.74    2.45    1.48    8.22    1061
    5.99    6.33    6.80    2.15    1.51    8.31    1060
    6.33    6.64    7.30    1.93    1.12    8.41    1060
    6.64    6.92    6.85    1.75    1.68    8.53    1061
    6.92    7.22    7.18    1.57    1.46    8.64    1060
    7.22    7.60    7.36    1.52    1.55    8.92    1061
    7.60    8.08    7.48    1.38    1.73    9.22    1060
    8.08    9.49    7.80    0.97    1.62    9.43    1060

Int Range: [10,12]
  LAlpha  UAlpha     ROE    DExp    DAct    Rate     Num
   -1.10    6.34    6.59    6.05    4.64   11.22     823
    6.34    7.28    8.65    4.34    2.55   11.21     822
    7.28    7.85    8.81    3.59    2.37   11.18     822
    7.85    8.26    6.74    3.19    4.52   11.25     823
    8.26    8.61    8.98    2.84    2.30   11.28     822
    8.61    8.94    9.10    2.56    2.24   11.34     822
    8.94    9.27    8.07    2.30    3.33   11.40     823
    9.27    9.64    8.90    2.05    2.60   11.50     822
    9.64   10.13    9.46    1.77    2.18   11.63     822
   10.13   11.68    9.84    1.27    2.00   11.84     822

Int Range: [12,13.5]
  LAlpha  UAlpha     ROE    DExp    DAct    Rate     Num
   -2.73    6.84    7.06    7.31    5.80   12.87     873
    6.84    7.84    7.22    5.43    5.60   12.83     873
    7.84    8.49    7.71    4.65    5.11   12.82     873
    8.49    8.94    8.82    4.08    3.99   12.81     873
    8.94    9.32    8.69    3.65    4.10   12.79     873
    9.32    9.67    9.06    3.30    3.74   12.80     873
    9.67   10.04    8.90    2.93    3.89   12.79     873
   10.04   10.41    9.99    2.56    2.79   12.78     873
   10.41   10.86    9.28    2.16    3.50   12.78     873
   10.86   12.25   10.00    1.57    2.84   12.84     872

Int Range: [13.5,15]
  LAlpha  UAlpha     ROE    DExp    DAct    Rate     Num
   -3.30    5.46    5.76   10.24    8.53   14.29    1265
    5.46    6.70    7.83    8.14    6.43   14.27    1264
    6.70    7.55    6.11    7.08    8.11   14.21    1265
    7.55    8.28    7.53    6.29    6.69   14.22    1264
    8.28    8.87    9.24    5.62    4.95   14.19    1265
    8.87    9.42    9.70    5.08    4.52   14.22    1264
    9.42    9.95    9.48    4.52    4.73   14.21    1265
    9.95   10.54   10.66    3.96    3.53   14.20    1264
   10.54   11.22   10.70    3.34    3.50   14.20    1265
   11.22   13.99   11.05    2.47    3.26   14.31    1264

Int Range: [15,17]
  LAlpha  UAlpha     ROE    DExp    DAct    Rate     Num
   -8.57    4.20    5.52   13.95   10.64   16.16    1096
    4.20    5.89    7.07   10.89    8.93   16.00    1096
    5.89    6.97    8.25    9.50    7.71   15.96    1095
    6.97    7.79    9.31    8.52    6.60   15.92    1096
    7.79    8.54    9.07    7.74    6.84   15.91    1095
    8.54    9.28    9.82    6.94    6.04   15.85    1096
    9.28    9.94   10.85    6.25    5.01   15.86    1096
    9.94   10.66   10.85    5.54    4.98   15.84    1095
   10.66   11.56   10.68    4.73    5.12   15.80    1096
   11.56   14.35   12.36    3.53    3.46   15.82    1095

Int Range: [17,20]
  LAlpha  UAlpha     ROE    DExp    DAct    Rate     Num
  -10.88    2.86    3.03   18.05   15.54   18.57    1038
    2.86    4.99    3.00   14.49   15.52   18.51    1038
    4.99    6.39    7.16   12.78   11.35   18.51    1038
    6.39    7.48    8.26   11.58   10.25   18.51    1038
    7.48    8.46    9.97   10.56    8.58   18.54    1038
    8.46    9.31    7.76    9.70   10.82   18.58    1038
    9.31   10.26    9.40    8.80    9.19   18.59    1038
   10.26   11.20   11.40    7.92    7.25   18.66    1038
   11.20   12.36   11.86    7.01    6.90   18.76    1038
   12.36   17.33   13.16    5.46    5.75   18.91    1038

Int Range: [20,30]
  LAlpha  UAlpha     ROE    DExp    DAct    Rate     Num
  -15.78   -0.10   -5.46   26.86   28.93   23.47     622
   -0.10    2.87   -0.81   21.36   23.68   22.87     622
    2.87    4.86    5.52   18.80   17.17   22.69     621
    4.86    6.45    6.81   16.77   15.65   22.46     622
    6.45    7.83    6.64   15.22   15.73   22.37     621
    7.83    9.17    6.77   13.65   15.40   22.17     622
    9.17   10.40    7.24   12.32   14.86   22.10     622
   10.40   11.70    8.93   11.10   13.19   22.12     621
   11.70   13.37   10.70    9.58   11.38   22.08     622
   13.37   20.74   12.82    7.72    9.75   22.57     621


MinAlpha	ROE	Count
-5	8.21	69734
-4	8.23	69637
-3	8.24	69525
-2	8.28	69357
-1	8.31	69114
0	8.34	68794
1	8.39	68289
2	8.45	67574
3	8.51	66369
4	8.66	64321
5	8.81	60498
6	9.04	54473
7	9.36	46059
8	9.77	36670
9	10.22	26244
10	10.84	16078
11	11.69	8033
12	12.25	3558
13	13.41	1524
14	13.31	718
15	13.37	296

Forest Importance
('pub_rec', 0.00022475263713121079)
('delinq_2yrs', 0.00068293074304452044)
('term', 0.0017914063815033618)
('mths_since_last_record', 0.0028858945229962357)
('verification_status', 0.0042662825163560991)
('loan_amnt', 0.0048864779222504047)
('even_loan_amnt', 0.0053810935923074132)
('purpose', 0.0056206885775463055)
('home_ownership', 0.010457655938077964)
('inq_last_6mths', 0.013586771437587252)
('open_acc', 0.016573391702515924)
('total_acc', 0.022326010776791666)
('mths_since_last_delinq', 0.02311976626906239)
('int_pymt', 0.025470541302216723)
('installment', 0.026201250647677438)
('revol_bal', 0.0280533576796753)
('dti', 0.028087283728194658)
('emp_length', 0.031091978526067862)
('tok4_capitalization_log_odds', 0.031297999351785441)
('revol_util', 0.033432902538807506)
('annual_inc', 0.034382532590128759)
('credit_length', 0.034512617095820861)
('clean_title_rank', 0.034955199747428771)
('pct_med_inc', 0.037975945462118632)
('revol_bal-loan', 0.040076254885541764)
('revol_bal_pct_inc', 0.042737228440976181)
('urate_chg', 0.042992492025564308)
('avg_urate', 0.05199028580599846)
('tok4_clean_title_log_odds', 0.053027004852530479)
('pymt_pct_inc', 0.064072062707494576)
('sub_grade', 0.1002117937502716)
('int_rate', 0.14762814584453002)


Forest Parameters
oob_score: False
n_jobs: 8
verbose: 0
min_density: None
compute_importances: None
max_leaf_nodes: None
bootstrap: True
min_samples_leaf: 100
n_estimators: 400
min_samples_split: 2
random_state: None
criterion: mse
max_features: auto
max_depth: None
