OOS Cutoff = 2014-07-01 00:00:00
Int Range: [0,7]
  LAlpha  UAlpha     ROE    DExp    DAct    Rate     Num
   -8.15    4.06    5.30    2.87    0.97    6.27     393
    4.06    4.56    4.25    1.97    2.06    6.31     392
    4.56    4.86    5.35    1.57    0.93    6.29     393
    4.86    5.07    5.29    1.33    1.01    6.30     392
    5.07    5.25    5.26    1.10    1.01    6.27     393
    5.25    5.42    5.88    0.97    0.42    6.30     392
    5.42    5.57    6.32    0.83    0.00    6.32     393
    5.57    5.75    5.91    0.76    0.51    6.41     392
    5.75    6.00    5.15    0.67    1.38    6.53     393
    6.00    6.79    5.13    0.51    1.60    6.72     392

Int Range: [7,10]
  LAlpha  UAlpha     ROE    DExp    DAct    Rate     Num
   -0.19    4.79    5.98    3.97    2.10    8.08    1106
    4.79    5.35    6.22    2.98    1.85    8.06    1106
    5.35    5.73    5.74    2.47    2.28    8.02    1106
    5.73    6.03    6.62    2.20    1.46    8.08    1106
    6.03    6.29    6.30    1.92    1.77    8.08    1106
    6.29    6.53    6.64    1.70    1.47    8.11    1106
    6.53    6.78    6.55    1.52    1.62    8.17    1106
    6.78    7.10    7.51    1.50    0.92    8.43    1106
    7.10    7.54    7.62    1.41    1.09    8.71    1106
    7.54    9.19    7.38    1.18    1.75    9.12    1105

Int Range: [10,12]
  LAlpha  UAlpha     ROE    DExp    DAct    Rate     Num
   -0.19    5.58    7.56    6.70    3.54   11.10    1021
    5.58    6.47    7.95    4.90    3.02   10.97    1020
    6.47    7.04    7.30    4.25    3.72   11.02    1020
    7.04    7.48    8.64    3.76    2.38   11.02    1020
    7.48    7.86    7.90    3.33    3.11   11.01    1020
    7.86    8.22    7.39    3.02    3.67   11.06    1021
    8.22    8.58    8.61    2.69    2.47   11.09    1020
    8.58    8.97    8.96    2.35    2.16   11.12    1020
    8.97    9.45    8.27    2.03    2.96   11.23    1020
    9.45   11.31    9.99    1.61    1.52   11.51    1020

Int Range: [12,13.5]
  LAlpha  UAlpha     ROE    DExp    DAct    Rate     Num
   -3.70    4.76    7.48    9.52    5.44   12.92    1024
    4.76    5.86    7.33    7.55    5.57   12.89    1024
    5.86    6.58    6.33    6.63    6.54   12.87    1024
    6.58    7.20    7.37    5.95    5.48   12.85    1023
    7.20    7.76    8.19    5.39    4.70   12.88    1024
    7.76    8.28    9.10    4.84    3.77   12.87    1024
    8.28    8.78    9.09    4.31    3.76   12.85    1023
    8.78    9.34    8.40    3.84    4.49   12.89    1024
    9.34   10.04    9.38    3.21    3.51   12.89    1024
   10.04   12.36   10.64    2.34    2.33   12.97    1023

Int Range: [13.5,15]
  LAlpha  UAlpha     ROE    DExp    DAct    Rate     Num
   -2.91    4.79    4.69   10.97    9.68   14.36    1033
    4.79    5.95    7.23    8.90    7.10   14.32    1033
    5.95    6.73    6.20    8.02    8.17   14.37    1033
    6.73    7.44    6.13    7.26    8.22   14.35    1033
    7.44    8.04    8.09    6.66    6.30   14.40    1033
    8.04    8.67    7.88    6.04    6.52   14.39    1033
    8.67    9.30    7.42    5.43    6.98   14.41    1033
    9.30   10.00    8.32    4.76    6.08   14.40    1033
   10.00   10.85    7.92    4.03    6.52   14.44    1033
   10.85   13.57   10.90    2.94    3.62   14.52    1032

Int Range: [15,17]
  LAlpha  UAlpha     ROE    DExp    DAct    Rate     Num
   -6.15    3.35    3.64   14.90   12.65   16.29     727
    3.35    4.86    5.98   11.97   10.18   16.16     726
    4.86    5.91    5.58   10.69   10.50   16.09     726
    5.91    6.79    6.80    9.75    9.30   16.11     726
    6.79    7.53    6.51    8.94    9.59   16.11     726
    7.53    8.25    7.64    8.20    8.46   16.10     726
    8.25    9.01    9.63    7.50    6.50   16.13     726
    9.01    9.76    8.02    6.75    8.10   16.12     726
    9.76   10.83    8.44    5.87    7.68   16.12     726
   10.83   14.03   10.67    4.54    5.50   16.17     726

Int Range: [17,20]
  LAlpha  UAlpha     ROE    DExp    DAct    Rate     Num
  -14.33    0.60    1.21   20.85   17.47   18.68     669
    0.60    2.93    2.94   16.68   15.58   18.52     668
    2.93    4.46    6.60   14.71   11.82   18.42     668
    4.46    5.67    3.89   13.39   14.56   18.45     668
    5.67    6.82    7.72   12.16   10.67   18.39     668
    6.82    7.86    5.97   10.93   12.30   18.27     669
    7.86    8.81    4.61    9.99   13.69   18.30     668
    8.81    9.88    7.79    8.95   10.49   18.28     668
    9.88   11.03    7.63    7.89   10.67   18.30     668
   11.03   15.12    9.36    6.28    9.03   18.39     668

Int Range: [20,30]
  LAlpha  UAlpha     ROE    DExp    DAct    Rate     Num
  -17.49   -4.97   -3.54   30.74   26.45   22.91     406
   -4.97   -1.93    6.07   25.93   16.56   22.64     405
   -1.93    0.32   -3.56   23.44   26.16   22.60     405
    0.32    2.20    0.91   21.32   21.74   22.65     406
    2.20    3.91    2.60   19.61   20.11   22.71     405
    3.91    5.26    4.41   17.99   18.14   22.55     405
    5.26    6.60    1.32   16.50   21.12   22.44     406
    6.60    8.21    3.48   15.05   18.94   22.42     405
    8.21   10.08    7.84   13.50   14.78   22.62     405
   10.08   18.00    5.85   10.87   17.00   22.85     405


MinAlpha	ROE	Count
-5	7.04	63257
-4	7.06	63111
-3	7.07	62878
-2	7.08	62619
-1	7.12	62260
0	7.16	61844
1	7.22	61292
2	7.26	60434
3	7.33	59155
4	7.42	56729
5	7.55	51520
6	7.85	42351
7	8.25	31536
8	8.66	21621
9	8.97	12883
10	9.40	6429
11	10.13	2670
12	10.83	904
13	9.52	241
14	13.68	67
15	15.28	24

Forest Importance
('pub_rec', 0.00025968609934388118)
('delinq_2yrs', 0.00096232365389284412)
('term', 0.0018228308197448043)
('loan_amnt', 0.00414716298224723)
('purpose', 0.0043417486663324565)
('mths_since_last_record', 0.0048522492686730442)
('verification_status', 0.005001825496313078)
('even_loan_amnt', 0.0052245159781907158)
('mths_since_last_major_derog', 0.0054049914275043605)
('open_acc', 0.013165781800580281)
('home_ownership', 0.014293246721247257)
('inq_last_6mths', 0.015712759095997449)
('int_pymt', 0.018558503026524932)
('mths_since_last_delinq', 0.020370623695393424)
('total_acc', 0.020652211620134118)
('installment', 0.024443074252214512)
('revol_bal', 0.026550036993576335)
('dti', 0.026945203886993455)
('emp_length', 0.027299388818278904)
('tok4_capitalization_log_odds', 0.029547158596146969)
('revol_util', 0.030653897219399734)
('revol_bal_pct_inc', 0.032584493162358744)
('clean_title_rank', 0.033257709039976477)
('revol_bal-loan', 0.033283213699918865)
('annual_inc', 0.033542372409016051)
('credit_length', 0.036370656263712595)
('int_pct_inc', 0.037278970602279894)
('pct_med_inc', 0.039047498803427158)
('urate', 0.041636953215729487)
('pymt_pct_inc', 0.049885901714213227)
('tok4_clean_title_log_odds', 0.058478842956836051)
('sub_grade', 0.14826014282003225)
('int_rate', 0.15616402519376948)


Forest Parameters
oob_score: False
n_jobs: 8
verbose: 0
min_density: None
compute_importances: None
max_leaf_nodes: None
bootstrap: True
min_samples_leaf: 150
n_estimators: 100
min_samples_split: 2
random_state: None
criterion: mse
max_features: auto
max_depth: None
