OOS Cutoff = 2014-06-01 00:00:00
Int Range: [0,7]
  LAlpha  UAlpha     ROE    DExp    DAct    Rate     Num
   -0.71    4.20    6.18    2.61    0.00    6.18     190
    4.20    4.66    5.18    1.74    1.01    6.19     189
    4.66    4.92    5.55    1.35    0.60    6.15     189
    4.92    5.09    5.13    1.13    1.01    6.14     189
    5.09    5.22    5.44    1.00    0.71    6.15     189
    5.22    5.36    6.18    0.89    0.00    6.18     190
    5.36    5.47    6.22    0.80    0.00    6.22     189
    5.47    5.61    6.08    0.69    0.15    6.23     189
    5.61    5.81    5.89    0.61    0.41    6.30     189
    5.81    6.35    6.07    0.50    0.41    6.49     189

Int Range: [7,10]
  LAlpha  UAlpha     ROE    DExp    DAct    Rate     Num
    1.35    5.29    4.87    3.33    3.06    7.93     602
    5.29    5.86    5.93    2.39    2.05    7.98     601
    5.86    6.21    6.29    1.92    1.67    7.96     601
    6.21    6.48    5.39    1.56    2.51    7.91     601
    6.48    6.73    6.62    1.43    1.42    8.03     601
    6.73    6.97    5.52    1.36    2.69    8.21     601
    6.97    7.22    7.12    1.32    1.29    8.41     601
    7.22    7.52    6.98    1.30    1.69    8.67     601
    7.52    7.90    7.31    1.19    1.59    8.89     601
    7.90    8.95    7.50    0.94    1.65    9.15     601

Int Range: [10,12]
  LAlpha  UAlpha     ROE    DExp    DAct    Rate     Num
   -0.46    6.22    5.96    5.76    4.91   10.87     733
    6.22    7.06    7.23    4.09    3.54   10.77     733
    7.06    7.55    8.08    3.52    2.75   10.83     733
    7.55    7.94    8.24    3.11    2.63   10.87     733
    7.94    8.29    8.23    2.76    2.65   10.88     733
    8.29    8.60    8.73    2.46    2.17   10.91     733
    8.60    8.90    7.96    2.23    3.03   10.99     733
    8.90    9.25    8.52    1.99    2.55   11.06     733
    9.25    9.69    8.94    1.85    2.37   11.31     733
    9.69   11.21   10.01    1.44    1.50   11.51     732

Int Range: [12,13.5]
  LAlpha  UAlpha     ROE    DExp    DAct    Rate     Num
   -2.54    5.40    6.75    8.97    6.25   12.99     773
    5.40    6.42    8.39    7.01    4.56   12.94     773
    6.42    7.12    6.89    6.15    6.05   12.93     773
    7.12    7.68    7.57    5.52    5.35   12.92     773
    7.68    8.18    7.99    5.00    4.94   12.93     773
    8.18    8.64   10.01    4.53    2.93   12.94     773
    8.64    9.11    9.40    4.08    3.57   12.96     773
    9.11    9.62    9.96    3.58    2.98   12.93     773
    9.62   10.27   10.05    3.06    2.93   12.98     773
   10.27   12.63   10.43    2.29    2.64   13.07     772

Int Range: [13.5,15]
  LAlpha  UAlpha     ROE    DExp    DAct    Rate     Num
   -1.54    5.53    5.53   10.37    8.91   14.44     790
    5.53    6.60    7.38    8.35    7.05   14.44     790
    6.60    7.44    7.72    7.42    6.73   14.45     789
    7.44    8.07    7.56    6.68    6.88   14.44     790
    8.07    8.63    9.09    6.10    5.36   14.45     789
    8.63    9.21    8.91    5.57    5.59   14.50     790
    9.21    9.78    8.72    5.00    5.77   14.48     790
    9.78   10.41   11.04    4.38    3.42   14.46     789
   10.41   11.22    9.77    3.70    4.72   14.50     790
   11.22   13.40   11.72    2.75    2.86   14.58     789

Int Range: [15,17]
  LAlpha  UAlpha     ROE    DExp    DAct    Rate     Num
   -4.55    4.53    5.50   13.56   10.89   16.39     636
    4.53    5.95    6.27   10.99   10.00   16.28     635
    5.95    6.92    6.36    9.79    9.88   16.24     635
    6.92    7.79    7.09    8.88    9.17   16.26     635
    7.79    8.49    7.60    8.07    8.61   16.20     635
    8.49    9.16   11.40    7.39    4.81   16.21     635
    9.16    9.84    8.30    6.73    7.92   16.22     635
    9.84   10.58   10.75    5.98    5.43   16.18     635
   10.58   11.47   10.36    5.20    5.85   16.21     635
   11.47   14.01   12.85    4.04    3.42   16.27     635

Int Range: [17,20]
  LAlpha  UAlpha     ROE    DExp    DAct    Rate     Num
  -10.66    2.71    0.23   18.38   18.23   18.46     555
    2.71    4.58    5.86   14.65   12.54   18.40     554
    4.58    5.95    4.70   13.05   13.64   18.34     555
    5.95    7.05    7.24   11.95   11.23   18.46     554
    7.05    7.99   10.70   10.90    7.73   18.43     555
    7.99    8.93    8.91    9.96    9.51   18.42     554
    8.93    9.71    9.11    9.17    9.36   18.47     555
    9.71   10.64    9.83    8.29    8.63   18.46     554
   10.64   11.83    7.64    7.28   10.84   18.48     555
   11.83   15.54   13.50    5.81    5.13   18.63     554

Int Range: [20,30]
  LAlpha  UAlpha     ROE    DExp    DAct    Rate     Num
  -11.54   -0.94   -1.79   27.30   25.39   23.60     367
   -0.94    1.82   -0.74   22.55   23.87   23.13     367
    1.82    3.94    2.56   19.64   20.02   22.59     367
    3.94    5.58    3.61   17.58   18.74   22.36     367
    5.58    6.88    1.55   15.81   20.48   22.03     367
    6.88    8.14    9.50   14.52   12.54   22.04     367
    8.14    9.58    7.30   13.31   14.89   22.19     367
    9.58   10.86    8.57   12.01   13.65   22.21     367
   10.86   12.60   10.83   10.65   11.53   22.36     367
   12.60   18.56   14.21    8.89    8.79   23.00     367


MinAlpha	ROE	Count
-5	7.87	46306
-4	7.90	46247
-3	7.92	46158
-2	7.92	46058
-1	7.96	45912
0	8.00	45705
1	8.06	45382
2	8.11	44942
3	8.16	44299
4	8.23	43051
5	8.40	40536
6	8.74	35699
7	9.18	29355
8	9.71	21665
9	10.10	14061
10	11.00	7677
11	11.65	3741
12	13.07	1609
13	14.81	571
14	16.46	215
15	15.10	87

Forest Importance
('pub_rec', 0.00020654064377457904)
('delinq_2yrs', 0.00065417343174023295)
('term', 0.0020233304329975591)
('verification_status', 0.0035417286860229481)
('loan_amnt', 0.0037953399407859656)
('purpose', 0.0043457302820919226)
('even_loan_amnt', 0.0049791512908006078)
('mths_since_last_record', 0.0050283872546071527)
('mths_since_last_major_derog', 0.005691778768984748)
('home_ownership', 0.010555117427613997)
('open_acc', 0.012145222954364059)
('inq_last_6mths', 0.01412303590133177)
('int_pymt', 0.018382069530044773)
('total_acc', 0.019182125858248314)
('mths_since_last_delinq', 0.020583218836499859)
('installment', 0.023691649909552078)
('revol_bal', 0.02443901712644601)
('emp_length', 0.025119814138556667)
('dti', 0.027033681140423121)
('tok4_capitalization_log_odds', 0.028618654344393195)
('revol_bal_pct_inc', 0.029745339615672172)
('revol_util', 0.030537896919084876)
('revol_bal-loan', 0.031850019825510313)
('clean_title_rank', 0.033781702503982977)
('annual_inc', 0.034909913527643416)
('int_pct_inc', 0.035697553531993123)
('urate', 0.03646485925769128)
('credit_length', 0.036545522514890301)
('pct_med_inc', 0.037281811518528232)
('hpa4', 0.039028479916348814)
('tok4_clean_title_log_odds', 0.047061267295509052)
('pymt_pct_inc', 0.050997727104471376)
('sub_grade', 0.074050092001943207)
('int_rate', 0.22790804656745156)


Forest Parameters
oob_score: False
n_jobs: 8
verbose: 0
min_density: None
compute_importances: None
max_leaf_nodes: None
bootstrap: True
min_samples_leaf: 150
n_estimators: 400
min_samples_split: 2
random_state: None
criterion: mse
max_features: auto
max_depth: None
