OOS Cutoff = 2014-03-01 00:00:00
Int Range: [0,7]
  LAlpha  UAlpha     ROE    DExp    DAct    Rate     Num
    0.71    4.04    6.29    2.77    0.00    6.29      94
    4.04    4.54    6.37    2.06    0.00    6.37      94
    4.54    4.80    5.12    1.64    1.21    6.33      94
    4.80    4.95    6.25    1.37    0.00    6.25      93
    4.95    5.11    6.22    1.18    0.00    6.22      94
    5.11    5.25    6.31    1.13    0.00    6.31      94
    5.25    5.41    6.07    1.02    0.28    6.35      93
    5.41    5.59    6.56    1.07    0.00    6.56      94
    5.59    5.76    5.40    0.93    1.21    6.61      94
    5.76    6.17    5.70    0.73    0.92    6.62      93

Int Range: [7,10]
  LAlpha  UAlpha     ROE    DExp    DAct    Rate     Num
    1.11    5.40    6.01    3.48    2.23    8.24     547
    5.40    5.97    6.82    2.64    1.52    8.34     546
    5.97    6.35    7.70    2.10    0.57    8.27     546
    6.35    6.60    7.29    1.76    0.95    8.24     547
    6.60    6.83    7.37    1.54    0.88    8.25     546
    6.83    7.08    7.09    1.48    1.34    8.43     546
    7.08    7.44    8.02    1.74    0.98    8.99     547
    7.44    7.82    8.19    1.57    1.02    9.21     546
    7.82    8.23    7.38    1.23    1.87    9.25     546
    8.23    9.10    8.31    1.11    1.32    9.62     546

Int Range: [10,12]
  LAlpha  UAlpha     ROE    DExp    DAct    Rate     Num
    4.13    7.20    9.64    4.79    1.61   11.25     374
    7.20    7.91    9.37    3.76    1.98   11.35     374
    7.91    8.28    8.97    3.25    2.37   11.35     374
    8.28    8.59    8.54    2.90    2.80   11.34     374
    8.59    8.89   10.34    2.67    1.07   11.41     374
    8.89    9.14   10.00    2.52    1.52   11.52     374
    9.14    9.40    9.39    2.32    2.20   11.59     374
    9.40    9.71    9.88    2.12    1.79   11.67     374
    9.71   10.13    9.81    1.94    2.04   11.85     374
   10.13   11.13   10.90    1.52    1.09   11.99     374

Int Range: [12,13.5]
  LAlpha  UAlpha     ROE    DExp    DAct    Rate     Num
    2.46    7.43    9.32    6.26    3.58   12.90     436
    7.43    8.11    8.09    5.00    4.72   12.81     436
    8.11    8.62    9.27    4.44    3.55   12.82     436
    8.62    9.04   10.64    3.96    2.14   12.78     436
    9.04    9.36   10.10    3.57    2.67   12.76     436
    9.36    9.66    8.72    3.21    3.99   12.72     436
    9.66    9.98   10.86    2.89    1.84   12.70     436
    9.98   10.30   10.45    2.54    2.23   12.67     436
   10.30   10.69   11.00    2.21    1.69   12.69     436
   10.69   11.66   10.86    1.73    1.86   12.73     436

Int Range: [13.5,15]
  LAlpha  UAlpha     ROE    DExp    DAct    Rate     Num
    2.59    6.99    8.44    8.14    5.79   14.22     628
    6.99    7.83   10.06    6.70    4.07   14.13     627
    7.83    8.44    9.59    5.99    4.55   14.14     628
    8.44    8.97    9.17    5.44    4.97   14.14     627
    8.97    9.43    9.35    4.95    4.81   14.16     628
    9.43    9.83    9.33    4.51    4.81   14.15     627
    9.83   10.28   10.06    4.09    4.08   14.14     628
   10.28   10.76   11.51    3.65    2.65   14.16     627
   10.76   11.39   11.05    3.12    3.13   14.18     628
   11.39   13.17   11.40    2.41    2.86   14.26     627

Int Range: [15,17]
  LAlpha  UAlpha     ROE    DExp    DAct    Rate     Num
    0.28    6.62    8.09   10.63    7.87   15.97     581
    6.62    7.78    9.78    8.60    6.07   15.85     581
    7.78    8.50    9.93    7.69    5.90   15.84     581
    8.50    9.08    7.71    7.00    8.08   15.79     581
    9.08    9.61   11.79    6.40    3.96   15.75     581
    9.61   10.13    9.73    5.88    6.03   15.76     581
   10.13   10.65   13.08    5.35    2.66   15.74     581
   10.65   11.21   11.22    4.77    4.46   15.69     581
   11.21   11.85   12.17    4.22    3.57   15.74     581
   11.85   13.97   13.73    3.43    2.07   15.81     580

Int Range: [17,20]
  LAlpha  UAlpha     ROE    DExp    DAct    Rate     Num
   -1.80    4.61    5.26   15.54   13.23   18.49     568
    4.61    6.27    8.16   12.97   10.34   18.50     567
    6.27    7.37   11.62   11.70    6.95   18.56     568
    7.37    8.26   11.31   10.76    7.31   18.62     567
    8.26    9.03   11.66    9.92    6.90   18.56     567
    9.03    9.72   11.87    9.21    6.72   18.59     568
    9.72   10.44   11.61    8.65    7.11   18.72     567
   10.44   11.26   11.75    7.90    6.99   18.74     568
   11.26   12.21   14.46    7.13    4.39   18.84     567
   12.21   15.63   14.44    6.01    4.68   19.11     567

Int Range: [20,30]
  LAlpha  UAlpha     ROE    DExp    DAct    Rate     Num
   -4.76    1.60   -1.74   23.84   25.14   23.40     330
    1.60    4.21    8.98   19.88   13.96   22.94     329
    4.21    6.25    8.81   17.23   13.75   22.56     330
    6.25    7.55    9.25   15.52   13.21   22.46     329
    7.55    8.66   11.54   14.26   10.83   22.36     329
    8.66    9.58   10.88   12.99   11.25   22.13     330
    9.58   10.49    8.56   12.22   13.69   22.25     329
   10.49   11.56   15.10   11.18    7.07   22.18     330
   11.56   12.95    9.10    9.80   12.92   22.02     329
   12.95   17.51   15.35    8.13    6.91   22.26     329


MinAlpha	ROE	Count
-5	9.73	35560
-4	9.73	35559
-3	9.74	35533
-2	9.75	35504
-1	9.78	35448
0	9.81	35355
1	9.83	35238
2	9.87	35058
3	9.92	34783
4	9.96	34276
5	10.02	33140
6	10.23	30825
7	10.47	26891
8	10.75	22107
9	11.29	16054
10	11.91	9689
11	12.77	4670
12	13.28	1885
13	14.47	637
14	17.30	218
15	17.52	67

Forest Importance
('pub_rec', 3.743672013052433e-05)
('delinq_2yrs', 0.00025282449159089274)
('purpose', 0.00072061441218344651)
('mths_since_last_record', 0.00076551951066365696)
('is_inc_v', 0.00099416654636592266)
('loan_amnt', 0.0013138010462371921)
('term', 0.0015129493340600253)
('mod_rate', 0.0026061151312343888)
('even_loan_amnt', 0.0036229113768895837)
('inq_last_6mths', 0.0053214936014987111)
('open_acc', 0.0055188189222011965)
('total_acc', 0.0058294337487164657)
('emp_title_rank', 0.0066297041012121074)
('int_pymt', 0.0066333938835478248)
('clean_title_rank', 0.0070177138342400712)
('fico_range_low', 0.0072625723701906317)
('avg_urate', 0.0078378022748399785)
('revol_bal', 0.0079776165849427712)
('revol_util', 0.0085053409770043838)
('installment', 0.008645590427420722)
('zip_code', 0.0092084691295351902)
('urate', 0.0099719905214382936)
('home_ownership', 0.011007239638453186)
('short_title_rank', 0.011452612342295467)
('revol_bal-loan', 0.011528854453510384)
('urate_chg', 0.012787087550236959)
('mths_since_last_delinq', 0.013068878892508795)
('med_inc', 0.013116063561892891)
('revol_bal_pct_inc', 0.014272796050831753)
('hpa4', 0.015745438363337784)
('pct_med_inc', 0.018044239863013439)
('tok4_capitalization_log_odds', 0.019235876932249641)
('annual_inc', 0.019781310499507428)
('dti', 0.022373647603546275)
('emp_length', 0.026857719476145157)
('credit_length', 0.027182047808908052)
('pymt_pct_inc', 0.043773365475994377)
('tok4_clean_title_log_odds', 0.098164716309513317)
('sub_grade', 0.10824561691208576)
('int_rate', 0.40517620931982501)


Forest Parameters
oob_score: False
n_jobs: 8
verbose: 0
min_density: None
compute_importances: None
max_leaf_nodes: None
bootstrap: True
min_samples_leaf: 500
n_estimators: 400
min_samples_split: 2
random_state: None
criterion: mse
max_features: auto
max_depth: None
