OOS Cutoff = 2014-01-01 00:00:00
Int Range: [0,7]
  LAlpha  UAlpha     ROE    DExp    DAct    Rate     Num
    5.93    6.01    5.11    2.86    0.92    6.03      93
    6.01    6.02    5.10    1.67    0.93    6.03      92
    6.02    6.02    6.03    1.10    0.00    6.03      93
    6.02    6.03    6.03    0.66    0.00    6.03      92
    6.03    6.59    4.95    3.00    1.52    6.48      92
    6.59    6.60    4.47    2.32    2.15    6.62      93
    6.60    6.61    5.38    1.65    1.24    6.62      92
    6.61    6.61    5.91    1.26    0.71    6.62      93
    6.61    6.61    6.62    0.90    0.00    6.62      92
    6.61    6.62    6.33    0.47    0.28    6.62      92

Int Range: [7,10]
  LAlpha  UAlpha     ROE    DExp    DAct    Rate     Num
    7.55    7.61    7.07    2.28    0.55    7.62     518
    7.61    7.87    6.37    1.80    1.33    7.71     518
    7.87    7.88    6.91    2.15    0.99    7.90     518
    7.88    7.90    7.13    1.00    0.77    7.90     518
    7.90    8.88    6.45    2.79    2.27    8.72     518
    8.88    8.89    7.76    1.76    1.14    8.90     518
    8.89    8.90    8.42    0.87    0.48    8.90     518
    8.90    9.65    7.79    3.23    1.82    9.61     518
    9.65    9.66    7.02    1.83    2.65    9.67     518
    9.66    9.67    7.90    0.89    1.77    9.67     517

Int Range: [10,12]
  LAlpha  UAlpha     ROE    DExp    DAct    Rate     Num
   10.89   10.96    8.39    4.69    2.60   10.99     369
   10.96   10.97    9.63    2.79    1.36   10.99     369
   10.97   10.97    8.60    1.94    2.39   10.99     369
   10.97   10.98    9.71    1.31    1.28   10.99     369
   10.98   11.94    9.05    2.96    2.37   11.42     368
   11.94   11.96    8.89    4.10    3.10   11.99     369
   11.96   11.96   10.77    2.95    1.22   11.99     369
   11.96   11.97   10.43    2.21    1.56   11.99     369
   11.97   11.98   11.06    1.58    0.93   11.99     369
   11.98   11.99   11.58    0.86    0.41   11.99     368

Int Range: [12,13.5]
  LAlpha  UAlpha     ROE    DExp    DAct    Rate     Num
   12.39   12.47   10.58    3.93    1.91   12.49     238
   12.47   12.79    9.83    2.97    2.75   12.58     237
   12.79   12.81    9.81    5.23    3.04   12.85     237
   12.81   12.81   10.49    3.97    2.36   12.85     237
   12.81   12.82    9.59    3.15    3.26   12.85     237
   12.82   12.83   11.77    2.51    1.08   12.85     238
   12.83   12.83   11.01    1.90    1.84   12.85     237
   12.83   12.93   10.52    1.80    2.35   12.86     237
   12.93   12.96    9.12    4.34    3.87   12.99     237
   12.96   12.99   11.20    1.82    1.79   12.99     237

Int Range: [13.5,15]
  LAlpha  UAlpha     ROE    DExp    DAct    Rate     Num
   13.39   13.49    9.82    5.12    3.71   13.53     683
   13.49   13.58   12.67    2.69    0.87   13.53     682
   13.58   13.92   10.24    5.09    3.54   13.77     682
   13.92   13.95   11.02    4.15    2.96   13.98     682
   13.95   14.12   12.10    3.60    1.96   14.06     682
   14.12   14.42   10.62    5.52    3.78   14.40     683
   14.42   14.45   11.21    3.52    3.26   14.47     682
   14.45   14.89   11.52    4.73    3.12   14.64     682
   14.89   14.93   10.05    6.09    4.93   14.98     682
   14.93   14.97   12.49    3.12    2.49   14.98     682

Int Range: [15,17]
  LAlpha  UAlpha     ROE    DExp    DAct    Rate     Num
   15.18   15.49   13.44    6.03    1.89   15.33     472
   15.49   15.53   10.67    9.41    4.94   15.61     472
   15.53   15.55   11.40    6.55    4.21   15.61     471
   15.55   15.57   12.97    4.60    2.64   15.61     472
   15.57   16.15   10.19    6.68    5.72   15.91     471
   16.15   16.18   12.44    7.11    3.80   16.24     472
   16.18   16.22   13.23    4.17    3.01   16.24     472
   16.22   16.86   11.21    9.20    5.47   16.68     471
   16.86   16.92   11.38    9.72    5.61   16.99     472
   16.92   16.97   12.47    5.23    4.52   16.99     471

Int Range: [17,20]
  LAlpha  UAlpha     ROE    DExp    DAct    Rate     Num
   17.38   17.47    7.86   12.95    9.71   17.57     411
   17.47   17.50   10.44    8.29    7.13   17.57     411
   17.50   17.54   13.15    5.03    4.42   17.57     411
   17.54   18.15   10.25   11.97    7.96   18.21     411
   18.15   18.19   14.03    7.79    4.22   18.25     411
   18.19   18.83   12.32    7.22    6.14   18.45     411
   18.83   19.12   10.79   11.00    8.34   19.13     411
   19.12   19.34   15.08    7.80    4.17   19.25     411
   19.34   19.87   11.06   11.53    8.75   19.81     411
   19.87   19.96   16.82    7.00    3.16   19.98     410

Int Range: [20,30]
  LAlpha  UAlpha     ROE    DExp    DAct    Rate     Num
   20.26   20.40   12.59   13.05    7.91   20.50     281
   20.40   20.45   14.18    7.37    6.32   20.50     281
   20.45   21.34   14.24   12.94    6.95   21.19     281
   21.34   21.88   15.30   10.76    6.28   21.58     281
   21.88   22.31   13.38   15.14    8.97   22.35     280
   22.31   22.80   11.26   12.93   11.44   22.70     281
   22.80   23.32    9.33   14.29   13.99   23.32     281
   23.32   23.94   12.34   14.18   11.43   23.77     281
   23.94   24.83   14.37   15.29   10.13   24.49     281
   24.83   25.98   11.33   15.64   14.28   25.61     280


Forest Importance
('pub_rec', 7.4893576731744125e-05)
('mths_since_last_record', 0.0011028160444374396)
('delinq_2yrs', 0.0011162925443892651)
('term', 0.001341389401766199)
('title_upper_count', 0.0016883123695955625)
('caps_per_word', 0.0024319247618125599)
('is_inc_v', 0.0026007034735494833)
('loan_amnt', 0.0031291020304419783)
('issue_mth', 0.0035456981072825634)
('even_loan_amnt', 0.0038308483003199664)
('mod_rate', 0.0049898838038870512)
('title_last_word_rank', 0.006343785542432292)
('title_first_word_rank', 0.0070739308255714896)
('home_ownership', 0.0070913694986760563)
('purpose', 0.0071709612761899459)
('inq_last_6mths', 0.0077959836473144887)
('open_acc', 0.0081749492232336511)
('clean_title_rank', 0.013440122432754199)
('total_acc', 0.013576080807476638)
('fico_range_low', 0.014189989366825605)
('mths_since_last_delinq', 0.014542912713714929)
('int_pymt', 0.014955819286403984)
('tok4_capitalization_log_odds', 0.014970063385360133)
('annual_inc', 0.015277020231420753)
('zip_code', 0.01601392683653997)
('emp_title_rank', 0.016038817427446089)
('short_title_rank', 0.016946994364294456)
('installment', 0.017116137583978373)
('tok4_emp_title_log_odds', 0.017710985931873733)
('emp_length', 0.019262066777887301)
('revol_util', 0.019546843411857105)
('urate', 0.020025508440053335)
('pct_med_inc', 0.020080964619018257)
('title_upper_pct', 0.020419175661620759)
('revol_bal', 0.021647399145418328)
('hpa4', 0.022029709083759692)
('med_inc', 0.022220906034552582)
('avg_urate', 0.022926026199189455)
('credit_length', 0.023145117464724758)
('dti', 0.02414148710368702)
('hpa20', 0.027319643196213689)
('revol_bal-loan', 0.027533641594085657)
('urate_chg', 0.02775437659211312)
('urate_range', 0.030507725839096059)
('pymt_pct_inc', 0.054847102681512272)
('sub_grade', 0.056800704546115535)
('tok4_clean_title_log_odds', 0.10727057231757106)
('int_rate', 0.17823931449580324)


Forest Parameters
oob_score: False
n_jobs: 8
verbose: 0
min_density: None
compute_importances: None
max_leaf_nodes: None
bootstrap: True
min_samples_leaf: 100
n_estimators: 400
min_samples_split: 2
random_state: None
criterion: mse
max_features: auto
max_depth: None
