
Int Range: [0,7]
  LAlpha  UAlpha     ROE    DExp    DAct    Rate     Num
   -4.65    3.08    5.96    3.91    0.31    6.28     635
    3.08    3.60    5.93    2.89    0.32    6.25     634
    3.60    3.93    5.74    2.43    0.47    6.21     635
    3.93    4.17    5.91    2.17    0.32    6.22     634
    4.17    4.37    5.61    1.97    0.63    6.24     635
    4.37    4.57    5.94    1.78    0.32    6.25     634
    4.57    4.76    5.78    1.58    0.47    6.25     635
    4.76    4.94    5.81    1.44    0.47    6.29     634
    4.94    5.16    6.31    1.27    0.00    6.31     635
    5.16    5.91    6.28    1.08    0.16    6.44     634

Int Range: [7,10]
  LAlpha  UAlpha     ROE    DExp    DAct    Rate     Num
   -1.29    3.81    6.92    5.23    1.30    8.22    2392
    3.81    4.50    7.42    4.03    0.79    8.22    2392
    4.50    4.92    7.61    3.47    0.59    8.19    2392
    4.92    5.25    7.79    3.16    0.46    8.25    2391
    5.25    5.53    7.61    2.85    0.63    8.24    2392
    5.53    5.79    7.79    2.67    0.54    8.33    2392
    5.79    6.06    7.91    2.52    0.54    8.45    2391
    6.06    6.38    8.05    2.41    0.59    8.63    2392
    6.38    6.79    8.32    2.34    0.59    8.90    2392
    6.79    8.69    8.22    2.10    1.05    9.27    2391

Int Range: [10,12]
  LAlpha  UAlpha     ROE    DExp    DAct    Rate     Num
   -1.49    4.95    9.72    6.93    1.23   10.94    2196
    4.95    5.73    9.82    5.59    1.14   10.96    2196
    5.73    6.26    9.94    5.02    1.09   11.04    2196
    6.26    6.68   10.09    4.57    0.96   11.04    2196
    6.68    7.05   10.45    4.22    0.64   11.09    2195
    7.05    7.41   10.42    3.92    0.73   11.15    2196
    7.41    7.77   10.33    3.65    0.91   11.24    2196
    7.77    8.17   10.61    3.37    0.73   11.34    2196
    8.17    8.62   10.66    3.05    0.77   11.43    2196
    8.62   10.42   10.66    2.59    0.91   11.57    2195

Int Range: [12,13.5]
  LAlpha  UAlpha     ROE    DExp    DAct    Rate     Num
   -2.96    5.02   10.98    8.97    1.92   12.89    2193
    5.02    5.90   11.73    7.37    1.14   12.87    2192
    5.90    6.51   11.41    6.65    1.46   12.87    2192
    6.51    6.99   11.36    6.11    1.51   12.86    2192
    6.99    7.43   11.45    5.65    1.41   12.86    2192
    7.43    7.85   11.45    5.22    1.41   12.87    2192
    7.85    8.27   11.92    4.82    0.96   12.88    2192
    8.27    8.69   12.35    4.42    0.55   12.89    2192
    8.69    9.19   11.74    3.99    1.19   12.93    2192
    9.19   11.03   12.28    3.39    0.73   13.01    2192

Int Range: [13.5,15]
  LAlpha  UAlpha     ROE    DExp    DAct    Rate     Num
   -2.46    4.96   11.53   10.64    2.83   14.35    2865
    4.96    5.95   12.10    8.84    2.23   14.33    2864
    5.95    6.61   11.92    8.04    2.41   14.33    2864
    6.61    7.16   12.17    7.41    2.13   14.30    2864
    7.16    7.63   12.11    6.91    2.20   14.31    2864
    7.63    8.11   12.28    6.44    2.03   14.31    2864
    8.11    8.58   12.53    5.96    1.78   14.31    2864
    8.58    9.08   12.95    5.48    1.36   14.31    2864
    9.08    9.65   13.06    5.00    1.29   14.35    2864
    9.65   11.74   13.45    4.32    1.01   14.46    2864

Int Range: [15,17]
  LAlpha  UAlpha     ROE    DExp    DAct    Rate     Num
   -2.35    4.32   12.00   13.19    4.16   16.16    2306
    4.32    5.43   13.13   11.20    2.99   16.12    2305
    5.43    6.17   13.04   10.31    3.08   16.12    2306
    6.17    6.78   14.10    9.61    2.00   16.09    2305
    6.78    7.34   13.40    9.02    2.69   16.09    2306
    7.34    7.86   14.55    8.47    1.52   16.06    2305
    7.86    8.37   14.26    7.97    1.82   16.08    2306
    8.37    8.93   14.21    7.43    1.87   16.08    2305
    8.93    9.60   14.54    6.81    1.52   16.06    2306
    9.60   12.49   14.95    5.86    1.08   16.04    2305

Int Range: [17,20]
  LAlpha  UAlpha     ROE    DExp    DAct    Rate     Num
   -3.17    4.18   13.49   15.58    4.95   18.44    2101
    4.18    5.36   14.27   13.64    4.19   18.46    2101
    5.36    6.17   15.17   12.71    3.33   18.50    2101
    6.17    6.81   14.74   12.05    3.81   18.54    2101
    6.81    7.41   16.08   11.44    2.48   18.55    2101
    7.41    7.96   15.68   10.85    2.86   18.53    2101
    7.96    8.48   15.71   10.29    2.81   18.51    2101
    8.48    9.07   16.60    9.79    1.95   18.55    2101
    9.07    9.81   16.53    9.21    2.09   18.62    2101
    9.81   13.17   17.32    8.21    1.43   18.74    2100

Int Range: [20,30]
  LAlpha  UAlpha     ROE    DExp    DAct    Rate     Num
   -1.43    5.69   16.86   17.41    4.98   21.84    1426
    5.69    6.79   16.16   15.92    6.03   22.19    1426
    6.79    7.54   17.11   15.12    5.19   22.30    1426
    7.54    8.18   16.44   14.47    5.89   22.33    1426
    8.18    8.75   17.87   13.97    4.56   22.43    1426
    8.75    9.29   18.50   13.55    4.07   22.57    1426
    9.29    9.88   17.73   13.13    4.98   22.71    1426
    9.88   10.55   19.84   12.73    3.09   22.93    1426
   10.55   11.45   19.72   12.12    3.37   23.08    1426
   11.45   16.21   21.85   11.49    2.04   23.89    1425


Forest Importance
('pub_rec', 0.00048984155730739454)
('delinq_2yrs', 0.00079356654419970136)
('mths_since_last_record', 0.001311255016946734)
('title_num_words', 0.0033203027386816304)
('is_inc_v', 0.0033451625773560224)
('home_ownership', 0.004238957992388429)
('even_loan_amnt', 0.0051167407597953749)
('term', 0.0074959176065928744)
('open_acc', 0.0080545332770986643)
('mths_since_last_delinq', 0.0090005614664706354)
('emp_length', 0.0091079370351168504)
('title_upper_count', 0.010024995169352012)
('title_len', 0.01098577332056822)
('loan_amnt', 0.011432997128205448)
('total_acc', 0.011594570876997943)
('credit_length', 0.013176925508074866)
('max_urate', 0.013811702233408265)
('urate_range', 0.013840252081217381)
('min_urate', 0.01435255655115052)
('med_inc', 0.014644577671100832)
('zip_code', 0.014997482589883069)
('purpose', 0.015379779285921553)
('mod_rate', 0.016957012592246662)
('hpa40', 0.017157595247215572)
('short_title_rank', 0.01718885457859062)
('issue_mth', 0.017495635736206404)
('urate_chg', 0.01768429578450369)
('title_rank', 0.017784332614294403)
('dti', 0.017926226296922559)
('revol_bal', 0.018067089571289059)
('avg_urate', 0.018174037899246497)
('title_last_word_rank', 0.018672666663966123)
('title_upper_pct', 0.019196146277812614)
('urate', 0.019345909049315897)
('revol_util', 0.019895267782719744)
('installment', 0.020432715817426731)
('title_first_word_rank', 0.020886323138433575)
('inq_last_6mths', 0.021853589147267313)
('revol_bal-loan', 0.024046686600646433)
('hpa1', 0.027975350413323493)
('hpa20', 0.031270387138400337)
('fico_range_low', 0.034391751646903376)
('pct_med_inc', 0.038369352160228402)
('int_pymt', 0.041309241316628616)
('annual_inc', 0.043998772810761186)
('hpa4', 0.053327023602160815)
('int_rate', 0.10490137892361147)
('sub_grade', 0.10517596820204396)


Forest Parameters
oob_score: False
n_jobs: 1
verbose: 2
min_density: None
compute_importances: None
max_leaf_nodes: None
bootstrap: True
min_samples_leaf: 100
n_estimators: 400
min_samples_split: 2
random_state: None
criterion: gini
max_features: auto
max_depth: None
