OOS Cutoff = 2014-05-01 00:00:00
Int Range: [0,7]
  LAlpha  UAlpha     ROE    DExp    DAct    Rate     Num
    2.58    4.53    6.17    2.17    0.00    6.17     189
    4.53    4.93    5.74    1.45    0.45    6.19     189
    4.93    5.20    5.58    1.10    0.59    6.17     189
    5.20    5.41    6.18    0.88    0.00    6.18     189
    5.41    5.56    6.16    0.68    0.00    6.16     189
    5.56    5.68    6.15    0.53    0.00    6.15     189
    5.68    5.78    6.17    0.44    0.00    6.17     189
    5.78    5.90    6.03    0.34    0.14    6.17     189
    5.90    6.09    6.37    0.39    0.00    6.37     189
    6.09    6.45    6.49    0.26    0.00    6.49     189

Int Range: [7,10]
  LAlpha  UAlpha     ROE    DExp    DAct    Rate     Num
    2.83    5.87    6.98    2.47    0.80    7.78     602
    5.87    6.37    7.13    1.68    0.70    7.83     602
    6.37    6.70    6.43    1.34    1.45    7.88     601
    6.70    6.94    7.14    1.11    0.79    7.93     602
    6.94    7.18    7.35    1.09    0.80    8.15     601
    7.18    7.40    7.61    1.01    0.69    8.30     602
    7.40    7.66    7.33    0.95    1.13    8.47     602
    7.66    7.95    8.07    0.93    0.67    8.74     601
    7.95    8.30    8.20    0.79    0.71    8.90     602
    8.30    9.08    8.68    0.59    0.49    9.17     601

Int Range: [10,12]
  LAlpha  UAlpha     ROE    DExp    DAct    Rate     Num
    1.78    7.04    9.82    4.50    0.85   10.68     734
    7.04    7.74    9.91    3.28    0.81   10.72     734
    7.74    8.18    9.39    2.79    1.37   10.76     734
    8.18    8.53    9.17    2.48    1.67   10.83     733
    8.53    8.82    9.42    2.17    1.42   10.85     734
    8.82    9.11    9.94    1.99    1.01   10.95     734
    9.11    9.39    9.74    1.83    1.34   11.08     733
    9.39    9.71   10.08    1.68    1.14   11.22     734
    9.71   10.12    9.98    1.47    1.39   11.38     734
   10.12   11.36   10.53    1.08    1.01   11.54     733

Int Range: [12,13.5]
  LAlpha  UAlpha     ROE    DExp    DAct    Rate     Num
    1.00    7.40   11.68    6.72    1.40   13.08     774
    7.40    8.23   10.54    5.17    2.49   13.03     773
    8.23    8.76   11.11    4.48    1.88   12.99     773
    8.76    9.20    9.90    4.00    3.09   12.99     773
    9.20    9.56   10.60    3.57    2.36   12.95     773
    9.56    9.90   11.42    3.21    1.53   12.94     774
    9.90   10.22   11.84    2.87    1.09   12.93     773
   10.22   10.54   11.38    2.51    1.50   12.89     773
   10.54   10.94   12.04    2.17    0.86   12.90     773
   10.94   12.43   10.84    1.63    2.07   12.91     773

Int Range: [13.5,15]
  LAlpha  UAlpha     ROE    DExp    DAct    Rate     Num
    1.13    7.50    9.80    7.97    4.64   14.44     790
    7.50    8.39   12.40    6.44    2.03   14.43     790
    8.39    9.04   12.49    5.74    1.98   14.47     790
    9.04    9.55   11.20    5.13    3.23   14.43     790
    9.55    9.97   12.34    4.65    2.08   14.42     790
    9.97   10.38   11.73    4.28    2.72   14.45     790
   10.38   10.80   12.04    3.87    2.41   14.46     790
   10.80   11.26   11.99    3.47    2.50   14.49     790
   11.26   11.83   12.54    3.01    1.98   14.53     790
   11.83   13.96   13.09    2.32    1.53   14.62     790

Int Range: [15,17]
  LAlpha  UAlpha     ROE    DExp    DAct    Rate     Num
   -1.59    6.67   11.48   11.47    5.07   16.55     636
    6.67    7.93   11.55    9.02    4.81   16.36     635
    7.93    8.78   13.15    7.90    3.13   16.28     636
    8.78    9.47   10.78    7.10    5.45   16.23     635
    9.47   10.09   12.35    6.43    3.86   16.21     635
   10.09   10.60   12.70    5.87    3.50   16.21     636
   10.60   11.16   14.00    5.26    2.14   16.13     635
   11.16   11.71   14.82    4.74    1.35   16.17     636
   11.71   12.42   13.17    4.08    2.97   16.14     635
   12.42   14.79   13.90    3.19    2.27   16.17     635

Int Range: [17,20]
  LAlpha  UAlpha     ROE    DExp    DAct    Rate     Num
   -5.07    5.58   10.45   14.87    7.95   18.40     555
    5.58    7.26   13.52   11.82    4.80   18.32     555
    7.26    8.42   13.20   10.52    5.19   18.39     555
    8.42    9.24   13.59    9.52    4.76   18.34     555
    9.24   10.03   13.25    8.74    5.12   18.37     555
   10.03   10.68   14.17    8.07    4.27   18.44     555
   10.68   11.37   15.01    7.43    3.44   18.45     555
   11.37   12.08   14.37    6.82    4.17   18.54     555
   12.08   12.98   14.41    6.03    4.15   18.55     555
   12.98   16.05   16.39    4.94    2.35   18.74     555

Int Range: [20,30]
  LAlpha  UAlpha     ROE    DExp    DAct    Rate     Num
  -13.72    1.57   14.99   25.94    9.08   24.07     368
    1.57    5.03   11.48   19.86   11.80   23.27     367
    5.03    7.11   11.52   16.51   11.15   22.67     367
    7.11    8.50   16.34   14.42    5.92   22.26     367
    8.50    9.74   10.68   13.04   11.49   22.17     367
    9.74   10.71   13.91   11.66    7.96   21.87     367
   10.71   11.71   14.13   10.94    8.02   22.14     367
   11.71   12.77   15.38    9.85    6.68   22.06     367
   12.77   14.11   17.36    8.73    4.73   22.09     367
   14.11   19.24   17.49    7.61    5.38   22.88     367


MinAlpha	ROE	Count
-5	11.18	46415
-4	11.18	46385
-3	11.18	46349
-2	11.17	46302
-1	11.17	46249
0	11.16	46164
1	11.16	46056
2	11.17	45908
3	11.17	45711
4	11.18	45301
5	11.23	44321
6	11.46	41535
7	11.73	37356
8	12.07	31247
9	12.50	23620
10	13.20	15486
11	13.94	8132
12	14.93	3749
13	16.50	1505
14	17.11	596
15	15.56	216

Forest Importance
('pub_rec', 0.00022345505069450836)
('delinq_2yrs', 0.0023619967639238212)
('is_inc_v', 0.0025866495676167079)
('term', 0.0033374283316493034)
('even_loan_amnt', 0.0035046922459611067)
('loan_amnt', 0.0036306279935738235)
('mths_since_last_record', 0.0037732240476101523)
('purpose', 0.0043559521048001874)
('sub_grade', 0.0053573360760371244)
('mod_rate', 0.0072474893248661507)
('home_ownership', 0.007731840562780928)
('open_acc', 0.011398948886365404)
('inq_last_6mths', 0.011589529634255856)
('fico_range_low', 0.015690755576638696)
('mths_since_last_delinq', 0.016922100728619407)
('int_pymt', 0.018533912134479521)
('total_acc', 0.018579612659889066)
('clean_title_rank', 0.019821997536519202)
('emp_title_rank', 0.020437864351183336)
('installment', 0.020741234979503646)
('emp_length', 0.021157109130491718)
('revol_bal', 0.022017309814880943)
('dti', 0.023403837470038526)
('urate', 0.02404385902060131)
('annual_inc', 0.024487431455390039)
('zip_code', 0.024684856368782478)
('short_title_rank', 0.02477290077040958)
('revol_util', 0.026702739750313023)
('avg_urate', 0.026894132406600275)
('revol_bal_pct_inc', 0.028174550102727573)
('med_inc', 0.028493917275628153)
('urate_range', 0.028634198508087353)
('revol_bal-loan', 0.029062746471464975)
('pct_med_inc', 0.02911882467337127)
('credit_length', 0.029824926035103581)
('hpa4', 0.030071335853682074)
('urate_chg', 0.031902334354899448)
('pymt_pct_inc', 0.049824404389543463)
('tok4_clean_title_log_odds', 0.05653770142125724)
('int_rate', 0.24236423616975913)


Forest Parameters
oob_score: False
n_jobs: 8
verbose: 0
min_density: None
compute_importances: None
max_leaf_nodes: None
bootstrap: True
min_samples_leaf: 100
n_estimators: 400
min_samples_split: 2
random_state: None
criterion: mse
max_features: auto
max_depth: None
