OOS Cutoff = 2014-08-01 00:00:00
Int Range: [0,7]
  LAlpha  UAlpha     ROE    DExp    DAct    Rate     Num
   -8.50    4.37    5.18    2.52    1.04    6.22     185
    4.37    4.83    4.65    1.55    1.54    6.19     185
    4.83    5.11    6.16    1.18    0.00    6.16     185
    5.11    5.27    5.55    0.96    0.62    6.16     185
    5.27    5.43    5.74    0.81    0.42    6.15     185
    5.43    5.56    6.15    0.66    0.00    6.15     185
    5.56    5.67    5.99    0.54    0.15    6.14     185
    5.67    5.78    5.16    0.47    1.04    6.19     185
    5.78    6.00    5.77    0.45    0.55    6.32     185
    6.00    6.37    6.49    0.36    0.00    6.49     184

Int Range: [7,10]
  LAlpha  UAlpha     ROE    DExp    DAct    Rate     Num
   -0.04    4.88    4.66    3.85    3.32    7.98     461
    4.88    5.52    4.68    2.76    3.32    8.00     461
    5.52    5.88    5.27    2.21    2.65    7.92     461
    5.88    6.18    6.79    1.92    1.16    7.96     461
    6.18    6.42    6.85    1.63    1.08    7.93     460
    6.42    6.66    5.22    1.48    2.81    8.03     461
    6.66    6.91    5.84    1.33    2.28    8.12     461
    6.91    7.23    7.03    1.51    1.54    8.57     461
    7.23    7.67    6.67    1.37    2.15    8.81     461
    7.67    8.65    7.96    1.08    1.12    9.08     460

Int Range: [10,12]
  LAlpha  UAlpha     ROE    DExp    DAct    Rate     Num
    0.34    5.96    5.37    6.00    5.44   10.80     450
    5.96    6.79    7.68    4.31    3.05   10.73     450
    6.79    7.28    7.82    3.69    2.92   10.74     450
    7.28    7.67    7.33    3.40    3.55   10.87     450
    7.67    8.03    8.90    3.08    2.02   10.92     450
    8.03    8.34    7.82    2.75    3.12   10.94     450
    8.34    8.68    7.27    2.44    3.66   10.94     450
    8.68    9.04    8.63    2.14    2.37   11.00     450
    9.04    9.53    8.88    1.93    2.31   11.19     450
    9.53   11.17   10.25    1.49    1.19   11.44     450

Int Range: [12,13.5]
  LAlpha  UAlpha     ROE    DExp    DAct    Rate     Num
   -2.65    5.32    3.38    8.99    9.58   12.96     446
    5.32    6.22    5.40    7.10    7.51   12.91     446
    6.22    6.90    7.87    6.36    5.06   12.93     446
    6.90    7.49    8.32    5.72    4.60   12.93     446
    7.49    8.03    7.51    5.19    5.44   12.95     445
    8.03    8.50    8.30    4.66    4.63   12.93     446
    8.50    8.95    8.08    4.24    4.87   12.95     446
    8.95    9.45    7.93    3.74    4.99   12.93     446
    9.45   10.09    9.11    3.21    3.86   12.96     446
   10.09   12.29    9.45    2.30    3.57   13.03     445

Int Range: [13.5,15]
  LAlpha  UAlpha     ROE    DExp    DAct    Rate     Num
   -3.30    4.80    5.69   11.13    8.80   14.49     436
    4.80    6.00    2.68    9.04   11.78   14.46     436
    6.00    6.88    5.65    7.99    8.80   14.45     436
    6.88    7.62    6.22    7.19    8.20   14.43     436
    7.62    8.29    9.10    6.51    5.36   14.45     436
    8.29    8.90    9.40    5.86    5.05   14.45     436
    8.90    9.53    9.43    5.24    5.03   14.46     436
    9.53   10.24    8.53    4.57    5.91   14.45     436
   10.24   11.02    9.65    3.79    4.76   14.41     436
   11.02   13.61   10.95    2.85    3.61   14.56     435

Int Range: [15,17]
  LAlpha  UAlpha     ROE    DExp    DAct    Rate     Num
   -7.19    3.75   -2.42   14.75   18.81   16.39     343
    3.75    5.22    5.17   11.70   11.07   16.24     342
    5.22    6.33    5.39   10.44   10.84   16.24     342
    6.33    7.21    7.20    9.48    9.05   16.25     343
    7.21    8.00    8.58    8.60    7.64   16.22     342
    8.00    8.74    7.68    7.92    8.61   16.29     342
    8.74    9.47    7.04    7.17    9.21   16.25     343
    9.47   10.38   11.59    6.32    4.67   16.26     342
   10.38   11.33    9.52    5.38    6.68   16.20     342
   11.33   13.86   10.23    4.25    6.11   16.33     342

Int Range: [17,20]
  LAlpha  UAlpha     ROE    DExp    DAct    Rate     Num
   -8.96    1.98   -2.53   19.22   21.16   18.63     319
    1.98    4.14    7.00   15.38   11.52   18.52     319
    4.14    5.58    7.54   13.58   10.95   18.48     319
    5.58    6.83    2.05   12.27   16.41   18.47     319
    6.83    7.77    6.36   11.13   12.08   18.43     318
    7.77    8.71    5.42   10.06   12.90   18.32     319
    8.71    9.59    7.01    9.24   11.39   18.40     319
    9.59   10.44   10.28    8.38    8.10   18.38     319
   10.44   11.65    9.88    7.42    8.54   18.42     319
   11.65   15.22   10.99    5.79    7.52   18.50     318

Int Range: [20,30]
  LAlpha  UAlpha     ROE    DExp    DAct    Rate     Num
  -14.01   -3.34   -2.08   29.19   24.89   22.80     299
   -3.34   -0.14    4.93   24.71   18.10   23.04     298
   -0.14    2.25   -4.26   21.85   27.28   23.02     299
    2.25    4.36   -4.25   19.74   27.35   23.10     298
    4.36    5.98    7.66   17.57   15.14   22.80     298
    5.98    7.75    3.66   16.02   19.23   22.89     299
    7.75    9.34   11.38   14.52   11.65   23.03     298
    9.34   11.14    8.46   12.62   14.40   22.86     299
   11.14   13.38    9.62   10.61   13.24   22.86     298
   13.38   19.52   12.24    8.32   11.24   23.48     298


MinAlpha	ROE	Count
-5	6.89	29161
-4	6.91	29079
-3	6.95	29003
-2	6.96	28864
-1	6.99	28721
0	7.05	28521
1	7.15	28265
2	7.25	27898
3	7.35	27386
4	7.50	26511
5	7.67	24576
6	8.12	20585
7	8.61	15998
8	9.06	11484
9	9.65	7237
10	10.42	4062
11	10.89	2107
12	11.38	1003
13	12.64	491
14	14.81	260
15	18.48	152

Forest Importance
('pub_rec', 0.00020125560747459521)
('delinq_2yrs', 0.00090833906200719363)
('term', 0.0019542126889520086)
('loan_amnt', 0.0042450448306338966)
('purpose', 0.0042568401754131792)
('verification_status', 0.0047504157936667712)
('mths_since_last_record', 0.0052943193721091738)
('even_loan_amnt', 0.0053026486214659725)
('mths_since_last_major_derog', 0.0063869690973601565)
('open_acc', 0.013393222970053313)
('home_ownership', 0.015054037475924029)
('inq_last_6mths', 0.015310918706504943)
('mths_since_last_delinq', 0.019619141000202466)
('int_pymt', 0.020079382581257969)
('total_acc', 0.022461116879678243)
('installment', 0.023633389591567841)
('revol_bal', 0.025863246110966617)
('emp_length', 0.02722568591910619)
('dti', 0.027918182594630178)
('tok4_capitalization_log_odds', 0.029811295674920326)
('annual_inc', 0.030756038342876772)
('clean_title_rank', 0.03200129138725049)
('revol_util', 0.032079799451723116)
('revol_bal_pct_inc', 0.032276736137849621)
('revol_bal-loan', 0.032846300129639711)
('credit_length', 0.033628448513987046)
('int_pct_inc', 0.037104766548910081)
('pct_med_inc', 0.037324325205791091)
('urate', 0.038016094759814163)
('pymt_pct_inc', 0.050651768871807688)
('tok4_clean_title_log_odds', 0.058630817794583186)
('sub_grade', 0.13763427356982025)
('int_rate', 0.17337967453205166)


Forest Parameters
oob_score: False
n_jobs: 8
verbose: 0
min_density: None
compute_importances: None
max_leaf_nodes: None
bootstrap: True
min_samples_leaf: 150
n_estimators: 400
min_samples_split: 2
random_state: None
criterion: mse
max_features: auto
max_depth: None
