OOS Cutoff = 2014-04-01 00:00:00
Int Range: [0,7]
  LAlpha  UAlpha     ROE    DExp    DAct    Rate     Num
    1.41    3.95    4.45    2.96    1.76    6.21     200
    3.95    4.43    4.82    2.03    1.42    6.25     199
    4.43    4.70    6.24    1.68    0.00    6.24     200
    4.70    4.94    6.08    1.39    0.13    6.21     199
    4.94    5.14    6.10    1.19    0.13    6.24     199
    5.14    5.31    6.25    1.02    0.00    6.25     200
    5.31    5.48    5.68    0.84    0.56    6.24     199
    5.48    5.65    5.74    0.70    0.52    6.26     200
    5.65    5.85    5.87    0.68    0.56    6.43     199
    5.85    6.44    6.09    0.50    0.46    6.56     199

Int Range: [7,10]
  LAlpha  UAlpha     ROE    DExp    DAct    Rate     Num
    0.92    5.26    5.84    3.51    2.25    8.09     791
    5.26    5.86    6.65    2.52    1.46    8.11     790
    5.86    6.26    6.65    2.08    1.49    8.14     791
    6.26    6.54    6.52    1.77    1.65    8.17     790
    6.54    6.79    6.25    1.61    2.03    8.28     790
    6.79    7.05    7.05    1.46    1.33    8.39     791
    7.05    7.32    8.02    1.31    0.47    8.48     790
    7.32    7.65    6.93    1.32    1.87    8.79     791
    7.65    8.07    8.37    1.21    0.69    9.06     790
    8.07    9.32    8.38    0.93    0.94    9.32     790

Int Range: [10,12]
  LAlpha  UAlpha     ROE    DExp    DAct    Rate     Num
   -0.18    6.79    8.30    5.08    2.57   10.87     743
    6.79    7.52    8.13    3.73    2.79   10.92     743
    7.52    7.98    7.90    3.20    3.07   10.96     743
    7.98    8.36    8.69    2.81    2.30   10.99     743
    8.36    8.70    9.18    2.54    1.88   11.06     742
    8.70    9.01    8.93    2.28    2.20   11.13     743
    9.01    9.32    9.00    2.05    2.22   11.22     743
    9.32    9.68    8.34    1.86    3.01   11.35     743
    9.68   10.10    9.40    1.63    2.12   11.52     743
   10.10   11.58    9.64    1.26    2.12   11.75     742

Int Range: [12,13.5]
  LAlpha  UAlpha     ROE    DExp    DAct    Rate     Num
   -3.24    6.34    8.06    8.17    4.97   13.03     824
    6.34    7.30    8.46    6.14    4.50   12.97     823
    7.30    7.96    8.50    5.29    4.44   12.94     823
    7.96    8.47    8.75    4.65    4.13   12.88     823
    8.47    8.91    8.86    4.17    4.00   12.86     823
    8.91    9.32    9.83    3.72    3.02   12.85     824
    9.32    9.68   10.02    3.33    2.81   12.83     823
    9.68   10.08   11.16    2.96    1.67   12.83     823
   10.08   10.58   10.34    2.46    2.44   12.78     823
   10.58   12.26   10.55    1.85    2.30   12.85     823

Int Range: [13.5,15]
  LAlpha  UAlpha     ROE    DExp    DAct    Rate     Num
   -1.78    5.95    7.10    9.77    7.24   14.34     938
    5.95    7.11    8.17    7.72    6.14   14.31     938
    7.11    7.91    8.48    6.75    5.80   14.28     938
    7.91    8.55    9.16    6.08    5.15   14.32     938
    8.55    9.11    9.28    5.48    5.03   14.31     938
    9.11    9.63    9.29    4.94    5.02   14.31     938
    9.63   10.10   10.63    4.46    3.70   14.33     938
   10.10   10.62   11.25    3.96    3.07   14.32     938
   10.62   11.32   11.78    3.41    2.57   14.35     938
   11.32   13.61   11.86    2.58    2.63   14.49     938

Int Range: [15,17]
  LAlpha  UAlpha     ROE    DExp    DAct    Rate     Num
   -6.41    4.90    6.83   13.28    9.47   16.30     812
    4.90    6.44    8.02   10.41    8.15   16.17     812
    6.44    7.46   10.31    9.12    5.80   16.11     812
    7.46    8.30   10.00    8.12    6.01   16.01     811
    8.30    9.07    9.48    7.31    6.52   16.00     812
    9.07    9.70   10.26    6.57    5.69   15.95     812
    9.70   10.30    9.81    5.93    6.12   15.92     811
   10.30   10.94   12.25    5.28    3.64   15.90     812
   10.94   11.74    9.97    4.54    5.90   15.87     812
   11.74   14.73   12.31    3.47    3.60   15.91     811

Int Range: [17,20]
  LAlpha  UAlpha     ROE    DExp    DAct    Rate     Num
   -7.40    3.35    4.69   17.47   13.82   18.51     769
    3.35    5.25    5.01   14.06   13.48   18.49     769
    5.25    6.58    8.25   12.57   10.25   18.50     769
    6.58    7.65   11.42   11.43    7.12   18.54     768
    7.65    8.55   10.29   10.44    8.26   18.55     769
    8.55    9.41   11.30    9.55    7.22   18.52     769
    9.41   10.28    7.98    8.70   10.57   18.54     768
   10.28   11.16   12.21    7.89    6.40   18.60     769
   11.16   12.27   13.22    6.97    5.44   18.66     769
   12.27   16.67   13.21    5.52    5.58   18.80     768

Int Range: [20,30]
  LAlpha  UAlpha     ROE    DExp    DAct    Rate     Num
  -13.13    0.58    0.24   25.61   23.15   23.39     457
    0.58    3.40    3.24   20.85   19.72   22.96     456
    3.40    5.27    3.50   18.03   18.93   22.43     457
    5.27    6.61    6.93   16.39   15.40   22.33     456
    6.61    7.80    8.57   15.08   13.72   22.28     457
    7.80    8.81   10.40   13.81   11.75   22.14     456
    8.81    9.91   11.22   12.90   11.03   22.25     457
    9.91   11.12   10.05   11.55   12.01   22.06     456
   11.12   12.66   12.46   10.52    9.87   22.33     457
   12.66   19.14   13.50    8.56    9.17   22.66     456


MinAlpha	ROE	Count
-5	8.95	55240
-4	8.96	55196
-3	8.96	55130
-2	8.96	55039
-1	8.96	54896
0	9.01	54662
1	9.05	54380
2	9.07	53930
3	9.13	53182
4	9.18	52008
5	9.35	49423
6	9.62	44718
7	9.94	38076
8	10.31	29926
9	10.76	21164
10	11.41	12398
11	12.09	5904
12	13.22	2521
13	13.04	957
14	13.60	350
15	14.97	133

Forest Importance
('pub_rec', 0.00024643061961825808)
('delinq_2yrs', 0.0016075322667464284)
('term', 0.0016817558507906344)
('verification_status', 0.0028008179100695034)
('mths_since_last_record', 0.0033151454956974629)
('loan_amnt', 0.0035213495642157353)
('even_loan_amnt', 0.003973680833377828)
('purpose', 0.0044971948334686738)
('mod_rate', 0.0069366417094571574)
('home_ownership', 0.010493706554875491)
('inq_last_6mths', 0.01107082759480422)
('open_acc', 0.011073623415957475)
('fico_range_low', 0.01621262239630597)
('mths_since_last_delinq', 0.017221686603113892)
('int_pymt', 0.018244302396958779)
('total_acc', 0.018588702116075009)
('clean_title_rank', 0.019769335177156261)
('emp_title_rank', 0.01990317297626628)
('installment', 0.021361149607543064)
('revol_bal', 0.022635370145323103)
('dti', 0.024869142654550491)
('tok4_capitalization_log_odds', 0.024890903960321644)
('urate', 0.024954734889784853)
('emp_length', 0.02527075755015486)
('zip_code', 0.025617473247993298)
('short_title_rank', 0.026521638057791192)
('revol_util', 0.027085584529182253)
('avg_urate', 0.028236481271565833)
('tok4_clean_title_log_odds', 0.028804055122649289)
('med_inc', 0.029571382965059966)
('credit_length', 0.029601636319869003)
('pct_med_inc', 0.031508263293166507)
('urate_chg', 0.031584803842936514)
('revol_bal_pct_inc', 0.031637670696420012)
('revol_bal-loan', 0.031684178988292303)
('annual_inc', 0.034227236137388393)
('hpa4', 0.038326178954869061)
('pymt_pct_inc', 0.048149918943200476)
('sub_grade', 0.053294623879128228)
('int_rate', 0.18900828662785482)


Forest Parameters
oob_score: False
n_jobs: 8
verbose: 0
min_density: None
compute_importances: None
max_leaf_nodes: None
bootstrap: True
min_samples_leaf: 100
n_estimators: 400
min_samples_split: 2
random_state: None
criterion: mse
max_features: auto
max_depth: None
