OOS Cutoff = 2014-03-01 00:00:00
Int Range: [0,7]
  LAlpha  UAlpha     ROE    DExp    DAct    Rate     Num
    0.32    3.68    5.18    3.71    1.21    6.39      94
    3.68    4.24    6.32    2.33    0.00    6.32      94
    4.24    4.62    6.31    1.87    0.00    6.31      94
    4.62    4.89    6.06    1.59    0.28    6.34      93
    4.89    5.10    6.30    1.30    0.00    6.30      94
    5.10    5.30    6.35    1.14    0.00    6.35      94
    5.30    5.48    6.31    0.92    0.00    6.31      93
    5.48    5.73    5.26    0.86    1.21    6.47      94
    5.73    5.96    6.50    0.67    0.00    6.50      94
    5.96    6.55    5.70    0.47    0.92    6.62      93

Int Range: [7,10]
  LAlpha  UAlpha     ROE    DExp    DAct    Rate     Num
   -0.94    4.91    6.89    4.43    1.50    8.39     547
    4.91    5.72    6.68    2.99    1.68    8.36     546
    5.72    6.18    6.96    2.40    1.40    8.36     546
    6.18    6.55    7.21    1.93    1.09    8.30     547
    6.55    6.86    6.80    1.67    1.58    8.38     546
    6.86    7.15    7.33    1.48    1.16    8.48     546
    7.15    7.48    8.03    1.37    0.65    8.68     547
    7.48    7.85    7.72    1.44    1.37    9.08     546
    7.85    8.33    7.94    1.21    1.36    9.30     546
    8.33    9.55    8.61    0.82    0.90    9.51     546

Int Range: [10,12]
  LAlpha  UAlpha     ROE    DExp    DAct    Rate     Num
    0.92    6.67    9.54    5.88    1.80   11.34     374
    6.67    7.62    8.96    4.19    2.41   11.38     374
    7.62    8.18    9.42    3.47    1.97   11.39     374
    8.18    8.59    9.73    3.06    1.70   11.43     374
    8.59    8.95    9.77    2.69    1.70   11.47     374
    8.95    9.27    8.90    2.38    2.61   11.51     374
    9.27    9.62    9.54    2.10    2.01   11.55     374
    9.62   10.00    9.58    1.82    2.05   11.63     374
   10.00   10.45   10.58    1.52    1.14   11.72     374
   10.45   11.74   10.82    1.05    1.09   11.91     374

Int Range: [12,13.5]
  LAlpha  UAlpha     ROE    DExp    DAct    Rate     Num
    0.97    6.80    8.75    7.23    4.09   12.83     436
    6.80    7.79    8.35    5.48    4.47   12.81     436
    7.79    8.41    8.66    4.69    4.14   12.80     436
    8.41    8.88   10.34    4.13    2.43   12.78     436
    8.88    9.31   11.52    3.66    1.23   12.76     436
    9.31    9.72    9.88    3.22    2.85   12.73     436
    9.72   10.11   10.14    2.80    2.58   12.72     436
   10.11   10.51   10.04    2.42    2.69   12.73     436
   10.51   10.98   10.61    2.01    2.13   12.74     436
   10.98   12.31   11.02    1.32    1.68   12.70     436

Int Range: [13.5,15]
  LAlpha  UAlpha     ROE    DExp    DAct    Rate     Num
   -0.57    6.22    8.62    9.39    5.59   14.21     628
    6.22    7.36   10.19    7.31    3.94   14.13     627
    7.36    8.24    9.79    6.32    4.36   14.15     628
    8.24    8.93    8.93    5.54    5.22   14.15     627
    8.93    9.46    9.23    4.91    4.88   14.11     628
    9.46   10.02   10.67    4.36    3.45   14.11     627
   10.02   10.51    9.67    3.87    4.48   14.15     628
   10.51   11.02   11.11    3.42    3.08   14.19     627
   11.02   11.65   10.72    2.87    3.47   14.20     628
   11.65   13.50   11.04    2.10    3.24   14.28     627

Int Range: [15,17]
  LAlpha  UAlpha     ROE    DExp    DAct    Rate     Num
   -8.50    5.55    7.27   12.40    8.71   15.98     581
    5.55    7.12    9.60    9.44    6.23   15.84     581
    7.12    8.21   10.78    8.10    5.01   15.79     581
    8.21    9.10   11.57    7.08    4.18   15.76     581
    9.10    9.83    9.20    6.28    6.56   15.75     581
    9.83   10.45   10.42    5.61    5.33   15.75     581
   10.45   11.02   10.70    5.02    5.07   15.76     581
   11.02   11.66   10.59    4.40    5.16   15.75     581
   11.66   12.35   14.26    3.76    1.49   15.75     581
   12.35   14.96   12.84    2.86    2.95   15.79     580

Int Range: [17,20]
  LAlpha  UAlpha     ROE    DExp    DAct    Rate     Num
  -12.95    2.86    5.04   18.94   13.56   18.60     568
    2.86    5.53   11.30   14.28    7.28   18.58     567
    5.53    7.06   10.55   12.23    8.04   18.59     568
    7.06    8.35   12.30   10.89    6.30   18.61     567
    8.35    9.42   10.28    9.63    8.28   18.56     567
    9.42   10.31    9.97    8.72    8.62   18.59     568
   10.31   11.15   12.09    7.98    6.63   18.72     567
   11.15   12.06   12.23    7.04    6.41   18.64     568
   12.06   13.05   14.14    6.22    4.63   18.77     567
   13.05   17.07   14.23    5.11    4.86   19.09     567

Int Range: [20,30]
  LAlpha  UAlpha     ROE    DExp    DAct    Rate     Num
  -17.85   -1.78    3.06   29.19   20.17   23.24     330
   -1.78    3.06    6.76   21.77   15.89   22.65     329
    3.06    5.82    9.64   17.99   12.95   22.59     330
    5.82    7.54    9.21   15.83   13.37   22.57     329
    7.54    8.92   10.74   14.10   11.63   22.37     329
    8.92   10.08   14.12   12.52    7.91   22.03     330
   10.08   11.26    6.72   11.55   15.49   22.21     329
   11.26   12.43   10.17   10.39   12.08   22.25     330
   12.43   13.85   10.42    8.80   11.50   21.93     329
   13.85   19.89   15.00    7.49    7.73   22.73     329


MinAlpha	ROE	Count
-5	9.79	35330
-4	9.81	35275
-3	9.81	35206
-2	9.81	35111
-1	9.82	35000
0	9.84	34853
1	9.86	34656
2	9.89	34380
3	9.94	33931
4	9.97	33209
5	10.05	31745
6	10.21	29265
7	10.46	25627
8	10.77	21255
9	11.04	16368
10	11.39	11276
11	12.22	6476
12	13.23	3188
13	13.60	1376
14	14.66	566
15	15.04	222

Forest Importance
('pub_rec', 0.00045648229910044252)
('delinq_2yrs', 0.0013681876512683009)
('term', 0.0017440372208895626)
('is_inc_v', 0.0027550861426466288)
('mths_since_last_record', 0.0029449913953599528)
('loan_amnt', 0.0031251592196027194)
('purpose', 0.0037317491496950935)
('even_loan_amnt', 0.0040561530484978254)
('mod_rate', 0.0063963552381939527)
('home_ownership', 0.00716436675854824)
('inq_last_6mths', 0.0082287839693630065)
('open_acc', 0.0099222086490696956)
('fico_range_low', 0.013406072842403574)
('tok4_capitalization_log_odds', 0.01401699021262413)
('mths_since_last_delinq', 0.015769375980990385)
('total_acc', 0.016402930629042224)
('clean_title_rank', 0.016730107525103358)
('int_pymt', 0.017086181495835764)
('emp_title_rank', 0.018435506775020927)
('annual_inc', 0.019007148803692753)
('revol_bal', 0.020168179012735054)
('installment', 0.020187106139152908)
('zip_code', 0.021677256162547988)
('revol_util', 0.022032416925191853)
('urate', 0.022175047623761504)
('dti', 0.022844316720158964)
('avg_urate', 0.02355820042641997)
('pct_med_inc', 0.024540943607505725)
('emp_length', 0.024802303627899158)
('med_inc', 0.02679969666740575)
('urate_chg', 0.02756645991573823)
('hpa4', 0.02768527894648018)
('revol_bal_pct_inc', 0.027780296163742415)
('revol_bal-loan', 0.028321665999957123)
('credit_length', 0.02839793917794552)
('urate_range', 0.030150779792428365)
('short_title_rank', 0.031485872399659928)
('pymt_pct_inc', 0.043924953935694414)
('sub_grade', 0.0464096282843642)
('tok4_clean_title_log_odds', 0.10358986005400023)
('int_rate', 0.19315392341026189)


Forest Parameters
oob_score: False
n_jobs: 8
verbose: 0
min_density: None
compute_importances: None
max_leaf_nodes: None
bootstrap: True
min_samples_leaf: 100
n_estimators: 400
min_samples_split: 2
random_state: None
criterion: mse
max_features: auto
max_depth: None
