OOS Cutoff = 2014-03-01 00:00:00
Int Range: [0,7]
  LAlpha  UAlpha     ROE    DExp    DAct    Rate     Num
   -4.23    0.43    5.11    6.87    1.21    6.32      94
    0.43    1.17    6.36    5.52    0.00    6.36      94
    1.17    1.64    6.36    4.97    0.00    6.36      94
    1.64    2.03    5.17    4.55    1.23    6.40      93
    2.03    2.30    6.34    4.17    0.00    6.34      94
    2.30    2.66    6.34    3.87    0.00    6.34      94
    2.66    2.98    6.10    3.56    0.28    6.39      93
    2.98    3.30    6.39    3.25    0.00    6.39      94
    3.30    3.76    6.45    2.94    0.00    6.45      94
    3.76    5.27    5.64    2.40    0.92    6.56      93

Int Range: [7,10]
  LAlpha  UAlpha     ROE    DExp    DAct    Rate     Num
   -3.48    1.97    6.53    7.34    1.76    8.29     547
    1.97    2.81    6.42    5.92    1.92    8.35     546
    2.81    3.43    7.30    5.27    1.11    8.41     546
    3.43    3.90    6.95    4.78    1.50    8.45     547
    3.90    4.34    7.11    4.41    1.42    8.53     546
    4.34    4.74    8.17    4.05    0.41    8.58     546
    4.74    5.15    7.55    3.76    1.14    8.70     547
    5.15    5.66    7.64    3.48    1.25    8.89     546
    5.66    6.28    7.90    3.21    1.27    9.16     546
    6.28    8.40    8.59    2.67    0.90    9.49     546

Int Range: [10,12]
  LAlpha  UAlpha     ROE    DExp    DAct    Rate     Num
   -2.05    4.28    8.68    8.23    2.65   11.33     374
    4.28    5.27    9.47    6.59    1.93   11.40     374
    5.27    5.99    7.97    5.79    3.46   11.44     374
    5.99    6.48    9.90    5.22    1.56   11.46     374
    6.48    6.93    9.00    4.77    2.48   11.48     374
    6.93    7.40   10.21    4.34    1.30   11.50     374
    7.40    7.78   10.06    4.00    1.52   11.58     374
    7.78    8.20    9.59    3.58    1.96   11.56     374
    8.20    8.76   10.93    3.21    0.75   11.68     374
    8.76   10.85   11.04    2.61    0.85   11.89     374

Int Range: [12,13.5]
  LAlpha  UAlpha     ROE    DExp    DAct    Rate     Num
   -4.02    5.29    8.92    8.59    3.82   12.74     436
    5.29    6.41    7.33    6.85    5.42   12.75     436
    6.41    7.06    9.94    6.01    2.81   12.76     436
    7.06    7.64    9.83    5.39    2.92   12.75     436
    7.64    8.10   10.22    4.83    2.48   12.71     436
    8.10    8.57   11.26    4.42    1.49   12.75     436
    8.57    8.96    9.67    3.98    3.07   12.74     436
    8.96    9.36   11.24    3.60    1.51   12.75     436
    9.36    9.87   10.89    3.18    1.90   12.79     436
    9.87   11.41   10.00    2.52    2.85   12.85     436

Int Range: [13.5,15]
  LAlpha  UAlpha     ROE    DExp    DAct    Rate     Num
    0.25    5.93    7.89    9.39    6.25   14.14     628
    5.93    7.16    9.58    7.50    4.53   14.11     627
    7.16    7.94    9.12    6.57    5.02   14.14     628
    7.94    8.53    9.94    5.87    4.17   14.11     627
    8.53    9.12   10.56    5.30    3.56   14.13     628
    9.12    9.59    8.81    4.78    5.33   14.14     627
    9.59   10.05   12.13    4.33    2.03   14.16     628
   10.05   10.53   10.19    3.88    3.99   14.18     627
   10.53   11.10   10.09    3.41    4.12   14.21     628
   11.10   13.45   11.63    2.70    2.71   14.35     627

Int Range: [15,17]
  LAlpha  UAlpha     ROE    DExp    DAct    Rate     Num
   -3.78    6.13    7.70   11.36    8.26   15.95     581
    6.13    7.38    8.14    9.09    7.74   15.88     581
    7.38    8.30   11.31    7.94    4.52   15.82     581
    8.30    9.02   10.68    7.09    5.08   15.77     581
    9.02    9.63    8.56    6.44    7.20   15.76     581
    9.63   10.21   10.68    5.85    5.10   15.78     581
   10.21   10.74   11.76    5.26    3.97   15.74     581
   10.74   11.29   12.28    4.70    3.41   15.70     581
   11.29   11.97   13.05    4.09    2.66   15.71     581
   11.97   14.83   13.07    3.28    2.75   15.82     580

Int Range: [17,20]
  LAlpha  UAlpha     ROE    DExp    DAct    Rate     Num
   -8.91    3.89    4.25   17.10   14.34   18.59     568
    3.89    5.78   11.40   13.62    7.16   18.56     567
    5.78    7.08   10.43   12.08    8.11   18.54     568
    7.08    8.13    8.06   11.01   10.58   18.65     567
    8.13    8.98   12.14   10.03    6.46   18.60     567
    8.98    9.80   12.44    9.22    6.18   18.62     568
    9.80   10.57   11.93    8.49    6.74   18.67     567
   10.57   11.45   13.91    7.75    4.85   18.76     568
   11.45   12.61   13.56    6.76    5.20   18.76     567
   12.61   16.69   13.99    5.47    5.00   18.99     567

Int Range: [20,30]
  LAlpha  UAlpha     ROE    DExp    DAct    Rate     Num
  -16.13   -0.32   -0.86   26.69   23.93   23.07     330
   -0.32    2.81   10.22   21.43   12.56   22.78     329
    2.81    5.08   10.46   18.57   12.19   22.65     330
    5.08    6.66   10.82   16.60   11.68   22.50     329
    6.66    8.05    9.57   14.84   12.65   22.22     329
    8.05    9.21    8.61   13.56   13.59   22.20     330
    9.21   10.49   10.58   12.16   11.41   22.00     329
   10.49   11.76    8.89   11.03   13.22   22.12     330
   11.76   13.40   13.38    9.76    8.91   22.29     329
   13.40   19.35   14.20    7.73    8.54   22.74     329


MinAlpha	ROE	Count
-5	9.75	35469
-4	9.78	35417
-3	9.81	35362
-2	9.86	35277
-1	9.87	35144
0	9.88	34937
1	9.93	34508
2	10.03	33680
3	10.16	32263
4	10.34	30234
5	10.50	27564
6	10.76	24525
7	10.96	20978
8	11.33	16993
9	11.59	12475
10	12.13	8119
11	12.92	4477
12	13.37	2120
13	14.36	898
14	15.42	385
15	17.31	167

Forest Importance
('pub_rec', 0.00044133087152490555)
('delinq_2yrs', 0.0010753013737498996)
('mths_since_last_record', 0.0026466907053759414)
('term', 0.0032511582074363442)
('purpose', 0.0038372809274888177)
('is_inc_v', 0.0040241415241711962)
('loan_amnt', 0.0040276010606980772)
('even_loan_amnt', 0.0060894938240081374)
('mod_rate', 0.0091674272279493926)
('home_ownership', 0.011124585273447731)
('open_acc', 0.012513164096655626)
('inq_last_6mths', 0.01253803786244057)
('fico_range_low', 0.012862647625735498)
('total_acc', 0.017018838413396312)
('int_pymt', 0.018456686866555178)
('mths_since_last_delinq', 0.018979652498027876)
('clean_title_rank', 0.020002434531470308)
('emp_title_rank', 0.021334316459699201)
('tok4_capitalization_log_odds', 0.023122954993033771)
('dti', 0.02411503728675346)
('revol_bal', 0.024165881212223867)
('installment', 0.024427678667863398)
('zip_code', 0.0255561094893452)
('annual_inc', 0.025624360904801205)
('revol_util', 0.028669257985663145)
('sub_grade', 0.028892788515166606)
('short_title_rank', 0.029068578442147254)
('revol_bal-loan', 0.02953045782949431)
('pct_med_inc', 0.029534467379364285)
('emp_length', 0.030180663077059286)
('urate', 0.030417855561955386)
('med_inc', 0.032316612264914814)
('revol_bal_pct_inc', 0.032834738185781413)
('urate_chg', 0.035579894174108312)
('avg_urate', 0.035911649375525892)
('credit_length', 0.037229725547740136)
('hpa4', 0.038784059311010657)
('pymt_pct_inc', 0.056538446396925866)
('tok4_clean_title_log_odds', 0.081472958013670133)
('int_rate', 0.11663503603562056)


Forest Parameters
oob_score: False
n_jobs: 8
verbose: 0
min_density: None
compute_importances: None
max_leaf_nodes: None
bootstrap: True
min_samples_leaf: 100
n_estimators: 400
min_samples_split: 2
random_state: None
criterion: mse
max_features: auto
max_depth: None
