OOS Cutoff = 2014-02-01 00:00:00
Int Range: [0,7]
  LAlpha  UAlpha     ROE    DExp    DAct    Rate     Num
   -1.89    3.45    4.78    3.69    1.50    6.28     215
    3.45    4.02    4.68    2.51    1.59    6.27     215
    4.02    4.37    4.95    2.05    1.33    6.27     215
    4.37    4.64    6.14    1.75    0.12    6.26     215
    4.64    4.86    6.33    1.58    0.00    6.33     215
    4.86    5.06    5.92    1.36    0.40    6.32     215
    5.06    5.28    5.81    1.17    0.52    6.33     215
    5.28    5.49    4.89    0.96    1.46    6.35     215
    5.49    5.77    6.00    0.79    0.40    6.40     215
    5.77    6.41    6.04    0.59    0.53    6.57     215

Int Range: [7,10]
  LAlpha  UAlpha     ROE    DExp    DAct    Rate     Num
   -0.97    4.88    5.28    4.28    3.01    8.29    1061
    4.88    5.57    6.96    2.95    1.26    8.22    1060
    5.57    6.01    6.29    2.41    1.92    8.21    1061
    6.01    6.36    6.87    2.08    1.41    8.27    1060
    6.36    6.65    7.00    1.88    1.39    8.39    1060
    6.65    6.93    7.27    1.69    1.20    8.48    1061
    6.93    7.23    6.87    1.58    1.79    8.66    1060
    7.23    7.60    7.35    1.54    1.60    8.95    1061
    7.60    8.06    7.41    1.39    1.80    9.21    1060
    8.06    9.34    7.84    1.01    1.62    9.45    1060

Int Range: [10,12]
  LAlpha  UAlpha     ROE    DExp    DAct    Rate     Num
   -1.14    6.36    6.86    6.03    4.36   11.22     823
    6.36    7.31    8.52    4.31    2.70   11.22     822
    7.31    7.90    8.98    3.56    2.21   11.19     822
    7.90    8.30    6.72    3.11    4.50   11.22     823
    8.30    8.67    8.30    2.79    2.98   11.28     822
    8.67    8.98    8.00    2.49    3.32   11.32     822
    8.98    9.32    9.33    2.26    2.09   11.41     823
    9.32    9.66    9.77    2.02    1.73   11.50     822
    9.66   10.10    8.56    1.77    3.07   11.64     822
   10.10   11.51   10.09    1.32    1.76   11.85     822

Int Range: [12,13.5]
  LAlpha  UAlpha     ROE    DExp    DAct    Rate     Num
   -3.11    6.81    6.90    7.34    5.98   12.87     873
    6.81    7.83    7.40    5.47    5.45   12.85     873
    7.83    8.45    7.24    4.68    5.60   12.84     873
    8.45    8.93    8.69    4.11    4.11   12.81     873
    8.93    9.32    8.22    3.66    4.58   12.79     873
    9.32    9.68    9.30    3.29    3.49   12.79     873
    9.68   10.02    9.29    2.94    3.49   12.78     873
   10.02   10.38   10.59    2.58    2.18   12.77     873
   10.38   10.82    9.70    2.18    3.08   12.78     873
   10.82   12.46    9.40    1.62    3.43   12.83     872

Int Range: [13.5,15]
  LAlpha  UAlpha     ROE    DExp    DAct    Rate     Num
   -3.67    5.49    6.01   10.23    8.28   14.29    1265
    5.49    6.70    7.36    8.11    6.88   14.24    1264
    6.70    7.58    6.26    7.08    7.96   14.22    1265
    7.58    8.27    8.08    6.29    6.14   14.22    1264
    8.27    8.86    9.11    5.64    5.10   14.21    1265
    8.86    9.39    8.83    5.10    5.40   14.23    1264
    9.39    9.95   10.00    4.54    4.22   14.21    1265
    9.95   10.52   10.76    3.98    3.45   14.21    1264
   10.52   11.22   10.23    3.35    3.97   14.20    1265
   11.22   13.94   11.44    2.47    2.85   14.29    1264

Int Range: [15,17]
  LAlpha  UAlpha     ROE    DExp    DAct    Rate     Num
   -9.53    4.29    5.64   13.88   10.51   16.15    1096
    4.29    5.95    7.93   10.79    8.07   16.00    1096
    5.95    7.03    7.02    9.44    8.96   15.97    1095
    7.03    7.85    9.30    8.45    6.60   15.90    1096
    7.85    8.57    9.15    7.68    6.76   15.90    1095
    8.57    9.26   10.19    6.94    5.67   15.86    1096
    9.26    9.94   10.31    6.24    5.53   15.84    1096
    9.94   10.63   10.58    5.55    5.24   15.82    1095
   10.63   11.51   11.43    4.79    4.39   15.82    1096
   11.51   14.12   12.22    3.61    3.62   15.84    1095

Int Range: [17,20]
  LAlpha  UAlpha     ROE    DExp    DAct    Rate     Num
   -9.67    2.67    1.77   18.25   16.78   18.54    1038
    2.67    4.88    5.96   14.64   12.55   18.51    1038
    4.88    6.34    6.39   12.85   12.14   18.53    1038
    6.34    7.49    8.17   11.58   10.35   18.52    1038
    7.49    8.49    8.90   10.53    9.63   18.53    1038
    8.49    9.38    8.43    9.63   10.14   18.57    1038
    9.38   10.29    8.15    8.79   10.47   18.62    1038
   10.29   11.26   12.40    7.91    6.26   18.66    1038
   11.26   12.39   11.97    6.95    6.77   18.75    1038
   12.39   16.76   12.87    5.44    6.05   18.93    1038

Int Range: [20,30]
  LAlpha  UAlpha     ROE    DExp    DAct    Rate     Num
  -16.68   -0.11   -6.04   26.84   29.43   23.39     622
   -0.11    2.94   -0.41   21.24   23.22   22.82     622
    2.94    4.91    4.30   18.73   18.38   22.69     621
    4.91    6.45    9.77   16.79   12.73   22.50     622
    6.45    7.90    5.76   15.22   16.63   22.40     621
    7.90    9.09    6.43   13.73   15.80   22.24     622
    9.09   10.33    7.30   12.31   14.73   22.03     622
   10.33   11.67    9.13   11.15   13.01   22.14     621
   11.67   13.35   11.46    9.69   10.69   22.15     622
   13.35   20.06   11.44    7.78   11.12   22.56     621


MinAlpha	ROE	Count
-5	8.20	69723
-4	8.22	69618
-3	8.23	69511
-2	8.26	69352
-1	8.29	69105
0	8.34	68787
1	8.38	68285
2	8.44	67531
3	8.53	66320
4	8.62	64334
5	8.79	60568
6	9.00	54530
7	9.36	46263
8	9.70	36820
9	10.23	26350
10	10.88	15960
11	11.77	7822
12	12.32	3521
13	12.51	1566
14	13.10	692
15	15.25	292

Forest Importance
('pub_rec', 0.0001735312614012709)
('delinq_2yrs', 0.00057262680409955042)
('term', 0.0017899359401441794)
('mths_since_last_record', 0.0026236620844744683)
('verification_status', 0.004522881596032197)
('loan_amnt', 0.0048291273258863716)
('purpose', 0.0055490891287267108)
('even_loan_amnt', 0.0056988789099395899)
('home_ownership', 0.010438712584474697)
('inq_last_6mths', 0.012848704406955793)
('open_acc', 0.016079127272491976)
('mths_since_last_delinq', 0.02189164874693577)
('total_acc', 0.022256312404125816)
('int_pymt', 0.022899073171206239)
('installment', 0.024499543075995823)
('revol_bal', 0.027201451750506637)
('dti', 0.027916286940754945)
('emp_length', 0.03071886441507304)
('revol_util', 0.031703611938569881)
('tok4_capitalization_log_odds', 0.031732699538427549)
('short_title_rank', 0.032264293598067935)
('urate', 0.032777547780192616)
('credit_length', 0.033551140026765729)
('annual_inc', 0.034216495949463722)
('pct_med_inc', 0.037088052907563042)
('revol_bal_pct_inc', 0.039177604432827681)
('revol_bal-loan', 0.039326888014001395)
('urate_chg', 0.042158692441450867)
('avg_urate', 0.042595779097324184)
('tok4_clean_title_log_odds', 0.050603544885474125)
('pymt_pct_inc', 0.063506715366218977)
('sub_grade', 0.094700633911671203)
('int_rate', 0.15208684229275621)


Forest Parameters
oob_score: False
n_jobs: 8
verbose: 0
min_density: None
compute_importances: None
max_leaf_nodes: None
bootstrap: True
min_samples_leaf: 100
n_estimators: 400
min_samples_split: 2
random_state: None
criterion: mse
max_features: auto
max_depth: None
