OOS Cutoff = 2014-03-01 00:00:00
Int Range: [0,7]
  LAlpha  UAlpha     ROE    DExp    DAct    Rate     Num
    1.20    3.61    5.11    3.33    1.21    6.32      94
    3.61    4.24    6.29    2.34    0.00    6.29      94
    4.24    4.66    6.36    1.89    0.00    6.36      94
    4.66    4.91    6.33    1.54    0.00    6.33      93
    4.91    5.14    5.17    1.35    1.21    6.39      94
    5.14    5.35    6.01    1.04    0.28    6.29      94
    5.35    5.57    6.36    0.90    0.00    6.36      93
    5.57    5.76    6.38    0.72    0.00    6.38      94
    5.76    6.07    6.56    0.66    0.00    6.56      94
    6.07    6.52    5.70    0.40    0.92    6.62      93

Int Range: [7,10]
  LAlpha  UAlpha     ROE    DExp    DAct    Rate     Num
    1.20    5.23    6.36    3.85    1.93    8.29     547
    5.23    5.83    6.60    2.75    1.71    8.31     546
    5.83    6.26    7.77    2.28    0.57    8.34     546
    6.26    6.63    7.28    1.98    1.14    8.42     547
    6.63    6.92    7.09    1.68    1.37    8.46     546
    6.92    7.17    7.30    1.41    1.16    8.46     546
    7.17    7.46    7.65    1.35    1.01    8.66     547
    7.46    7.87    8.14    1.48    1.00    9.13     546
    7.87    8.30    7.65    1.20    1.63    9.28     546
    8.30    9.40    8.34    0.88    1.16    9.50     546

Int Range: [10,12]
  LAlpha  UAlpha     ROE    DExp    DAct    Rate     Num
   -0.01    6.89    9.37    5.56    1.97   11.34     374
    6.89    7.68    9.95    3.99    1.38   11.33     374
    7.68    8.17    9.14    3.43    2.24   11.37     374
    8.17    8.54    9.49    3.02    1.89   11.38     374
    8.54    8.88    8.83    2.77    2.66   11.48     374
    8.88    9.19    9.32    2.51    2.22   11.54     374
    9.19    9.48   11.35    2.18    0.18   11.52     374
    9.48    9.81    9.21    1.99    2.43   11.64     374
    9.81   10.26   10.25    1.73    1.51   11.76     374
   10.26   11.46    9.95    1.31    2.00   11.95     374

Int Range: [12,13.5]
  LAlpha  UAlpha     ROE    DExp    DAct    Rate     Num
    0.97    7.09    9.65    6.89    3.21   12.86     436
    7.09    7.90    9.01    5.30    3.80   12.81     436
    7.90    8.45    8.77    4.60    4.02   12.79     436
    8.45    8.88    8.97    4.10    3.80   12.77     436
    8.88    9.24    8.84    3.67    3.90   12.74     436
    9.24    9.59   11.15    3.31    1.58   12.73     436
    9.59    9.90    9.26    3.00    3.48   12.74     436
    9.90   10.27   11.26    2.64    1.47   12.73     436
   10.27   10.65   11.02    2.26    1.68   12.71     436
   10.65   12.08   11.38    1.70    1.33   12.71     436

Int Range: [13.5,15]
  LAlpha  UAlpha     ROE    DExp    DAct    Rate     Num
   -1.89    6.59    8.46    8.81    5.74   14.20     628
    6.59    7.61    9.35    7.04    4.82   14.17     627
    7.61    8.32    9.76    6.16    4.38   14.13     628
    8.32    8.93   10.24    5.50    3.89   14.13     627
    8.93    9.44    9.03    4.94    5.10   14.13     628
    9.44    9.90   10.28    4.49    3.88   14.16     627
    9.90   10.32   10.24    4.04    3.91   14.14     628
   10.32   10.76    9.90    3.61    4.25   14.15     627
   10.76   11.26   10.85    3.21    3.35   14.21     628
   11.26   13.17   11.85    2.53    2.40   14.26     627

Int Range: [15,17]
  LAlpha  UAlpha     ROE    DExp    DAct    Rate     Num
   -4.02    6.13    7.31   11.43    8.68   15.99     581
    6.13    7.42    8.95    9.05    6.93   15.88     581
    7.42    8.31    8.23    7.94    7.60   15.83     581
    8.31    9.02    9.49    7.19    6.37   15.86     581
    9.02    9.57   12.55    6.46    3.20   15.76     581
    9.57   10.11   11.50    5.91    4.26   15.76     581
   10.11   10.60   11.24    5.36    4.48   15.72     581
   10.60   11.21   13.29    4.77    2.39   15.68     581
   11.21   11.81   11.44    4.21    4.26   15.70     581
   11.81   14.23   13.09    3.41    2.66   15.75     580

Int Range: [17,20]
  LAlpha  UAlpha     ROE    DExp    DAct    Rate     Num
   -8.58    4.18    5.62   16.54   12.94   18.57     568
    4.18    5.98   10.49   13.31    8.03   18.51     567
    5.98    7.17    8.70   11.94    9.84   18.54     568
    7.17    8.16   12.51   10.93    6.10   18.61     567
    8.16    8.95   10.98   10.03    7.61   18.59     567
    8.95    9.70   10.23    9.31    8.41   18.63     568
    9.70   10.52   12.00    8.58    6.69   18.69     567
   10.52   11.40   13.08    7.78    5.63   18.72     568
   11.40   12.46   13.78    6.99    5.11   18.90     567
   12.46   16.34   14.74    5.62    4.25   18.99     567

Int Range: [20,30]
  LAlpha  UAlpha     ROE    DExp    DAct    Rate     Num
  -16.04    0.94    1.12   26.05   22.20   23.32     330
    0.94    3.89    5.82   20.47   17.28   23.10     329
    3.89    5.81   12.18   17.71   10.40   22.58     330
    5.81    7.13    9.93   16.14   12.69   22.62     329
    7.13    8.32   11.13   14.59   11.27   22.40     329
    8.32    9.41    9.38   13.18   12.68   22.06     330
    9.41   10.45   11.23   12.11   10.80   22.03     329
   10.45   11.55    9.90   11.10   12.19   22.08     330
   11.55   12.98   12.45    9.75    9.53   21.98     329
   12.98   18.81   12.72    8.11    9.67   22.39     329


MinAlpha	ROE	Count
-5	9.77	35484
-4	9.77	35454
-3	9.78	35423
-2	9.79	35383
-1	9.81	35306
0	9.82	35207
1	9.85	35072
2	9.90	34848
3	9.93	34488
4	9.95	33825
5	10.02	32541
6	10.16	29992
7	10.49	26207
8	10.82	21335
9	11.32	15663
10	11.79	9759
11	12.47	4732
12	13.63	1904
13	14.24	714
14	15.21	281
15	14.93	100

Forest Importance
('pub_rec', 0.00014645397717748929)
('delinq_2yrs', 0.0015208163871431608)
('term', 0.0019519140010247926)
('mths_since_last_record', 0.0026594349610333645)
('is_inc_v', 0.0031438308332723129)
('loan_amnt', 0.0034094079909667485)
('purpose', 0.0036010968089283026)
('even_loan_amnt', 0.0037586310968174557)
('mod_rate', 0.0072458178568320765)
('home_ownership', 0.0076769511465881006)
('inq_last_6mths', 0.01001801893420856)
('open_acc', 0.011802724128039243)
('total_acc', 0.015708432649733133)
('fico_range_low', 0.015766277379906241)
('mths_since_last_delinq', 0.016154045809683194)
('int_pymt', 0.018021747855311857)
('emp_title_rank', 0.018842293101717304)
('clean_title_rank', 0.019551014149127258)
('installment', 0.020089576338234751)
('revol_bal', 0.020955865974587061)
('zip_code', 0.021918745730809722)
('revol_util', 0.023468404485974852)
('dti', 0.023476525216169396)
('short_title_rank', 0.024941923141034588)
('emp_length', 0.025686805030262036)
('urate', 0.026771111347485572)
('tok4_clean_title_log_odds', 0.027175103583327677)
('credit_length', 0.027956366189223876)
('annual_inc', 0.028471404036308861)
('med_inc', 0.028483415348918781)
('avg_urate', 0.029779130603395057)
('urate_chg', 0.029903868906282903)
('pct_med_inc', 0.030008129261791652)
('revol_bal_pct_inc', 0.030579490457451227)
('hpa4', 0.031016929736554521)
('tok4_capitalization_log_odds', 0.031350483902248788)
('revol_bal-loan', 0.031633573871673107)
('urate_range', 0.032087038375626147)
('pymt_pct_inc', 0.047971069679178371)
('sub_grade', 0.051188409044104072)
('int_rate', 0.19410772067184656)


Forest Parameters
oob_score: False
n_jobs: 8
verbose: 0
min_density: None
compute_importances: None
max_leaf_nodes: None
bootstrap: True
min_samples_leaf: 100
n_estimators: 400
min_samples_split: 2
random_state: None
criterion: mse
max_features: auto
max_depth: None
