OOS Cutoff = 2014-08-01 00:00:00
Int Range: [0,7]
  LAlpha  UAlpha     ROE    DExp    DAct    Rate     Num
   -9.63    4.29    4.24    2.76    2.05    6.30     393
    4.29    4.74    5.37    1.77    0.94    6.31     392
    4.74    5.07    5.99    1.37    0.30    6.29     393
    5.07    5.28    5.22    1.08    1.05    6.26     392
    5.28    5.45    5.85    0.91    0.43    6.28     393
    5.45    5.59    4.91    0.77    1.38    6.29     392
    5.59    5.73    5.44    0.63    0.84    6.29     393
    5.73    5.90    5.88    0.59    0.51    6.39     392
    5.90    6.14    5.55    0.55    1.02    6.57     393
    6.14    6.92    5.38    0.41    1.38    6.75     392

Int Range: [7,10]
  LAlpha  UAlpha     ROE    DExp    DAct    Rate     Num
   -1.48    4.60    6.28    4.35    1.90    8.18    1106
    4.60    5.22    6.17    3.17    1.93    8.10    1106
    5.22    5.64    6.03    2.71    2.12    8.15    1106
    5.64    5.96    5.89    2.27    2.18    8.07    1106
    5.96    6.22    6.13    2.00    1.97    8.10    1106
    6.22    6.47    6.81    1.72    1.26    8.07    1106
    6.47    6.72    6.82    1.49    1.27    8.09    1106
    6.72    7.01    7.39    1.46    0.93    8.32    1106
    7.01    7.45    7.31    1.46    1.36    8.67    1106
    7.45    9.13    7.71    1.23    1.40    9.10    1105

Int Range: [10,12]
  LAlpha  UAlpha     ROE    DExp    DAct    Rate     Num
   -1.44    5.40    7.61    6.87    3.45   11.06    1021
    5.40    6.33    7.39    5.07    3.62   11.00    1020
    6.33    6.91    7.68    4.37    3.31   11.00    1020
    6.91    7.34    8.59    3.86    2.40   11.00    1020
    7.34    7.74    7.46    3.51    3.60   11.06    1020
    7.74    8.07    8.58    3.15    2.47   11.05    1021
    8.07    8.46    7.81    2.83    3.28   11.09    1020
    8.46    8.85    8.73    2.51    2.43   11.16    1020
    8.85    9.37    9.27    2.13    1.96   11.23    1020
    9.37   11.12    9.45    1.66    2.02   11.47    1020

Int Range: [12,13.5]
  LAlpha  UAlpha     ROE    DExp    DAct    Rate     Num
   -3.25    4.86    6.88    9.46    6.02   12.90    1024
    4.86    5.91    6.94    7.45    5.95   12.89    1024
    5.91    6.63    6.87    6.58    5.99   12.86    1024
    6.63    7.22    7.51    5.94    5.36   12.87    1023
    7.22    7.74    7.84    5.39    5.03   12.87    1024
    7.74    8.26    8.45    4.86    4.42   12.87    1024
    8.26    8.75    9.47    4.39    3.42   12.89    1023
    8.75    9.27    9.36    3.87    3.52   12.88    1024
    9.27    9.92    9.87    3.32    3.03   12.90    1024
    9.92   12.30   10.09    2.41    2.87   12.96    1023

Int Range: [13.5,15]
  LAlpha  UAlpha     ROE    DExp    DAct    Rate     Num
   -4.71    4.43    5.75   11.42    8.61   14.37    1033
    4.43    5.68    6.15    9.26    8.23   14.37    1033
    5.68    6.52    6.77    8.23    7.59   14.36    1033
    6.52    7.24    6.39    7.49    7.97   14.36    1033
    7.24    7.90    7.17    6.81    7.22   14.39    1033
    7.90    8.56    8.31    6.16    6.07   14.38    1033
    8.56    9.15    7.12    5.52    7.26   14.38    1033
    9.15    9.86    7.59    4.90    6.80   14.39    1033
    9.86   10.76    8.54    4.14    5.89   14.43    1033
   10.76   13.49   10.98    3.03    3.54   14.53    1032

Int Range: [15,17]
  LAlpha  UAlpha     ROE    DExp    DAct    Rate     Num
   -5.91    3.49    3.35   14.62   12.90   16.24     727
    3.49    4.97    5.86   11.79   10.25   16.11     726
    4.97    6.02    6.10   10.59   10.01   16.10     726
    6.02    6.86    5.75    9.67   10.38   16.13     726
    6.86    7.60    6.63    8.87    9.48   16.11     726
    7.60    8.33    8.19    8.18    7.95   16.14     726
    8.33    9.01    8.73    7.46    7.40   16.13     726
    9.01    9.81    8.39    6.73    7.75   16.14     726
    9.81   10.85    8.90    5.82    7.23   16.13     726
   10.85   14.06   11.04    4.48    5.14   16.18     726

Int Range: [17,20]
  LAlpha  UAlpha     ROE    DExp    DAct    Rate     Num
  -13.18    0.40   -0.03   21.18   18.92   18.89     669
    0.40    2.69    3.93   16.88   14.60   18.54     668
    2.69    4.38    5.77   14.86   12.70   18.47     668
    4.38    5.64    6.88   13.38   11.53   18.41     668
    5.64    6.71    6.43   12.15   11.91   18.34     668
    6.71    7.67    4.39   11.08   13.90   18.28     669
    7.67    8.63    5.27   10.13   13.01   18.27     668
    8.63    9.61    8.85    9.15    9.44   18.29     668
    9.61   10.83    8.93    8.03    9.28   18.21     668
   10.83   15.82    7.31    6.43   11.02   18.33     668

Int Range: [20,30]
  LAlpha  UAlpha     ROE    DExp    DAct    Rate     Num
  -18.61   -5.27   -1.69   30.85   24.48   22.79     406
   -5.27   -2.41    1.38   26.29   21.18   22.56     405
   -2.41   -0.18    0.88   23.96   21.80   22.68     405
   -0.18    1.52    1.55   21.82   21.02   22.57     406
    1.52    3.26    1.05   20.35   21.71   22.76     405
    3.26    4.77    1.13   18.75   21.63   22.76     405
    4.77    6.34    2.95   16.96   19.55   22.50     406
    6.34    7.89    4.24   15.43   18.32   22.56     405
    7.89   10.01    3.62   13.60   18.88   22.50     405
   10.01   18.84   10.26   10.65   12.47   22.73     405


MinAlpha	ROE	Count
-5	7.04	63226
-4	7.05	63060
-3	7.09	62826
-2	7.09	62530
-1	7.14	62162
0	7.17	61717
1	7.22	61085
2	7.31	60161
3	7.34	58775
4	7.41	56281
5	7.56	51295
6	7.91	41910
7	8.32	30679
8	8.73	20734
9	9.24	12212
10	9.36	5907
11	10.07	2481
12	10.90	843
13	10.12	238
14	10.99	79
15	6.93	36

Forest Importance
('pub_rec', 0.00029525051285661172)
('delinq_2yrs', 0.00090135895804804964)
('term', 0.0017151274956123089)
('purpose', 0.0043050593747827933)
('verification_status', 0.0044069075450664293)
('even_loan_amnt', 0.0046914251608080821)
('loan_amnt', 0.0047575901958016959)
('mths_since_last_record', 0.0053495612883741042)
('mths_since_last_major_derog', 0.0059189678193702043)
('open_acc', 0.013375946771336973)
('home_ownership', 0.01524367993048114)
('inq_last_6mths', 0.015430727643615097)
('int_pymt', 0.019526090848718283)
('mths_since_last_delinq', 0.020572464819243009)
('installment', 0.022646733572936114)
('total_acc', 0.023394370515243835)
('revol_bal', 0.026326221919266524)
('dti', 0.026974170982215377)
('emp_length', 0.027630558345802542)
('tok4_capitalization_log_odds', 0.028628735458678705)
('annual_inc', 0.029907581684957951)
('revol_util', 0.032388619295720858)
('clean_title_rank', 0.032519173588796142)
('credit_length', 0.033214460713053957)
('revol_bal_pct_inc', 0.033416720834771665)
('revol_bal-loan', 0.033546977239605529)
('pct_med_inc', 0.036244263099039269)
('urate', 0.038458057357318214)
('int_pct_inc', 0.038736924289563761)
('pymt_pct_inc', 0.052013763514594295)
('tok4_clean_title_log_odds', 0.058494905098806969)
('int_rate', 0.14589142343074094)
('sub_grade', 0.16307618069477273)


Forest Parameters
oob_score: False
n_jobs: 8
verbose: 0
min_density: None
compute_importances: None
max_leaf_nodes: None
bootstrap: True
min_samples_leaf: 150
n_estimators: 100
min_samples_split: 2
random_state: None
criterion: mse
max_features: auto
max_depth: None
