OOS Cutoff = 2015-01-01

 LPrepay UPrepay    PExp    PAct    Rate     Num
    3.64    7.83    6.73    5.92   13.57    5882
    7.83    9.22    8.55    7.51   13.62    5882
    9.22   10.42    9.83    9.90   13.39    5882
   10.42   11.61   11.02   10.01   13.14    5882
   11.61   12.87   12.24   10.55   12.72    5882
   12.87   14.29   13.56   12.34   12.41    5882
   14.29   15.89   15.05   14.19   12.59    5882
   15.89   17.80   16.82   15.80   12.68    5882
   17.80   20.65   19.10   19.16   12.73    5882
   20.65   36.77   24.03   24.81   12.35    5882


MinPrepay	AvgLowPrepay	AvgHighPrepay
5	13.06	2.65
6	13.18	4.85
7	13.42	6.02
8	13.91	5.90
9	14.43	6.72
10	15.03	7.41
11	15.69	8.04
12	16.48	8.46
13	17.33	8.88
14	18.19	9.28
15	19.15	9.68
16	20.01	10.11
17	21.06	10.48
18	22.29	10.83
19	23.14	11.21
20	24.13	11.53
21	24.98	11.84
22	25.81	12.07
23	26.35	12.27
24	27.69	12.40
25	29.03	12.52
26	30.11	12.63
27	32.19	12.71
28	34.16	12.77
29	35.28	12.85
30	34.70	12.91

Forest Importance
('even_loan_amnt', 0.003401327263937934)
('loan_amnt', 0.0074864547526679159)
('home_ownership', 0.0078695211119000248)
('purpose', 0.0083491478101610714)
('inq_last_6mths', 0.011578286361839676)
('fico_range_low', 0.011833702826267794)
('revol_bal-loan', 0.016242730717417067)
('int_pct_inc', 0.017102364277681515)
('urate_chg', 0.019313988048418024)
('pymt_pct_inc', 0.023908524853906817)
('credit_length', 0.027630655536296858)
('installment', 0.027669669330170496)
('revol_bal_pct_inc', 0.032456564482704404)
('mths_since_last_delinq', 0.035399368610611319)
('int_rate', 0.036904435901348384)
('term', 0.040284745732669033)
('sub_grade', 0.040601187414332614)
('hpa4', 0.050100037182094832)
('dti', 0.054723709353613599)
('total_acc', 0.070419159229342346)
('pctlo', 0.09495367383933008)
('revol_util', 0.17620435350621425)
('loan_pct_income', 0.18556639185707391)


Forest Parameters
oob_score: False
n_jobs: 8
verbose: 0
min_density: None
compute_importances: None
max_leaf_nodes: None
bootstrap: True
min_samples_leaf: 400
n_estimators: 200
min_samples_split: 2
random_state: None
criterion: mse
max_features: auto
max_depth: None
