OOS Cutoff = 2015-01-01
Int Range: [0,7]
  LAlpha  UAlpha     ROE    DExp    DAct    Rate     Num
  -19.73    4.63    5.56    2.31    0.91    6.48     526
    4.63    4.97    5.57    1.58    0.82    6.39     525
    4.97    5.18    5.84    1.30    0.54    6.37     526
    5.18    5.33    5.85    1.14    0.54    6.39     525
    5.33    5.47    6.19    1.01    0.22    6.41     526
    5.47    5.60    6.50    0.96    0.00    6.50     525
    5.60    5.76    5.63    0.92    0.96    6.60     526
    5.76    5.92    6.06    0.82    0.60    6.66     525
    5.92    6.10    6.54    0.76    0.22    6.76     526
    6.10    6.66    6.24    0.66    0.72    6.95     525

Int Range: [7,10]
  LAlpha  UAlpha     ROE    DExp    DAct    Rate     Num
    0.65    4.75    5.68    4.37    2.84    8.52    1155
    4.75    5.25    5.67    3.37    2.73    8.40    1155
    5.25    5.61    6.84    2.95    1.54    8.38    1155
    5.61    5.89    6.93    2.67    1.49    8.41    1155
    5.89    6.14    6.74    2.35    1.63    8.37    1155
    6.14    6.37    7.03    2.13    1.36    8.39    1155
    6.37    6.62    6.91    1.95    1.54    8.45    1155
    6.62    6.89    6.93    1.84    1.66    8.59    1155
    6.89    7.30    7.34    1.76    1.50    8.84    1155
    7.30    8.83    8.68    1.68    0.68    9.36    1155

Int Range: [10,12]
  LAlpha  UAlpha     ROE    DExp    DAct    Rate     Num
   -0.79    5.29    6.86    7.23    4.60   11.45     908
    5.29    6.06    7.31    5.65    4.04   11.35     908
    6.06    6.59    7.97    4.96    3.34   11.31     908
    6.59    7.02    8.13    4.43    3.12   11.24     907
    7.02    7.41    7.66    4.04    3.60   11.26     908
    7.41    7.75    7.22    3.68    4.04   11.26     908
    7.75    8.09    9.43    3.32    1.82   11.25     907
    8.09    8.48    8.28    3.00    3.00   11.28     908
    8.48    8.94    9.15    2.58    2.13   11.28     908
    8.94   10.58    8.46    2.10    2.99   11.46     907

Int Range: [12,13.5]
  LAlpha  UAlpha     ROE    DExp    DAct    Rate     Num
   -1.53    4.38    7.33    9.47    5.42   12.75     817
    4.38    5.34    6.41    7.79    6.28   12.70     816
    5.34    5.98    7.78    7.02    4.92   12.69     816
    5.98    6.49    8.94    6.43    3.74   12.68     817
    6.49    6.97    7.85    5.96    4.84   12.69     816
    6.97    7.43    7.34    5.49    5.36   12.69     816
    7.43    7.89    8.91    5.04    3.79   12.70     817
    7.89    8.41    8.58    4.55    4.11   12.69     816
    8.41    9.06    9.63    4.01    3.09   12.72     816
    9.06   11.20    9.70    3.14    3.08   12.79     816

Int Range: [13.5,15]
  LAlpha  UAlpha     ROE    DExp    DAct    Rate     Num
   -1.54    4.29    5.65   11.12    8.54   14.19     851
    4.29    5.24    8.06    9.40    6.13   14.19     851
    5.24    5.97    8.83    8.63    5.41   14.25     851
    5.97    6.62    9.02    7.95    5.24   14.25     851
    6.62    7.20    9.15    7.33    5.08   14.23     850
    7.20    7.77    8.36    6.77    5.89   14.25     851
    7.77    8.37    8.70    6.24    5.61   14.31     851
    8.37    9.01   10.94    5.63    3.36   14.30     851
    9.01    9.90    9.45    4.89    4.87   14.32     851
    9.90   12.65   10.17    3.77    4.26   14.43     850

Int Range: [15,17]
  LAlpha  UAlpha     ROE    DExp    DAct    Rate     Num
   -7.77    1.82    2.61   16.50   13.50   16.11     631
    1.82    3.53    4.65   13.23   11.40   16.05     631
    3.53    4.57    8.66   11.99    7.40   16.06     631
    4.57    5.47    5.29   11.01   10.76   16.05     631
    5.47    6.25    6.60   10.18    9.44   16.04     631
    6.25    7.01    9.45    9.45    6.61   16.06     631
    7.01    7.74    9.33    8.67    6.71   16.04     631
    7.74    8.58    9.93    7.92    6.13   16.06     631
    8.58    9.55    9.40    6.97    6.62   16.02     631
    9.55   13.04    9.75    5.69    6.29   16.04     631

Int Range: [17,20]
  LAlpha  UAlpha     ROE    DExp    DAct    Rate     Num
  -11.93   -0.87    1.09   22.01   17.80   18.89     686
   -0.87    1.45    5.34   18.25   13.30   18.64     686
    1.45    2.99    5.93   16.13   12.50   18.42     686
    2.99    4.17    6.22   14.63   12.00   18.22     686
    4.17    5.20    5.59   13.53   12.64   18.23     686
    5.20    6.17    6.17   12.65   12.15   18.32     686
    6.17    7.09    4.61   11.52   13.54   18.15     686
    7.09    8.20    7.12   10.52   11.03   18.15     686
    8.20    9.39    8.22    9.32    9.88   18.10     686
    9.39   13.47   10.62    7.64    7.53   18.16     686

Int Range: [20,30]
  LAlpha  UAlpha     ROE    DExp    DAct    Rate     Num
  -12.61   -5.39   -5.34   30.48   28.60   23.26     312
   -5.39   -3.25   -2.78   27.54   26.04   23.26     311
   -3.25   -1.65    5.31   25.64   17.90   23.20     311
   -1.65   -0.30    1.87   24.29   21.46   23.33     311
   -0.30    0.95    3.04   22.84   20.15   23.19     311
    0.95    2.33    3.71   21.55   19.45   23.16     311
    2.33    3.71    6.25   20.10   16.85   23.11     311
    3.71    5.55    6.80   18.20   15.95   22.75     311
    5.55    7.80    8.66   16.22   14.17   22.83     311
    7.80   15.82    7.69   13.00   15.31   23.00     311


MinAlpha	ROE	Count
-5	7.34	58357
-4	7.40	58090
-3	7.45	57810
-2	7.46	57420
-1	7.51	56893
0	7.54	56313
1	7.57	55521
2	7.64	54535
3	7.71	53029
4	7.79	50415
5	7.93	44770
6	8.37	32943
7	8.82	21075
8	9.43	12004
9	9.59	5476
10	10.08	1967
11	10.63	583
12	10.33	138
13	7.28	36
14	10.87	14
15	17.51	5

Forest Importance
('delinq_2yrs', 0.0006402741673725837)
('purpose', 0.0011849471822988962)
('even_loan_amnt', 0.0033978287704743899)
('loan_amnt', 0.0054188014951868811)
('inq_last_6mths', 0.012430862999426086)
('urate_range', 0.014828433542969043)
('urate_chg', 0.0150259736885952)
('clean_title_rank', 0.015164937374896112)
('installment', 0.015248244199476044)
('urate', 0.016066877866297392)
('pct_med_inc', 0.019153570300422008)
('revol_bal_pct_inc', 0.019388909401457172)
('ctloD', 0.019547069887480069)
('revol_bal-loan', 0.019785186976616471)
('int_pct_inc', 0.0203464493671872)
('hpa4', 0.021500365531122011)
('annual_inc', 0.021716598257741731)
('emp_length', 0.022509750460400824)
('home_ownership', 0.022848796923580418)
('dti', 0.031946399430698824)
('caplo', 0.032201113825236993)
('pymt_pct_inc', 0.042961956004133259)
('ctloC', 0.046266791860232706)
('sub_grade', 0.56041986048669767)


Forest Parameters
oob_score: False
n_jobs: 8
verbose: 0
min_density: None
compute_importances: None
max_leaf_nodes: None
bootstrap: True
min_samples_leaf: 500
n_estimators: 200
min_samples_split: 2
random_state: None
criterion: mse
max_features: auto
max_depth: None
