OOS Cutoff = 2015-01-01
Int Range: [0,7]
  LAlpha  UAlpha     ROE    DExp    DAct    Rate     Num
  -20.37    4.56    5.18    2.40    1.28    6.46     526
    4.56    4.92    5.39    1.67    1.04    6.43     525
    4.92    5.14    5.90    1.37    0.50    6.40     526
    5.14    5.31    5.44    1.16    0.95    6.38     525
    5.31    5.45    5.82    1.06    0.63    6.44     525
    5.45    5.60    6.25    0.94    0.22    6.47     526
    5.60    5.74    6.07    0.90    0.50    6.57     525
    5.74    5.90    5.97    0.86    0.70    6.68     526
    5.90    6.11    6.25    0.76    0.50    6.75     525
    6.11    6.75    5.99    0.64    0.94    6.94     525

Int Range: [7,10]
  LAlpha  UAlpha     ROE    DExp    DAct    Rate     Num
    0.34    4.69    4.86    4.45    3.67    8.53    1155
    4.69    5.19    6.27    3.45    2.14    8.41    1155
    5.19    5.56    5.86    3.00    2.53    8.39    1155
    5.56    5.84    6.27    2.67    2.10    8.38    1154
    5.84    6.09    6.37    2.44    2.04    8.41    1155
    6.09    6.33    6.49    2.16    1.89    8.38    1155
    6.33    6.58    6.54    2.00    1.91    8.45    1154
    6.58    6.87    6.52    1.86    2.06    8.58    1155
    6.87    7.25    7.41    1.81    1.44    8.86    1155
    7.25    8.93    8.46    1.69    0.86    9.32    1154

Int Range: [10,12]
  LAlpha  UAlpha     ROE    DExp    DAct    Rate     Num
   -0.28    5.26    5.54    7.18    5.88   11.42     908
    5.26    6.02    7.32    5.64    4.00   11.32     907
    6.02    6.57    6.42    4.98    4.87   11.29     908
    6.57    7.01    7.16    4.50    4.14   11.30     907
    7.01    7.38    7.12    4.05    4.12   11.24     908
    7.38    7.74    7.53    3.71    3.75   11.28     907
    7.74    8.07    8.88    3.35    2.36   11.25     908
    8.07    8.45    8.41    2.99    2.85   11.26     907
    8.45    8.90    7.44    2.63    3.85   11.29     908
    8.90   10.47    8.53    2.18    2.95   11.49     907

Int Range: [12,13.5]
  LAlpha  UAlpha     ROE    DExp    DAct    Rate     Num
   -1.36    4.24    5.80    9.62    6.94   12.74     816
    4.24    5.15    5.84    8.00    6.89   12.73     816
    5.15    5.83    7.40    7.17    5.28   12.68     816
    5.83    6.36    7.33    6.56    5.34   12.67     816
    6.36    6.84    7.10    6.09    5.59   12.69     816
    6.84    7.30    6.72    5.61    5.96   12.68     816
    7.30    7.80    7.64    5.16    5.07   12.71     816
    7.80    8.33    8.27    4.65    4.43   12.70     816
    8.33    9.05    9.00    4.04    3.71   12.71     816
    9.05   11.50    9.40    3.16    3.39   12.79     816

Int Range: [13.5,15]
  LAlpha  UAlpha     ROE    DExp    DAct    Rate     Num
   -1.22    4.04    5.52   11.36    8.66   14.18     851
    4.04    5.06    6.16    9.62    8.05   14.21     850
    5.06    5.83    6.89    8.76    7.33   14.22     850
    5.83    6.50    7.79    8.08    6.45   14.25     851
    6.50    7.10    9.35    7.43    4.89   14.24     850
    7.10    7.66    7.31    6.87    6.95   14.26     850
    7.66    8.28    8.57    6.33    5.72   14.29     851
    8.28    8.97    9.92    5.68    4.38   14.30     850
    8.97    9.92    9.55    4.92    4.79   14.34     850
    9.92   12.98    8.11    3.74    6.30   14.42     850

Int Range: [15,17]
  LAlpha  UAlpha     ROE    DExp    DAct    Rate     Num
   -9.40    1.27    1.74   16.93   14.35   16.08     631
    1.27    3.13    2.65   13.79   13.43   16.08     631
    3.13    4.31    3.38   12.30   12.68   16.07     630
    4.31    5.27    3.99   11.23   12.07   16.05     631
    5.27    6.08    7.95   10.40    8.12   16.07     630
    6.08    6.85    6.31    9.55    9.70   16.01     631
    6.85    7.61    8.53    8.77    7.49   16.02     631
    7.61    8.51    9.21    8.02    6.84   16.05     630
    8.51    9.53    7.68    7.05    8.37   16.05     631
    9.53   13.05    9.92    5.59    6.12   16.04     630

Int Range: [17,20]
  LAlpha  UAlpha     ROE    DExp    DAct    Rate     Num
  -11.70   -1.27   -3.33   22.68   22.14   18.81     686
   -1.27    1.12    1.27   18.52   17.30   18.57     686
    1.12    2.73    4.66   16.49   13.78   18.44     686
    2.73    3.96    5.16   14.95   13.13   18.30     685
    3.96    5.06    3.34   13.70   14.87   18.21     686
    5.06    6.07    4.95   12.71   13.31   18.26     686
    6.07    7.04    3.27   11.68   14.97   18.23     685
    7.04    8.15    5.21   10.59   12.96   18.17     686
    8.15    9.41    6.76    9.34   11.33   18.09     686
    9.41   13.52    8.91    7.55    9.27   18.18     685

Int Range: [20,30]
  LAlpha  UAlpha     ROE    DExp    DAct    Rate     Num
  -13.61   -6.05   -6.16   31.36   29.48   23.32     311
   -6.05   -3.94   -5.31   27.99   28.43   23.12     311
   -3.94   -2.06   -5.73   26.28   29.05   23.31     311
   -2.06   -0.64    0.83   24.63   22.44   23.26     311
   -0.64    0.79    1.34   23.16   21.90   23.24     311
    0.79    2.14    4.59   21.76   18.62   23.21     311
    2.14    3.57   -1.78   20.34   24.95   23.17     311
    3.57    5.42    8.40   18.25   14.31   22.71     311
    5.42    7.66    5.09   16.31   17.70   22.79     311
    7.66   16.10    6.83   13.00   16.13   22.96     310


MinAlpha	ROE	Count
-5	6.42	58175
-4	6.47	57901
-3	6.54	57577
-2	6.61	57178
-1	6.66	56673
0	6.70	56042
1	6.78	55207
2	6.86	54106
3	6.96	52483
4	7.06	49806
5	7.25	43884
6	7.62	32087
7	8.15	20394
8	8.46	11423
9	8.89	5310
10	9.14	2021
11	9.30	662
12	8.45	155
13	5.67	33
14	9.13	13
15	13.19	3

Forest Importance
('purpose', 0.0014939624409162778)
('even_loan_amnt', 0.002907726444249371)
('loan_amnt', 0.0056042302013319389)
('total_acc', 0.012222420365106719)
('avg_urate', 0.012353980127518524)
('urate', 0.014270633586682839)
('installment', 0.016071552026831293)
('clean_title_rank', 0.016804773709906254)
('home_ownership', 0.017419615171168776)
('urate_chg', 0.017548273780168915)
('revol_util', 0.017710768759378659)
('pct_med_inc', 0.019354763328519049)
('revol_bal_pct_inc', 0.019850189313683951)
('revol_bal-loan', 0.020346419738710323)
('int_pct_inc', 0.020537927392517016)
('annual_inc', 0.020579725660438069)
('emp_length', 0.021003923311011152)
('hpa4', 0.024515215634287612)
('cur_bal-loan_amnt', 0.026181258376656347)
('credit_length', 0.026754712331117085)
('dti', 0.03000254959848607)
('caploC', 0.031792478847250574)
('pymt_pct_inc', 0.040134957675945396)
('ctloC', 0.054533360790084279)
('sub_grade', 0.51000458138803306)


Forest Parameters
oob_score: False
n_jobs: 8
verbose: 0
min_density: None
compute_importances: None
max_leaf_nodes: None
bootstrap: True
min_samples_leaf: 400
n_estimators: 200
min_samples_split: 2
random_state: None
criterion: mse
max_features: auto
max_depth: None
