OOS Cutoff = 2015-01-01
Int Range: [0,7]
  LAlpha  UAlpha     ROE    DExp    DAct    Rate     Num
  -20.00    4.64    5.92    2.26    0.54    6.46     526
    4.64    4.96    5.07    1.57    1.32    6.39     525
    4.96    5.16    6.04    1.30    0.32    6.36     526
    5.16    5.31    5.92    1.12    0.44    6.35     525
    5.31    5.44    6.02    1.06    0.41    6.43     525
    5.44    5.57    6.09    1.01    0.43    6.52     526
    5.57    5.72    6.20    0.96    0.41    6.60     525
    5.72    5.88    6.28    0.88    0.40    6.68     526
    5.88    6.07    6.06    0.80    0.70    6.77     525
    6.07    6.63    6.39    0.69    0.56    6.95     525

Int Range: [7,10]
  LAlpha  UAlpha     ROE    DExp    DAct    Rate     Num
    1.43    4.79    5.74    4.30    2.80    8.53    1155
    4.79    5.26    5.83    3.33    2.55    8.37    1155
    5.26    5.58    6.97    2.96    1.42    8.39    1155
    5.58    5.86    6.80    2.68    1.61    8.41    1154
    5.86    6.10    6.69    2.39    1.68    8.37    1155
    6.10    6.33    6.23    2.20    2.19    8.42    1155
    6.33    6.57    7.33    1.97    1.08    8.41    1154
    6.57    6.83    7.07    1.90    1.52    8.59    1155
    6.83    7.21    7.56    1.83    1.27    8.83    1155
    7.21    8.76    8.53    1.76    0.84    9.37    1154

Int Range: [10,12]
  LAlpha  UAlpha     ROE    DExp    DAct    Rate     Num
   -0.08    5.30    6.70    7.20    4.80   11.49     908
    5.30    6.04    7.62    5.66    3.73   11.35     907
    6.04    6.56    8.64    4.99    2.67   11.31     908
    6.56    6.98    7.16    4.50    4.12   11.28     907
    6.98    7.36    6.94    4.06    4.30   11.23     908
    7.36    7.70    8.88    3.76    2.40   11.28     907
    7.70    8.05    8.29    3.35    2.93   11.23     908
    8.05    8.43    9.15    3.03    2.11   11.26     907
    8.43    8.86    8.43    2.63    2.83   11.26     908
    8.86   10.22    8.65    2.17    2.78   11.43     907

Int Range: [12,13.5]
  LAlpha  UAlpha     ROE    DExp    DAct    Rate     Num
   -0.57    4.30    6.86    9.49    5.88   12.74     816
    4.30    5.22    8.27    7.90    4.43   12.71     816
    5.22    5.86    7.15    7.11    5.52   12.67     816
    5.86    6.38    8.91    6.56    3.78   12.69     816
    6.38    6.84    7.62    6.07    5.07   12.68     816
    6.84    7.32    7.75    5.61    4.93   12.69     816
    7.32    7.78    8.19    5.14    4.50   12.70     816
    7.78    8.30    8.48    4.67    4.22   12.70     816
    8.30    8.97    9.32    4.12    3.41   12.73     816
    8.97   11.04    9.91    3.24    2.89   12.80     816

Int Range: [13.5,15]
  LAlpha  UAlpha     ROE    DExp    DAct    Rate     Num
   -1.05    4.31    5.53   11.07    8.67   14.19     851
    4.31    5.29    8.45    9.38    5.76   14.21     850
    5.29    5.98    7.46    8.58    6.77   14.22     850
    5.98    6.65   10.64    7.94    3.62   14.27     851
    6.65    7.22    8.42    7.27    5.80   14.21     850
    7.22    7.79    8.69    6.76    5.58   14.27     850
    7.79    8.34    8.93    6.20    5.33   14.26     851
    8.34    9.00   11.02    5.65    3.30   14.31     850
    9.00    9.88    9.43    4.92    4.91   14.34     850
    9.88   12.54    9.72    3.81    4.70   14.42     850

Int Range: [15,17]
  LAlpha  UAlpha     ROE    DExp    DAct    Rate     Num
   -7.07    1.43    3.64   16.76   12.43   16.06     631
    1.43    3.24    7.20   13.61    8.84   16.04     631
    3.24    4.38    2.54   12.21   13.52   16.06     630
    4.38    5.28    7.98   11.22    8.08   16.06     631
    5.28    6.12    7.55   10.35    8.50   16.05     630
    6.12    6.87    8.07    9.53    7.97   16.04     631
    6.87    7.62   10.24    8.76    5.76   16.00     631
    7.62    8.45   10.20    8.03    5.85   16.05     630
    8.45    9.41    8.58    7.15    7.49   16.06     631
    9.41   12.89    9.74    5.88    6.34   16.09     630

Int Range: [17,20]
  LAlpha  UAlpha     ROE    DExp    DAct    Rate     Num
   -9.43   -0.84    2.64   21.97   16.27   18.91     686
   -0.84    1.28    2.04   18.32   16.56   18.60     686
    1.28    2.91    6.87   16.29   11.56   18.43     686
    2.91    4.16    6.33   14.78   12.02   18.34     685
    4.16    5.19    4.74   13.50   13.44   18.19     686
    5.19    6.16    5.99   12.58   12.26   18.25     686
    6.16    7.08    8.35   11.57    9.84   18.19     685
    7.08    8.18    5.95   10.54   12.20   18.15     686
    8.18    9.41    8.15    9.31    9.94   18.08     686
    9.41   13.42    9.81    7.59    8.31   18.12     685

Int Range: [20,30]
  LAlpha  UAlpha     ROE    DExp    DAct    Rate     Num
  -10.54   -5.05   -5.25   29.63   28.38   23.13     311
   -5.05   -3.20   -0.81   27.37   24.04   23.22     311
   -3.20   -1.63    3.23   25.55   19.98   23.20     311
   -1.63   -0.32    1.17   24.13   22.01   23.18     311
   -0.32    0.95    5.53   22.92   17.68   23.21     311
    0.95    2.32    2.38   21.48   20.70   23.09     311
    2.32    3.86    8.32   19.90   14.64   22.97     311
    3.86    5.47    3.31   18.57   19.89   23.20     311
    5.47    7.81    9.72   16.35   13.18   22.90     311
    7.81   15.65    7.37   13.13   15.63   23.00     310


MinAlpha	ROE	Count
-5	7.35	58380
-4	7.38	58107
-3	7.42	57799
-2	7.44	57399
-1	7.48	56872
0	7.55	56195
1	7.58	55340
2	7.63	54330
3	7.66	52866
4	7.81	50392
5	7.99	44555
6	8.40	32343
7	8.80	20491
8	9.27	11530
9	9.41	5156
10	10.18	1792
11	11.29	556
12	11.23	105
13	15.40	23
14	9.96	7
15	7.53	2

Forest Importance
('purpose', 0.00074773204709704434)
('even_loan_amnt', 0.0029671853968090112)
('loan_amnt', 0.0040605847541046588)
('avg_urate', 0.0067388973529451815)
('total_acc', 0.0076505313075414475)
('urate', 0.0080075807459480501)
('urate_chg', 0.0097892331937278493)
('installment', 0.01061096366853157)
('clean_title_rank', 0.010861456277583949)
('urate_range', 0.011124471762418632)
('revol_util', 0.012135343425114608)
('revol_bal_pct_inc', 0.012926893017448281)
('revol_bal-loan', 0.013461812061393665)
('pct_med_inc', 0.013893463111433278)
('hpa4', 0.014317534742365861)
('int_pct_inc', 0.016481170059979105)
('annual_inc', 0.01868652273288202)
('emp_length', 0.019678438996014468)
('home_ownership', 0.022070493581354947)
('credit_length', 0.02411354558117855)
('dti', 0.029411276788944122)
('caploC', 0.03157174610741123)
('pymt_pct_inc', 0.040272019474169946)
('ctloC', 0.053276917881921355)
('sub_grade', 0.60514418593168107)


Forest Parameters
oob_score: False
n_jobs: 8
verbose: 0
min_density: None
compute_importances: None
max_leaf_nodes: None
bootstrap: True
min_samples_leaf: 700
n_estimators: 200
min_samples_split: 2
random_state: None
criterion: mse
max_features: auto
max_depth: None
