OOS Cutoff = 2014-10-01 00:00:00
Int Range: [0,7]
  LAlpha  UAlpha     ROE    DExp    DAct    Rate     Num
   -9.21    4.46    4.49    2.46    1.76    6.25     393
    4.46    4.90    5.53    1.64    0.80    6.34     392
    4.90    5.20    6.02    1.24    0.29    6.31     393
    5.20    5.40    5.38    0.96    0.89    6.27     392
    5.40    5.56    4.83    0.79    1.44    6.27     393
    5.56    5.70    5.46    0.63    0.80    6.26     392
    5.70    5.83    5.78    0.52    0.51    6.29     393
    5.83    5.98    5.25    0.49    1.14    6.39     392
    5.98    6.22    4.92    0.50    1.67    6.59     393
    6.22    6.90    6.18    0.34    0.59    6.76     392

Int Range: [7,10]
  LAlpha  UAlpha     ROE    DExp    DAct    Rate     Num
    0.13    4.60    5.82    4.36    2.41    8.24    1106
    4.60    5.22    6.02    3.22    2.14    8.16    1106
    5.22    5.60    6.51    2.75    1.65    8.16    1106
    5.60    5.91    5.77    2.36    2.35    8.12    1106
    5.91    6.18    6.65    2.03    1.44    8.08    1106
    6.18    6.42    6.87    1.80    1.23    8.10    1106
    6.42    6.66    6.68    1.53    1.38    8.07    1106
    6.66    6.94    7.37    1.42    0.84    8.21    1106
    6.94    7.37    7.20    1.50    1.43    8.63    1106
    7.37    9.07    7.65    1.28    1.43    9.09    1105

Int Range: [10,12]
  LAlpha  UAlpha     ROE    DExp    DAct    Rate     Num
   -0.19    5.46    7.47    6.64    3.62   11.09    1021
    5.46    6.28    7.83    5.09    3.16   10.99    1020
    6.28    6.83    7.67    4.46    3.36   11.03    1020
    6.83    7.31    8.00    3.94    3.01   11.01    1020
    7.31    7.70    8.50    3.55    2.56   11.06    1020
    7.70    8.08    7.57    3.23    3.54   11.11    1021
    8.08    8.45    9.09    2.80    1.97   11.06    1020
    8.45    8.84    7.74    2.49    3.38   11.12    1020
    8.84    9.35    9.43    2.12    1.75   11.19    1020
    9.35   11.14    9.26    1.66    2.20   11.46    1020

Int Range: [12,13.5]
  LAlpha  UAlpha     ROE    DExp    DAct    Rate     Num
   -2.97    4.81    6.37    9.34    6.52   12.89    1024
    4.81    5.81    7.30    7.53    5.59   12.89    1024
    5.81    6.49    7.27    6.69    5.60   12.86    1024
    6.49    7.09    8.49    6.04    4.36   12.85    1023
    7.09    7.62    6.85    5.51    6.02   12.87    1024
    7.62    8.11    8.41    5.01    4.47   12.89    1024
    8.11    8.58    9.19    4.53    3.68   12.87    1023
    8.58    9.10    9.04    4.06    3.86   12.89    1024
    9.10    9.79    9.92    3.48    2.98   12.91    1024
    9.79   12.21   10.46    2.60    2.52   12.98    1023

Int Range: [13.5,15]
  LAlpha  UAlpha     ROE    DExp    DAct    Rate     Num
   -3.14    4.48    4.85   11.21    9.53   14.38    1033
    4.48    5.66    6.13    9.27    8.26   14.38    1033
    5.66    6.47    6.87    8.29    7.50   14.37    1033
    6.47    7.18    8.44    7.53    5.93   14.37    1033
    7.18    7.80    6.51    6.90    7.88   14.40    1033
    7.80    8.38    7.24    6.27    7.13   14.37    1033
    8.38    9.02    7.60    5.70    6.79   14.39    1033
    9.02    9.68    8.34    5.04    6.04   14.38    1033
    9.68   10.51    7.95    4.34    6.46   14.41    1033
   10.51   13.33   10.82    3.29    3.67   14.50    1032

Int Range: [15,17]
  LAlpha  UAlpha     ROE    DExp    DAct    Rate     Num
  -12.12    2.99    4.39   15.38   11.89   16.28     727
    2.99    4.55    6.27   12.34    9.89   16.17     726
    4.55    5.65    5.48   11.01   10.64   16.12     726
    5.65    6.47    6.03   10.01   10.06   16.09     726
    6.47    7.27    6.82    9.24    9.30   16.12     726
    7.27    7.96    7.08    8.50    9.04   16.12     726
    7.96    8.70    8.35    7.80    7.77   16.13     726
    8.70    9.47    9.16    7.04    6.96   16.12     726
    9.47   10.47    8.92    6.15    7.18   16.11     726
   10.47   13.86   10.44    4.86    5.72   16.16     726

Int Range: [17,20]
  LAlpha  UAlpha     ROE    DExp    DAct    Rate     Num
  -11.72    0.43   -0.96   20.80   19.75   18.79     669
    0.43    2.69    4.79   16.88   13.72   18.50     668
    2.69    4.25    6.15   14.92   12.26   18.41     668
    4.25    5.48    6.56   13.51   11.83   18.40     668
    5.48    6.58    4.16   12.29   14.17   18.33     668
    6.58    7.48    3.97   11.31   14.37   18.34     669
    7.48    8.37    7.92   10.36   10.36   18.28     668
    8.37    9.37    8.63    9.47    9.69   18.32     668
    9.37   10.51    7.30    8.41   11.01   18.30     668
   10.51   15.71    9.21    6.73    9.14   18.34     668

Int Range: [20,30]
  LAlpha  UAlpha     ROE    DExp    DAct    Rate     Num
  -13.46   -5.12   -5.26   30.77   28.59   23.33     406
   -5.12   -2.54    2.89   26.83   20.22   23.11     405
   -2.54   -0.72    0.78   24.41   22.01   22.79     405
   -0.72    1.03    0.66   22.41   21.91   22.57     406
    1.03    2.77    1.19   20.87   21.57   22.76     405
    2.77    4.35    6.34   19.02   16.24   22.58     405
    4.35    5.92    2.49   17.18   19.81   22.30     406
    5.92    7.53    4.69   15.65   17.66   22.36     405
    7.53    9.42    2.79   13.74   19.38   22.17     405
    9.42   18.66    8.80   11.13   13.62   22.43     405


MinAlpha	ROE	Count
-5	7.05	63254
-4	7.07	63070
-3	7.08	62837
-2	7.11	62479
-1	7.16	62066
0	7.22	61549
1	7.27	60903
2	7.32	60008
3	7.40	58656
4	7.44	56147
5	7.59	51066
6	7.92	41094
7	8.33	29431
8	8.75	19587
9	9.25	10944
10	10.04	4959
11	10.47	1800
12	11.06	507
13	11.24	132
14	11.46	51
15	15.05	22

Forest Importance
('pub_rec', 0.00029944908381198987)
('delinq_2yrs', 0.00062394484341739525)
('term', 0.0025377219528210032)
('loan_amnt', 0.0045882327046571506)
('verification_status', 0.0047632255708490836)
('purpose', 0.0048533703919190598)
('even_loan_amnt', 0.0051423466506019663)
('mths_since_last_record', 0.0055280706297321756)
('mths_since_last_major_derog', 0.0071733158333318458)
('open_acc', 0.014646412486081948)
('inq_last_6mths', 0.015601366272143376)
('home_ownership', 0.016284283596440439)
('mths_since_last_delinq', 0.018803324339137662)
('int_pymt', 0.021104850933033957)
('total_acc', 0.024011699488112402)
('installment', 0.025202620529762524)
('revol_bal', 0.026937741792353267)
('emp_length', 0.027107638809345115)
('dti', 0.031230365424658603)
('revol_bal_pct_inc', 0.031792566278586787)
('revol_util', 0.032141427145320631)
('credit_length', 0.033853888111804148)
('revol_bal-loan', 0.034110690108194661)
('annual_inc', 0.034395648320064996)
('tok4_capitalization_log_odds', 0.035933208304461811)
('pct_med_inc', 0.036361195178840233)
('int_pct_inc', 0.038745642826524491)
('urate', 0.040791481357281778)
('reg_tok4_clean_title_log_odds', 0.046250952623064528)
('pymt_pct_inc', 0.049383435915102643)
('int_rate', 0.1115230446279597)
('sub_grade', 0.2182768378705828)


Forest Parameters
oob_score: False
n_jobs: 8
verbose: 0
min_density: None
compute_importances: None
max_leaf_nodes: None
bootstrap: True
min_samples_leaf: 150
n_estimators: 400
min_samples_split: 2
random_state: None
criterion: mse
max_features: auto
max_depth: None
