OOS Cutoff = 2014-08-01 00:00:00
Int Range: [0,7]
  LAlpha  UAlpha     ROE    DExp    DAct    Rate     Num
   -8.59    4.29    5.19    2.63    1.04    6.22     185
    4.29    4.79    4.66    1.61    1.54    6.20     185
    4.79    5.11    6.18    1.22    0.00    6.18     185
    5.11    5.29    6.15    0.95    0.00    6.15     185
    5.29    5.43    6.14    0.78    0.00    6.14     185
    5.43    5.56    5.36    0.62    0.77    6.13     185
    5.56    5.67    5.34    0.56    0.84    6.17     185
    5.67    5.78    6.20    0.47    0.00    6.20     185
    5.78    6.00    5.14    0.43    1.16    6.31     185
    6.00    6.40    6.49    0.35    0.00    6.49     184

Int Range: [7,10]
  LAlpha  UAlpha     ROE    DExp    DAct    Rate     Num
    0.05    4.91    4.63    3.83    3.32    7.95     461
    4.91    5.53    4.70    2.79    3.36    8.06     461
    5.53    5.89    5.73    2.22    2.21    7.94     461
    5.89    6.19    6.65    1.93    1.33    7.98     461
    6.19    6.43    6.13    1.65    1.82    7.96     460
    6.43    6.66    6.02    1.49    2.01    8.03     461
    6.66    6.90    5.80    1.30    2.28    8.08     461
    6.90    7.22    6.75    1.49    1.80    8.54     461
    7.22    7.63    7.45    1.38    1.35    8.80     461
    7.63    8.71    7.10    1.07    1.96    9.05     460

Int Range: [10,12]
  LAlpha  UAlpha     ROE    DExp    DAct    Rate     Num
    0.26    5.90    5.53    6.06    5.26   10.79     450
    5.90    6.67    7.23    4.42    3.53   10.75     450
    6.67    7.21    9.69    3.84    1.10   10.80     450
    7.21    7.64    6.43    3.39    4.39   10.82     450
    7.64    7.97    7.81    3.13    3.12   10.93     450
    7.97    8.30    7.56    2.75    3.32   10.88     450
    8.30    8.61    7.48    2.52    3.49   10.97     450
    8.61    8.99    9.61    2.22    1.41   11.01     450
    8.99    9.46    9.37    1.99    1.83   11.20     450
    9.46   11.08    9.25    1.54    2.17   11.42     450

Int Range: [12,13.5]
  LAlpha  UAlpha     ROE    DExp    DAct    Rate     Num
   -2.74    5.18    4.91    9.08    8.04   12.95     446
    5.18    6.15    5.62    7.22    7.30   12.92     446
    6.15    6.84    7.60    6.42    5.32   12.92     446
    6.84    7.44    7.50    5.80    5.45   12.95     446
    7.44    7.97    6.78    5.24    6.18   12.96     445
    7.97    8.46    8.26    4.71    4.67   12.93     446
    8.46    8.93    6.76    4.24    6.17   12.92     446
    8.93    9.40    9.45    3.78    3.50   12.95     446
    9.40   10.07    8.95    3.25    4.01   12.96     446
   10.07   12.09    9.52    2.39    3.50   13.03     445

Int Range: [13.5,15]
  LAlpha  UAlpha     ROE    DExp    DAct    Rate     Num
   -2.25    4.75    5.76   11.08    8.72   14.47     436
    4.75    5.97    4.70    9.07    9.77   14.47     436
    5.97    6.85    4.20    7.99   10.23   14.43     436
    6.85    7.58    6.34    7.24    8.10   14.44     436
    7.58    8.22    9.61    6.55    4.85   14.46     436
    8.22    8.86    8.72    5.93    5.74   14.46     436
    8.86    9.51    7.91    5.28    6.54   14.45     436
    9.51   10.13    9.66    4.62    4.77   14.43     436
   10.13   11.02    9.64    3.85    4.77   14.41     436
   11.02   13.57   10.76    2.90    3.80   14.56     435

Int Range: [15,17]
  LAlpha  UAlpha     ROE    DExp    DAct    Rate     Num
   -7.02    3.78   -1.16   14.69   17.56   16.40     343
    3.78    5.30    3.27   11.65   12.99   16.26     342
    5.30    6.40    6.03   10.36   10.21   16.24     342
    6.40    7.24    8.14    9.36    8.05   16.19     343
    7.24    8.05    6.12    8.60   10.13   16.25     342
    8.05    8.75    7.62    7.88    8.67   16.29     342
    8.75    9.53   10.01    7.13    6.25   16.26     343
    9.53   10.31    9.65    6.33    6.58   16.23     342
   10.31   11.34    8.90    5.46    7.34   16.24     342
   11.34   13.99   11.37    4.19    4.93   16.30     342

Int Range: [17,20]
  LAlpha  UAlpha     ROE    DExp    DAct    Rate     Num
   -9.16    1.89   -2.54   19.24   21.15   18.61     319
    1.89    4.22    7.87   15.36   10.64   18.51     319
    4.22    5.53    5.09   13.60   13.42   18.50     319
    5.53    6.68    5.87   12.34   12.61   18.47     319
    6.68    7.70    6.46   11.25   11.99   18.46     318
    7.70    8.61    5.54   10.20   12.79   18.33     319
    8.61    9.51    5.39    9.30   12.98   18.37     319
    9.51   10.38    9.22    8.41    9.13   18.35     319
   10.38   11.58   10.98    7.52    7.47   18.46     319
   11.58   14.78   10.13    5.85    8.38   18.50     318

Int Range: [20,30]
  LAlpha  UAlpha     ROE    DExp    DAct    Rate     Num
  -14.89   -3.23    0.28   29.04   22.58   22.87     299
   -3.23   -0.20   -1.71   24.69   24.82   23.11     298
   -0.20    2.22   -0.17   21.99   23.21   23.04     299
    2.22    4.14   -0.76   19.75   23.74   22.97     298
    4.14    5.89    1.61   17.81   21.25   22.86     298
    5.89    7.53   11.11   16.14   11.76   22.87     299
    7.53    9.17    7.61   14.55   15.27   22.88     298
    9.17   10.99    8.53   12.98   14.47   23.00     299
   10.99   13.29    9.28   10.64   13.48   22.76     298
   13.29   19.46   11.53    8.35   11.98   23.51     298


MinAlpha	ROE	Count
-5	6.88	29172
-4	6.89	29094
-3	6.93	29007
-2	6.94	28902
-1	7.00	28738
0	7.07	28513
1	7.17	28253
2	7.22	27892
3	7.31	27376
4	7.44	26421
5	7.63	24536
6	8.04	20508
7	8.50	15812
8	8.95	11252
9	9.65	7120
10	9.87	3892
11	10.65	2018
12	11.53	981
13	11.61	471
14	13.29	261
15	16.98	147

Forest Importance
('pub_rec', 0.00025883124130448974)
('delinq_2yrs', 0.00071097732453004477)
('term', 0.0019978330363910886)
('loan_amnt', 0.004021119830051348)
('purpose', 0.0041820833055120615)
('mths_since_last_record', 0.0043648056553924983)
('verification_status', 0.0045623400943379296)
('even_loan_amnt', 0.0047767415441171898)
('mths_since_last_major_derog', 0.0061912731028479695)
('open_acc', 0.013173681417513249)
('home_ownership', 0.015014446240025583)
('inq_last_6mths', 0.015262715239320818)
('int_pymt', 0.018090654437220122)
('mths_since_last_delinq', 0.019381948862540112)
('total_acc', 0.019909170366363062)
('installment', 0.021784550705459926)
('revol_bal', 0.02515515446661435)
('emp_length', 0.025192640469802675)
('dti', 0.026022207534817748)
('revol_util', 0.029753055964361369)
('revol_bal_pct_inc', 0.030179327389420186)
('clean_title_rank', 0.030952729933480402)
('annual_inc', 0.03125994909114152)
('tok4_capitalization_log_odds', 0.031359435790412143)
('revol_bal-loan', 0.031410919350997088)
('credit_length', 0.032218013687579157)
('urate_chg', 0.03435475832063066)
('pct_med_inc', 0.034709696889287933)
('urate', 0.036291899011663777)
('int_pct_inc', 0.036859066966522219)
('pymt_pct_inc', 0.050198423543825997)
('tok4_clean_title_log_odds', 0.052326705993229167)
('sub_grade', 0.13149798426322545)
('int_rate', 0.176574858930061)


Forest Parameters
oob_score: False
n_jobs: 8
verbose: 0
min_density: None
compute_importances: None
max_leaf_nodes: None
bootstrap: True
min_samples_leaf: 150
n_estimators: 400
min_samples_split: 2
random_state: None
criterion: mse
max_features: auto
max_depth: None
