OOS Cutoff = 2014-06-01 00:00:00
Int Range: [0,7]
  LAlpha  UAlpha     ROE    DExp    DAct    Rate     Num
   -1.01    4.07    5.00    2.92    1.21    6.20     292
    4.07    4.63    5.40    1.78    0.77    6.17     292
    4.63    4.96    5.15    1.35    1.00    6.15     292
    4.96    5.18    5.76    1.07    0.39    6.15     291
    5.18    5.36    6.16    0.89    0.00    6.16     292
    5.36    5.50    6.17    0.74    0.00    6.17     292
    5.50    5.62    5.98    0.61    0.18    6.16     291
    5.62    5.75    5.87    0.49    0.29    6.17     292
    5.75    5.94    5.74    0.49    0.59    6.32     292
    5.94    6.37    6.49    0.39    0.00    6.49     291

Int Range: [7,10]
  LAlpha  UAlpha     ROE    DExp    DAct    Rate     Num
    1.50    5.20    5.52    3.54    2.42    7.95     887
    5.20    5.82    6.68    2.48    1.34    8.02     886
    5.82    6.20    6.81    2.02    1.23    8.04     886
    6.20    6.51    6.91    1.62    1.08    7.99     887
    6.51    6.75    6.41    1.37    1.59    8.00     886
    6.75    6.99    6.70    1.24    1.41    8.11     886
    6.99    7.25    6.95    1.22    1.39    8.34     887
    7.25    7.56    7.09    1.23    1.54    8.63     886
    7.56    7.95    7.39    1.11    1.47    8.86     886
    7.95    8.93    8.18    0.90    0.95    9.14     886

Int Range: [10,12]
  LAlpha  UAlpha     ROE    DExp    DAct    Rate     Num
    0.99    6.08    7.92    5.72    2.85   10.77    1028
    6.08    6.92    8.99    4.27    1.82   10.81    1027
    6.92    7.49    7.98    3.59    2.84   10.82    1027
    7.49    7.92    8.58    3.10    2.24   10.81    1027
    7.92    8.29    9.09    2.79    1.80   10.89    1027
    8.29    8.64    9.33    2.45    1.59   10.92    1027
    8.64    8.99    9.38    2.13    1.56   10.94    1027
    8.99    9.35    8.84    1.96    2.28   11.12    1027
    9.35    9.83    9.84    1.71    1.44   11.28    1027
    9.83   11.24    9.74    1.30    1.76   11.50    1027

Int Range: [12,13.5]
  LAlpha  UAlpha     ROE    DExp    DAct    Rate     Num
   -3.61    5.63    9.13    8.71    3.87   12.99    1059
    5.63    6.63    8.70    6.75    4.24   12.94    1058
    6.63    7.31    9.32    5.92    3.60   12.92    1059
    7.31    7.86    9.59    5.35    3.35   12.94    1058
    7.86    8.34    9.29    4.83    3.64   12.93    1059
    8.34    8.78    9.48    4.36    3.44   12.92    1058
    8.78    9.21    9.77    3.95    3.17   12.94    1059
    9.21    9.71   10.18    3.51    2.78   12.96    1058
    9.71   10.31   10.68    2.95    2.27   12.95    1059
   10.31   12.56   11.55    2.22    1.52   13.07    1058

Int Range: [13.5,15]
  LAlpha  UAlpha     ROE    DExp    DAct    Rate     Num
   -2.63    5.54    8.66   10.35    5.80   14.46    1063
    5.54    6.72    7.82    8.26    6.61   14.44    1063
    6.72    7.52    9.69    7.31    4.76   14.45    1063
    7.52    8.16   10.05    6.57    4.37   14.43    1063
    8.16    8.73   10.56    6.00    3.90   14.45    1062
    8.73    9.29   11.10    5.45    3.36   14.46    1063
    9.29    9.87   11.13    4.90    3.35   14.48    1063
    9.87   10.46   11.15    4.33    3.34   14.49    1063
   10.46   11.23   10.84    3.64    3.63   14.47    1063
   11.23   13.90   12.26    2.70    2.32   14.58    1062

Int Range: [15,17]
  LAlpha  UAlpha     ROE    DExp    DAct    Rate     Num
   -5.69    4.80    6.23   13.50   10.20   16.43     862
    4.80    6.25    8.45   10.69    7.85   16.30     861
    6.25    7.24    8.21    9.48    8.05   16.26     861
    7.24    8.00   11.47    8.60    4.76   16.23     861
    8.00    8.74   11.29    7.86    4.95   16.23     861
    8.74    9.40   10.13    7.15    6.08   16.22     861
    9.40   10.06   10.61    6.48    5.60   16.21     861
   10.06   10.79   11.51    5.77    4.68   16.19     861
   10.79   11.70   13.88    5.00    2.34   16.22     861
   11.70   14.37   11.86    3.78    4.38   16.24     861

Int Range: [17,20]
  LAlpha  UAlpha     ROE    DExp    DAct    Rate     Num
  -14.62    2.95    4.89   18.17   13.59   18.48     766
    2.95    4.85    8.78   14.42    9.61   18.39     766
    4.85    6.22    9.93   12.86    8.49   18.42     766
    6.22    7.33   10.65   11.59    7.76   18.41     766
    7.33    8.29    9.42   10.61    8.99   18.42     766
    8.29    9.12   11.22    9.71    7.21   18.43     766
    9.12    9.92   11.96    8.92    6.48   18.44     766
    9.92   10.83   11.82    8.12    6.64   18.46     766
   10.83   11.95   11.86    7.11    6.62   18.48     766
   11.95   15.83   14.34    5.68    4.28   18.62     766

Int Range: [20,30]
  LAlpha  UAlpha     ROE    DExp    DAct    Rate     Num
  -13.22   -1.31    9.23   28.09   14.59   23.82     572
   -1.31    1.88    6.35   22.80   16.85   23.20     571
    1.88    3.99    3.95   19.71   18.79   22.74     571
    3.99    5.74    8.51   17.59   13.98   22.49     571
    5.74    7.16    7.71   15.98   14.75   22.46     571
    7.16    8.40   10.90   14.50   11.40   22.31     572
    8.40    9.78   11.98   13.07   10.19   22.17     571
    9.78   11.23   10.56   11.81   11.75   22.30     571
   11.23   13.07   14.30   10.22    8.00   22.30     571
   13.07   18.96   16.57    8.64    6.69   23.26     571


MinAlpha	ROE	Count
-5	9.34	65038
-4	9.36	64946
-3	9.36	64817
-2	9.36	64652
-1	9.38	64404
0	9.40	64133
1	9.41	63737
2	9.44	63164
3	9.50	62221
4	9.59	60538
5	9.71	57261
6	9.97	50594
7	10.38	41755
8	10.95	31141
9	11.40	20730
10	12.14	11753
11	13.24	5824
12	14.35	2621
13	15.93	1090
14	16.75	442
15	16.89	208

Forest Importance
('pub_rec', 0.00025479612614016966)
('delinq_2yrs', 0.00097220925041078144)
('term', 0.0026040261305443069)
('verification_status', 0.0038401021201869404)
('even_loan_amnt', 0.0045289589416329726)
('loan_amnt', 0.0045328041652131761)
('purpose', 0.0052821706786143384)
('mths_since_last_record', 0.0055598760469341103)
('home_ownership', 0.010078540878542907)
('open_acc', 0.014267372417394779)
('inq_last_6mths', 0.014509438162682374)
('total_acc', 0.023098935344449428)
('int_pymt', 0.023818914847253781)
('mths_since_last_delinq', 0.02428601227252104)
('emp_length', 0.025810053509669015)
('tok4_capitalization_log_odds', 0.026116509584966353)
('installment', 0.026758215593304935)
('revol_bal', 0.029585866115370216)
('dti', 0.030165330827104927)
('urate', 0.032542078226565387)
('revol_util', 0.033470521880115837)
('short_title_rank', 0.034219083623127741)
('avg_urate', 0.034316302757090085)
('credit_length', 0.034363045843652601)
('annual_inc', 0.034891975970492095)
('revol_bal_pct_inc', 0.035301097594527132)
('revol_bal-loan', 0.035993540051621691)
('pct_med_inc', 0.040357526173369199)
('urate_chg', 0.043047291642776264)
('sub_grade', 0.04833588074260349)
('tok4_clean_title_log_odds', 0.049265617938298562)
('pymt_pct_inc', 0.060123211254687857)
('int_rate', 0.20770269328813554)


Forest Parameters
oob_score: False
n_jobs: 8
verbose: 0
min_density: None
compute_importances: None
max_leaf_nodes: None
bootstrap: True
min_samples_leaf: 100
n_estimators: 400
min_samples_split: 2
random_state: None
criterion: mse
max_features: auto
max_depth: None
