OOS Cutoff = 2014-01-01 00:00:00
Int Range: [0,7]
  LAlpha  UAlpha     ROE    DExp    DAct    Rate     Num
   -0.19    3.52    4.25    3.65    2.15    6.40      53
    3.52    4.11    6.30    2.46    0.00    6.30      52
    4.11    4.38    6.25    1.99    0.00    6.25      53
    4.38    4.60    6.28    1.78    0.00    6.28      52
    4.60    4.83    6.36    1.63    0.00    6.36      52
    4.83    5.04    6.34    1.41    0.00    6.34      53
    5.04    5.24    6.42    1.28    0.00    6.42      52
    5.24    5.48    6.46    1.10    0.00    6.46      53
    5.48    5.80    6.46    0.85    0.00    6.46      52
    5.80    6.40    6.62    0.64    0.00    6.62      52

Int Range: [7,10]
  LAlpha  UAlpha     ROE    DExp    DAct    Rate     Num
   -0.22    4.98    6.17    4.35    2.26    8.43     302
    4.98    5.68    6.26    2.87    1.97    8.23     302
    5.68    6.10    6.78    2.29    1.41    8.19     302
    6.10    6.42    7.75    2.05    0.57    8.32     301
    6.42    6.71    6.83    1.80    1.54    8.37     302
    6.71    6.99    7.76    1.56    0.66    8.42     302
    6.99    7.31    7.97    1.66    0.84    8.80     301
    7.31    7.69    8.32    1.67    0.84    9.16     302
    7.69    8.12    8.07    1.39    1.22    9.29     302
    8.12    9.37    8.74    1.05    0.77    9.51     301

Int Range: [10,12]
  LAlpha  UAlpha     ROE    DExp    DAct    Rate     Num
    2.09    6.65    8.35    5.81    2.99   11.33     200
    6.65    7.62    9.51    4.18    1.85   11.36     200
    7.62    8.16    9.89    3.47    1.50   11.39     200
    8.16    8.55    9.81    3.01    1.56   11.37     200
    8.55    8.87    9.01    2.70    2.40   11.40     200
    8.87    9.17   10.21    2.46    1.28   11.49     200
    9.17    9.46    8.56    2.29    3.04   11.60     200
    9.46    9.79    9.94    2.01    1.69   11.62     200
    9.79   10.21   10.46    1.75    1.27   11.73     200
   10.21   11.45    8.03    1.34    3.88   11.91     200

Int Range: [12,13.5]
  LAlpha  UAlpha     ROE    DExp    DAct    Rate     Num
    1.90    7.21    8.56    6.57    4.21   12.78     236
    7.21    8.04    9.10    5.15    3.71   12.81     235
    8.04    8.57    9.80    4.43    2.95   12.75     236
    8.57    9.00   10.85    3.95    1.89   12.74     235
    9.00    9.34    8.80    3.60    3.97   12.77     236
    9.34    9.65   10.72    3.28    2.03   12.76     235
    9.65   10.01   10.86    2.91    1.89   12.75     236
   10.01   10.33   10.64    2.57    2.09   12.73     235
   10.33   10.76   11.17    2.18    1.55   12.72     236
   10.76   11.99    9.93    1.64    2.81   12.75     235

Int Range: [13.5,15]
  LAlpha  UAlpha     ROE    DExp    DAct    Rate     Num
   -0.30    5.69    9.16    9.65    5.06   14.21     324
    5.69    6.91   10.67    7.83    3.52   14.19     324
    6.91    7.71    8.39    6.81    5.74   14.13     324
    7.71    8.37   10.39    6.10    3.77   14.15     324
    8.37    8.95    8.45    5.50    5.72   14.17     323
    8.95    9.54   11.20    4.90    2.96   14.16     324
    9.54   10.01    9.34    4.38    4.82   14.16     324
   10.01   10.52   11.13    3.87    3.01   14.14     324
   10.52   11.16   11.89    3.34    2.27   14.16     324
   11.16   13.06   11.38    2.56    2.87   14.26     323

Int Range: [15,17]
  LAlpha  UAlpha     ROE    DExp    DAct    Rate     Num
   -6.17    4.78    8.93   13.23    7.17   16.10     305
    4.78    6.39    9.96   10.23    5.96   15.92     305
    6.39    7.38    7.95    8.95    7.91   15.86     305
    7.38    8.21   11.26    7.94    4.49   15.75     305
    8.21    8.91   11.73    7.16    4.02   15.75     305
    8.91    9.55   10.49    6.51    5.26   15.75     305
    9.55   10.17    9.81    5.85    5.90   15.71     305
   10.17   10.82   12.99    5.25    2.74   15.73     305
   10.82   11.52   12.29    4.55    3.41   15.70     305
   11.52   14.13   13.22    3.52    2.52   15.74     304

Int Range: [17,20]
  LAlpha  UAlpha     ROE    DExp    DAct    Rate     Num
   -6.51    2.70    8.07   18.21   10.61   18.68     311
    2.70    4.88    7.53   14.61   11.01   18.53     310
    4.88    6.35   11.74   13.03    6.89   18.63     310
    6.35    7.67   11.41   11.59    7.22   18.64     310
    7.67    8.64   10.45   10.53    8.24   18.69     310
    8.64    9.46   13.02    9.59    5.61   18.64     310
    9.46   10.36   14.15    8.70    4.47   18.62     310
   10.36   11.32   12.57    7.88    6.15   18.72     310
   11.32   12.40   14.11    7.00    4.72   18.83     310
   12.40   16.94   15.36    5.62    3.63   18.99     310

Int Range: [20,30]
  LAlpha  UAlpha     ROE    DExp    DAct    Rate     Num
  -15.11    0.49    3.01   26.55   20.42   23.43     177
    0.49    3.49    7.37   20.68   15.50   22.87     177
    3.49    5.64    9.08   17.76   13.31   22.38     177
    5.64    7.03    9.81   15.93   12.52   22.32     176
    7.03    8.28   11.69   14.58   10.59   22.28     177
    8.28    9.56   12.88   13.42    9.45   22.33     177
    9.56   10.75   12.03   11.89   10.01   22.04     176
   10.75   11.93    9.72   10.74   12.31   22.03     177
   11.93   13.32   11.24    9.59   10.98   22.22     177
   13.32   18.49   17.55    7.73    4.88   22.43     176


MinAlpha	ROE	Count
-5	10.00	19007
-4	10.00	18988
-3	10.00	18961
-2	10.01	18920
-1	10.04	18867
0	10.08	18782
1	10.09	18662
2	10.11	18485
3	10.14	18161
4	10.17	17689
5	10.29	16742
6	10.48	15218
7	10.86	13016
8	11.15	10492
9	11.52	7621
10	12.07	4665
11	13.01	2276
12	14.74	990
13	15.84	429
14	16.06	186
15	16.01	70

Forest Importance
('pub_rec', 8.0227537924209614e-05)
('term', 0.0013180793398233782)
('delinq_2yrs', 0.0013273148073060842)
('mths_since_last_record', 0.0026363957434288833)
('is_inc_v', 0.0032216094453740777)
('loan_amnt', 0.00341697581649967)
('purpose', 0.0040734862609902982)
('even_loan_amnt', 0.0052756169458533257)
('mod_rate', 0.0070500408839911655)
('inq_last_6mths', 0.0097203013620593502)
('home_ownership', 0.010843292873739136)
('open_acc', 0.011901470075457632)
('fico_range_low', 0.014321624322604721)
('total_acc', 0.015633945169278293)
('emp_title_rank', 0.016209197607531402)
('mths_since_last_delinq', 0.016546603098166586)
('int_pymt', 0.017763461888267301)
('clean_title_rank', 0.017772746019469474)
('installment', 0.018624138273297841)
('revol_bal', 0.020710785019958825)
('zip_code', 0.020748247970702009)
('dti', 0.022005689108293942)
('revol_util', 0.022710912844429131)
('short_title_rank', 0.022888315849196879)
('urate', 0.024326456322344519)
('emp_length', 0.024588837576273889)
('tok4_capitalization_log_odds', 0.025525135463555934)
('med_inc', 0.0262306392077363)
('pct_med_inc', 0.026263433392308931)
('annual_inc', 0.026295964154576537)
('credit_length', 0.028059512642864357)
('revol_bal-loan', 0.028300801841700599)
('avg_urate', 0.028734693489481475)
('urate_chg', 0.029887864593559233)
('hpa4', 0.032236216835377876)
('revol_bal_pct_inc', 0.033272615984357039)
('urate_range', 0.034100234018819474)
('pymt_pct_inc', 0.050876806455064802)
('tok4_clean_title_log_odds', 0.052953504225657644)
('sub_grade', 0.096147864164971911)
('int_rate', 0.14539894136770584)


Forest Parameters
oob_score: False
n_jobs: 8
verbose: 0
min_density: None
compute_importances: None
max_leaf_nodes: None
bootstrap: True
min_samples_leaf: 100
n_estimators: 400
min_samples_split: 2
random_state: None
criterion: mse
max_features: auto
max_depth: None
