OOS Cutoff = 2015-01-01
Int Range: [0,7]
  LAlpha  UAlpha     ROE    DExp    DAct    Rate     Num
  -22.21    4.61    5.71    2.31    0.75    6.46     526
    4.61    4.94    5.57    1.59    0.82    6.39     525
    4.94    5.15    5.73    1.34    0.66    6.39     526
    5.15    5.33    5.43    1.14    0.95    6.38     525
    5.33    5.47    6.38    1.04    0.06    6.44     525
    5.47    5.60    6.44    0.97    0.06    6.50     526
    5.60    5.75    6.45    0.89    0.13    6.58     525
    5.75    5.92    6.05    0.84    0.62    6.67     526
    5.92    6.12    6.00    0.76    0.76    6.76     525
    6.12    6.74    6.22    0.63    0.72    6.93     525

Int Range: [7,10]
  LAlpha  UAlpha     ROE    DExp    DAct    Rate     Num
    1.11    4.73    5.66    4.41    2.87    8.53    1155
    4.73    5.25    5.91    3.35    2.46    8.37    1155
    5.25    5.61    6.51    2.97    1.90    8.41    1155
    5.61    5.89    6.96    2.65    1.45    8.41    1154
    5.89    6.14    6.71    2.33    1.64    8.35    1155
    6.14    6.38    6.89    2.15    1.52    8.42    1155
    6.38    6.63    6.83    1.90    1.57    8.40    1154
    6.63    6.90    6.90    1.84    1.69    8.60    1155
    6.90    7.29    7.85    1.78    1.00    8.86    1155
    7.29    9.03    8.52    1.68    0.85    9.37    1154

Int Range: [10,12]
  LAlpha  UAlpha     ROE    DExp    DAct    Rate     Num
   -0.11    5.28    6.20    7.19    5.24   11.43     908
    5.28    6.03    7.81    5.68    3.55   11.36     907
    6.03    6.55    8.67    5.01    2.64   11.31     908
    6.55    7.00    6.33    4.48    4.94   11.27     907
    7.00    7.39    7.79    4.06    3.47   11.25     908
    7.39    7.75    9.36    3.67    1.88   11.24     907
    7.75    8.08    8.04    3.35    3.23   11.27     908
    8.08    8.47    9.25    3.00    2.01   11.27     907
    8.47    8.92    8.39    2.58    2.88   11.26     908
    8.92   10.43    8.61    2.13    2.85   11.46     907

Int Range: [12,13.5]
  LAlpha  UAlpha     ROE    DExp    DAct    Rate     Num
   -1.68    4.26    6.48    9.60    6.25   12.73     816
    4.26    5.24    8.55    7.91    4.15   12.70     816
    5.24    5.88    7.17    7.13    5.52   12.69     816
    5.88    6.42    8.25    6.53    4.43   12.68     816
    6.42    6.90    8.70    6.01    3.98   12.68     816
    6.90    7.36    6.89    5.55    5.80   12.69     816
    7.36    7.85    8.27    5.09    4.43   12.70     816
    7.85    8.38    9.24    4.61    3.46   12.71     816
    8.38    9.09    9.17    4.02    3.55   12.72     816
    9.09   11.17    9.84    3.12    2.95   12.79     816

Int Range: [13.5,15]
  LAlpha  UAlpha     ROE    DExp    DAct    Rate     Num
   -2.14    4.21    5.78   11.27    8.42   14.20     851
    4.21    5.21    8.01    9.42    6.19   14.19     850
    5.21    5.95    7.90    8.67    6.36   14.26     850
    5.95    6.62    8.49    7.96    5.76   14.25     851
    6.62    7.22   10.44    7.29    3.78   14.22     850
    7.22    7.80    8.62    6.74    5.63   14.25     850
    7.80    8.38    9.15    6.21    5.14   14.29     851
    8.38    9.08   10.65    5.57    3.65   14.30     850
    9.08    9.97    9.75    4.82    4.57   14.32     850
    9.97   12.89    9.50    3.71    4.93   14.43     850

Int Range: [15,17]
  LAlpha  UAlpha     ROE    DExp    DAct    Rate     Num
   -8.93    1.39    3.26   16.69   12.81   16.07     631
    1.39    3.26    5.51   13.66   10.56   16.07     631
    3.26    4.41    5.17   12.19   10.89   16.05     630
    4.41    5.33    6.09   11.19    9.96   16.06     631
    5.33    6.16    8.81   10.32    7.27   16.08     630
    6.16    6.92    8.30    9.48    7.72   16.03     631
    6.92    7.71   10.31    8.69    5.71   16.02     631
    7.71    8.51   10.22    7.92    5.81   16.03     630
    8.51    9.54    8.69    7.04    7.38   16.07     631
    9.54   13.26    9.38    5.68    6.67   16.05     630

Int Range: [17,20]
  LAlpha  UAlpha     ROE    DExp    DAct    Rate     Num
  -12.44   -1.04    0.95   22.39   17.95   18.91     686
   -1.04    1.23    3.18   18.36   15.33   18.51     686
    1.23    2.88    7.69   16.36   10.76   18.45     686
    2.88    4.08    4.96   14.78   13.31   18.27     685
    4.08    5.18    5.38   13.62   12.86   18.24     686
    5.18    6.14    6.54   12.55   11.69   18.22     686
    6.14    7.12    7.20   11.57   11.00   18.19     685
    7.12    8.24    5.91   10.50   12.24   18.15     686
    8.24    9.50    9.44    9.27    8.69   18.12     686
    9.50   13.63    9.61    7.53    8.58   18.19     685

Int Range: [20,30]
  LAlpha  UAlpha     ROE    DExp    DAct    Rate     Num
  -12.36   -5.82   -7.56   31.00   30.82   23.27     311
   -5.82   -3.74   -1.61   27.86   24.70   23.09     311
   -3.74   -1.93    2.81   26.06   20.49   23.29     311
   -1.93   -0.57    2.58   24.39   20.57   23.15     311
   -0.57    1.01    5.40   22.98   17.78   23.18     311
    1.01    2.39    6.09   21.47   17.04   23.13     311
    2.39    3.84    4.26   19.84   18.68   22.95     311
    3.84    5.58    6.17   18.57   17.03   23.20     311
    5.58    7.96    9.32   16.08   13.46   22.79     311
    7.96   16.05    7.49   12.85   15.56   23.05     310


MinAlpha	ROE	Count
-5	7.38	58233
-4	7.41	57969
-3	7.44	57670
-2	7.47	57289
-1	7.52	56766
0	7.58	56122
1	7.63	55326
2	7.65	54248
3	7.71	52715
4	7.84	50131
5	8.04	44391
6	8.40	32632
7	8.91	20960
8	9.29	11938
9	9.46	5590
10	10.27	2069
11	11.59	665
12	11.16	157
13	11.22	39
14	11.59	13
15	7.53	2

Forest Importance
('purpose', 0.0015786131745784723)
('even_loan_amnt', 0.0027818093729286954)
('loan_amnt', 0.0056758377662896433)
('avg_urate', 0.01263072124204487)
('total_acc', 0.013120564587313557)
('urate', 0.014225734830868777)
('urate_chg', 0.016070054394166412)
('installment', 0.016690813231815274)
('clean_title_rank', 0.016800905275023193)
('revol_util', 0.017248484579648636)
('urate_range', 0.017531602602798395)
('revol_bal_pct_inc', 0.019503391301657041)
('pct_med_inc', 0.01987402809693423)
('annual_inc', 0.020325200871608353)
('home_ownership', 0.020420088701333845)
('revol_bal-loan', 0.020773306279214462)
('emp_length', 0.021253393566965255)
('int_pct_inc', 0.02140053157971895)
('hpa4', 0.022933711185046515)
('credit_length', 0.027273101206880014)
('dti', 0.030727145271246141)
('caploC', 0.032825597794696036)
('pymt_pct_inc', 0.043090523217602247)
('ctloC', 0.053675097131691191)
('sub_grade', 0.51156974273792999)


Forest Parameters
oob_score: False
n_jobs: 8
verbose: 0
min_density: None
compute_importances: None
max_leaf_nodes: None
bootstrap: True
min_samples_leaf: 400
n_estimators: 200
min_samples_split: 2
random_state: None
criterion: mse
max_features: auto
max_depth: None
