OOS Cutoff = 2014-12-01 00:00:00
Int Range: [0,7]
  LAlpha  UAlpha     ROE    DExp    DAct    Rate     Num
  -12.59    4.54   -0.20    2.31    6.44    6.24     393
    4.54    4.92    4.39    1.54    1.90    6.29     392
    4.92    5.17    5.04    1.23    1.25    6.29     393
    5.17    5.36    6.21    1.03    0.08    6.29     392
    5.36    5.52    6.30    0.86    0.00    6.30     393
    5.52    5.68    6.28    0.68    0.00    6.28     392
    5.68    5.83    6.10    0.57    0.21    6.32     393
    5.83    5.98    6.37    0.47    0.00    6.37     392
    5.98    6.25    6.58    0.47    0.00    6.58     393
    6.25    6.96    6.76    0.30    0.00    6.76     392

Int Range: [7,10]
  LAlpha  UAlpha     ROE    DExp    DAct    Rate     Num
    0.26    4.99   -2.60    3.81   10.75    8.15    1106
    4.99    5.52    5.64    2.82    2.46    8.10    1106
    5.52    5.87    6.86    2.34    1.18    8.04    1106
    5.87    6.15    7.52    2.04    0.54    8.06    1106
    6.15    6.39    7.74    1.84    0.37    8.11    1106
    6.39    6.62    7.91    1.61    0.21    8.12    1106
    6.62    6.86    8.03    1.44    0.15    8.17    1106
    6.86    7.14    7.87    1.37    0.49    8.36    1106
    7.14    7.53    8.55    1.33    0.11    8.66    1106
    7.53    9.06    9.03    1.18    0.06    9.08    1105

Int Range: [10,12]
  LAlpha  UAlpha     ROE    DExp    DAct    Rate     Num
    0.66    5.95   -3.31    5.77   14.18   10.87    1021
    5.95    6.66    5.86    4.59    5.07   10.93    1020
    6.66    7.16    8.00    4.02    2.94   10.94    1020
    7.16    7.58    9.16    3.61    1.83   10.99    1020
    7.58    7.95    8.77    3.30    2.29   11.06    1020
    7.95    8.30    9.87    2.92    1.18   11.05    1021
    8.30    8.65   10.63    2.65    0.49   11.12    1020
    8.65    9.03   10.98    2.40    0.26   11.24    1020
    9.03    9.54   11.07    2.08    0.27   11.34    1020
    9.54   11.28   11.56    1.60    0.03   11.59    1020

Int Range: [12,13.5]
  LAlpha  UAlpha     ROE    DExp    DAct    Rate     Num
   -2.21    5.31   -8.57    8.88   21.53   12.95    1024
    5.31    6.29    4.39    7.06    8.54   12.93    1024
    6.29    7.01    6.91    6.24    5.99   12.90    1024
    7.01    7.56    9.73    5.58    3.15   12.88    1023
    7.56    8.04   10.44    5.07    2.44   12.87    1024
    8.04    8.50   11.00    4.58    1.86   12.86    1024
    8.50    8.94   11.92    4.14    0.93   12.85    1023
    8.94    9.45   12.17    3.64    0.67   12.84    1024
    9.45   10.05   12.53    3.16    0.36   12.89    1024
   10.05   12.41   12.79    2.33    0.13   12.92    1023

Int Range: [13.5,15]
  LAlpha  UAlpha     ROE    DExp    DAct    Rate     Num
   -4.33    4.66  -14.16   11.03   28.53   14.37    1033
    4.66    5.73    3.47    9.13   10.91   14.38    1033
    5.73    6.47    6.45    8.25    7.92   14.37    1033
    6.47    7.13    7.57    7.58    6.81   14.39    1033
    7.13    7.70    9.10    6.98    5.29   14.39    1033
    7.70    8.30   10.23    6.39    4.16   14.40    1033
    8.30    8.92   11.50    5.79    2.90   14.41    1033
    8.92    9.60   13.06    5.12    1.32   14.39    1033
    9.60   10.47   13.66    4.39    0.73   14.39    1033
   10.47   13.34   13.88    3.31    0.60   14.48    1032

Int Range: [15,17]
  LAlpha  UAlpha     ROE    DExp    DAct    Rate     Num
   -7.88    3.06  -12.86   15.07   29.02   16.16     727
    3.06    4.58   -1.88   12.23   18.01   16.13     726
    4.58    5.59    3.30   11.00   12.82   16.12     726
    5.59    6.37    8.55   10.12    7.57   16.12     726
    6.37    7.08    9.94    9.40    6.18   16.13     726
    7.08    7.79   10.65    8.65    5.44   16.09     726
    7.79    8.52   12.25    7.97    3.87   16.12     726
    8.52    9.31   13.14    7.27    3.02   16.16     726
    9.31   10.33   13.94    6.31    2.19   16.13     726
   10.33   14.06   15.93    5.04    0.32   16.25     726

Int Range: [17,20]
  LAlpha  UAlpha     ROE    DExp    DAct    Rate     Num
  -10.49    0.63  -18.69   20.77   37.52   18.83     669
    0.63    2.85   -1.64   16.65   20.18   18.54     668
    2.85    4.31    1.66   14.81   16.76   18.42     668
    4.31    5.46    5.12   13.43   13.23   18.34     668
    5.46    6.41    5.91   12.38   12.42   18.33     668
    6.41    7.34    8.38   11.48    9.97   18.35     669
    7.34    8.22   12.38   10.48    5.87   18.25     668
    8.22    9.19   12.18    9.60    6.11   18.29     668
    9.19   10.44   15.31    8.54    3.00   18.32     668
   10.44   15.88   17.15    6.78    1.21   18.35     668

Int Range: [20,30]
  LAlpha  UAlpha     ROE    DExp    DAct    Rate     Num
  -13.82   -4.03  -31.52   29.81   54.77   23.25     406
   -4.03   -1.84   -5.57   26.15   28.83   23.26     405
   -1.84   -0.06   -1.32   23.68   24.08   22.76     405
   -0.06    1.55    2.31   22.05   20.46   22.77     406
    1.55    3.07    9.00   20.32   13.65   22.64     405
    3.07    4.46    3.47   18.89   19.17   22.64     405
    4.46    5.95    4.67   17.03   17.57   22.24     406
    5.95    7.48   10.87   15.65   11.46   22.33     405
    7.48    9.40   15.97   13.93    6.31   22.28     405
    9.40   18.24   17.57   10.98    4.65   22.22     405


MinAlpha	ROE	Count
-5	7.21	63388
-4	7.33	63207
-3	7.42	62957
-2	7.50	62644
-1	7.60	62262
0	7.71	61787
1	7.84	61156
2	8.05	60356
3	8.35	59127
4	8.82	57016
5	9.49	52593
6	10.44	43206
7	11.57	31342
8	12.59	20700
9	13.52	11665
10	14.50	5207
11	15.81	1777
12	17.03	490
13	19.30	127
14	20.05	42
15	22.96	18

Forest Importance
('pub_rec', 0.00022688777107334431)
('delinq_2yrs', 0.0006868588289821551)
('even_loan_amnt', 0.004071556339876446)
('loan_amnt', 0.0041912271871742575)
('purpose', 0.0042720394182249547)
('term', 0.0043553318703740086)
('verification_status', 0.0043930698026361818)
('mths_since_last_record', 0.0045887420786204095)
('mths_since_last_major_derog', 0.0067479449222633261)
('open_acc', 0.01352411552463435)
('inq_last_6mths', 0.013859740670292976)
('home_ownership', 0.016063782407982004)
('mths_since_last_delinq', 0.017685559110080261)
('int_pymt', 0.020346136175616588)
('total_acc', 0.022206180762623911)
('emp_length', 0.02359256436342469)
('installment', 0.02388397276918313)
('annual_inc', 0.025040235444987312)
('revol_bal', 0.026379862792549461)
('tok4_capitalization_log_odds', 0.027933277960084088)
('revol_util', 0.028707719916141149)
('revol_bal_pct_inc', 0.028713562298271517)
('credit_length', 0.030251024146627229)
('int_pct_inc', 0.030893301657139376)
('clean_title_rank', 0.032073436276864251)
('dti', 0.032301438934463605)
('revol_bal-loan', 0.03238498437806854)
('pct_med_inc', 0.033660569516665413)
('urate', 0.038297694301795318)
('pymt_pct_inc', 0.044461506325363095)
('tok4_clean_title_log_odds', 0.053837527900881185)
('int_rate', 0.11138368490968796)
('sub_grade', 0.23898446323734746)


Forest Parameters
oob_score: False
n_jobs: 8
verbose: 0
min_density: None
compute_importances: None
max_leaf_nodes: None
bootstrap: True
min_samples_leaf: 150
n_estimators: 100
min_samples_split: 2
random_state: None
criterion: mse
max_features: auto
max_depth: None
