OOS Cutoff = 2014-01-01 00:00:00
Int Range: [0,7]
  LAlpha  UAlpha     ROE    DExp    DAct    Rate     Num
    0.99    3.91    2.89    3.02    3.37    6.26      93
    3.91    4.33    5.34    2.12    0.93    6.27      92
    4.33    4.64    6.31    1.82    0.00    6.31      93
    4.64    4.89    6.31    1.54    0.00    6.31      92
    4.89    5.06    6.28    1.29    0.00    6.28      92
    5.06    5.23    5.44    1.21    0.92    6.36      93
    5.23    5.40    5.12    1.05    1.24    6.36      92
    5.40    5.60    6.42    0.92    0.00    6.42      93
    5.60    5.81    5.24    0.83    1.29    6.52      92
    5.81    6.41    6.61    0.60    0.00    6.61      92

Int Range: [7,10]
  LAlpha  UAlpha     ROE    DExp    DAct    Rate     Num
    1.58    5.51    6.51    3.24    1.60    8.11     518
    5.51    6.02    6.42    2.39    1.75    8.17     518
    6.02    6.36    7.08    1.95    1.06    8.14     518
    6.36    6.64    7.06    1.79    1.22    8.28     518
    6.64    6.89    7.46    1.64    0.94    8.40     518
    6.89    7.17    7.72    1.51    0.82    8.54     518
    7.17    7.49    7.78    1.56    1.10    8.87     518
    7.49    7.84    7.77    1.52    1.42    9.18     518
    7.84    8.27    7.67    1.29    1.66    9.34     518
    8.27    9.55    7.35    0.91    2.21    9.56     517

Int Range: [10,12]
  LAlpha  UAlpha     ROE    DExp    DAct    Rate     Num
    3.35    7.32    8.45    4.84    2.88   11.33     369
    7.32    8.01    8.05    3.70    3.34   11.39     369
    8.01    8.47   10.12    3.09    1.22   11.34     369
    8.47    8.81   10.09    2.75    1.31   11.39     369
    8.81    9.10    9.21    2.49    2.24   11.45     368
    9.10    9.39   10.25    2.26    1.25   11.50     369
    9.39    9.69    9.95    2.02    1.60   11.56     369
    9.69   10.00   11.16    1.81    0.48   11.64     369
   10.00   10.44   10.19    1.54    1.56   11.75     369
   10.44   11.69   10.63    1.19    1.34   11.97     368

Int Range: [12,13.5]
  LAlpha  UAlpha     ROE    DExp    DAct    Rate     Num
    3.52    7.65    8.02    6.21    4.83   12.85     238
    7.65    8.50   10.15    4.68    2.65   12.80     237
    8.50    8.98   10.69    4.05    2.13   12.81     237
    8.98    9.35    8.98    3.65    3.84   12.82     237
    9.35    9.70   10.32    3.28    2.51   12.82     237
    9.70   10.02   11.49    2.93    1.31   12.79     238
   10.02   10.32   10.45    2.64    2.35   12.81     237
   10.32   10.63   11.67    2.32    1.12   12.79     237
   10.63   11.01   11.73    2.01    1.08   12.81     237
   11.01   12.42   10.43    1.49    2.41   12.83     237

Int Range: [13.5,15]
  LAlpha  UAlpha     ROE    DExp    DAct    Rate     Num
    0.58    7.37   10.03    7.99    4.14   14.17     683
    7.37    8.49   11.47    6.24    2.76   14.23     682
    8.49    9.15    9.89    5.38    4.31   14.20     682
    9.15    9.67   10.76    4.74    3.41   14.17     682
    9.67   10.14   11.18    4.26    3.01   14.18     682
   10.14   10.56   11.07    3.80    3.08   14.16     683
   10.56   10.93   10.84    3.44    3.35   14.18     682
   10.93   11.32   12.12    3.10    2.12   14.24     682
   11.32   11.84   12.46    2.72    1.83   14.29     682
   11.84   13.84   11.94    2.22    2.59   14.53     682

Int Range: [15,17]
  LAlpha  UAlpha     ROE    DExp    DAct    Rate     Num
   -2.04    6.21    8.71   11.53    7.55   16.26     472
    6.21    7.49   12.18    9.25    3.97   16.16     472
    7.49    8.36   10.99    8.24    5.19   16.18     471
    8.36    9.04   12.89    7.36    3.18   16.07     472
    9.04    9.65   11.97    6.80    4.18   16.15     471
    9.65   10.22   12.19    6.10    3.86   16.05     472
   10.22   10.73   11.31    5.60    4.77   16.08     472
   10.73   11.32   13.93    5.05    2.13   16.07     471
   11.32   12.05   12.64    4.40    3.43   16.07     472
   12.05   14.35   12.59    3.47    3.54   16.13     471

Int Range: [17,20]
  LAlpha  UAlpha     ROE    DExp    DAct    Rate     Num
   -3.63    5.85    9.48   14.29    8.93   18.40     411
    5.85    7.28   10.84   11.81    7.60   18.44     411
    7.28    8.32    7.88   10.65   10.58   18.46     411
    8.32    9.17   11.87    9.65    6.53   18.40     411
    9.17    9.93   12.41    8.95    6.09   18.50     411
    9.93   10.59   13.29    8.30    5.26   18.55     411
   10.59   11.32   13.81    7.62    4.75   18.57     411
   11.32   12.05   14.68    6.93    3.93   18.61     411
   12.05   13.05   14.61    6.21    4.10   18.72     411
   13.05   16.73   12.91    5.14    6.23   19.14     410

Int Range: [20,30]
  LAlpha  UAlpha     ROE    DExp    DAct    Rate     Num
   -7.98    3.51    9.45   22.82   13.79   23.24     281
    3.51    6.23    5.58   17.62   17.17   22.75     281
    6.23    7.69    9.04   15.53   13.48   22.52     281
    7.69    8.81   15.68   14.41    7.03   22.71     281
    8.81    9.77   12.66   13.33    9.97   22.63     280
    9.77   10.75   15.35   12.18    7.07   22.42     281
   10.75   11.70   12.69   11.21    9.75   22.43     281
   11.70   12.82   16.25   10.08    6.04   22.30     281
   12.82   14.11   14.57    8.86    7.75   22.32     281
   14.11   18.43   17.06    7.33    5.61   22.68     280


MinAlpha	ROE	Count
-5	10.54	30615
-4	10.55	30609
-3	10.55	30596
-2	10.56	30580
-1	10.55	30550
0	10.56	30517
1	10.56	30442
2	10.56	30340
3	10.56	30198
4	10.61	29859
5	10.72	29019
6	10.96	26993
7	11.35	23828
8	11.78	20079
9	12.08	15675
10	12.61	10739
11	13.19	5879
12	13.91	2633
13	14.88	1096
14	15.63	497
15	17.41	203

Forest Importance
('pub_rec', 0.00015160395228603526)
('mths_since_last_record', 0.0012558980297877323)
('term', 0.0013834729242147999)
('delinq_2yrs', 0.0015983831935824932)
('is_inc_v', 0.0031072168958339503)
('loan_amnt', 0.0046001723827211616)
('even_loan_amnt', 0.0052956814081069224)
('purpose', 0.0066021915485640348)
('mod_rate', 0.0071722831580847326)
('inq_last_6mths', 0.0081777923383613855)
('home_ownership', 0.0082835321096707791)
('open_acc', 0.011548453714407977)
('mths_since_last_delinq', 0.01579301566209864)
('fico_range_low', 0.016211564644454626)
('clean_title_rank', 0.016332185410119444)
('int_pymt', 0.018080147602895922)
('emp_title_rank', 0.018181274631407902)
('installment', 0.018959240315066014)
('total_acc', 0.019258355029730029)
('zip_code', 0.021548540050922584)
('emp_length', 0.023533797972030656)
('revol_util', 0.023975186977179964)
('revol_bal', 0.024948557477543522)
('short_title_rank', 0.025204326774845579)
('med_inc', 0.025709861858449777)
('hpa4', 0.026022950447058883)
('urate', 0.026076441587305824)
('annual_inc', 0.026259421453291902)
('credit_length', 0.027364867189808639)
('dti', 0.02812894137919442)
('avg_urate', 0.028311347786446884)
('pct_med_inc', 0.029568396246590488)
('lr_clean_title_odds', 0.030587860014366107)
('urate_chg', 0.031526858738612704)
('revol_bal-loan', 0.031892989803454258)
('urate_range', 0.031948801493480616)
('tok4_capitalization_log_odds', 0.040756120869056653)
('pymt_pct_inc', 0.061434151121735947)
('sub_grade', 0.061963325495425325)
('int_rate', 0.1912447903118048)


Forest Parameters
oob_score: False
n_jobs: 8
verbose: 0
min_density: None
compute_importances: None
max_leaf_nodes: None
bootstrap: True
min_samples_leaf: 100
n_estimators: 400
min_samples_split: 2
random_state: None
criterion: mse
max_features: auto
max_depth: None
