OOS Cutoff = 2014-04-01 00:00:00
Int Range: [0,7]
  LAlpha  UAlpha     ROE    DExp    DAct    Rate     Num
    1.28    4.05    3.46    2.78    2.76    6.23     127
    4.05    4.48    4.70    1.96    1.55    6.25     127
    4.48    4.78    5.37    1.61    0.88    6.25     127
    4.78    4.99    6.27    1.38    0.00    6.27     127
    4.99    5.18    6.21    1.12    0.00    6.21     127
    5.18    5.33    6.26    1.01    0.00    6.26     127
    5.33    5.47    5.37    0.87    0.90    6.27     127
    5.47    5.65    5.66    0.78    0.67    6.33     127
    5.65    5.87    6.53    0.78    0.00    6.53     127
    5.87    6.35    5.92    0.54    0.67    6.59     127

Int Range: [7,10]
  LAlpha  UAlpha     ROE    DExp    DAct    Rate     Num
    2.24    5.36    4.90    3.46    3.26    8.16     567
    5.36    5.93    5.55    2.50    2.62    8.17     566
    5.93    6.27    7.48    2.09    0.70    8.19     566
    6.27    6.56    7.39    1.83    0.86    8.25     567
    6.56    6.81    7.33    1.68    1.04    8.36     566
    6.81    7.05    5.93    1.45    2.45    8.39     566
    7.05    7.34    7.50    1.32    1.01    8.51     567
    7.34    7.71    6.54    1.40    2.39    8.93     566
    7.71    8.14    7.80    1.24    1.37    9.16     566
    8.14    9.25    8.02    0.92    1.40    9.42     566

Int Range: [10,12]
  LAlpha  UAlpha     ROE    DExp    DAct    Rate     Num
    0.73    6.79    5.88    5.24    5.15   11.03     469
    6.79    7.55    7.84    3.77    3.15   10.99     469
    7.55    8.01    7.78    3.22    3.24   11.02     469
    8.01    8.37    8.06    2.89    3.03   11.09     469
    8.37    8.72    8.97    2.63    2.21   11.18     469
    8.72    9.03    8.31    2.42    2.98   11.29     469
    9.03    9.36    8.48    2.08    2.79   11.28     469
    9.36    9.74    8.37    1.93    3.11   11.47     469
    9.74   10.20    7.44    1.57    4.09   11.53     469
   10.20   11.42   10.27    1.20    1.54   11.81     469

Int Range: [12,13.5]
  LAlpha  UAlpha     ROE    DExp    DAct    Rate     Num
   -3.11    6.34    6.82    7.98    6.16   12.97     535
    6.34    7.29    6.90    6.07    6.02   12.92     535
    7.29    7.97    7.21    5.24    5.68   12.89     534
    7.97    8.50    7.79    4.59    5.05   12.84     535
    8.50    8.93    8.12    4.10    4.69   12.81     534
    8.93    9.33    9.23    3.65    3.56   12.78     535
    9.33    9.70    9.53    3.26    3.24   12.78     535
    9.70   10.15   10.96    2.88    1.84   12.80     534
   10.15   10.69   10.86    2.37    1.92   12.78     535
   10.69   12.19    9.29    1.67    3.47   12.76     534

Int Range: [13.5,15]
  LAlpha  UAlpha     ROE    DExp    DAct    Rate     Num
   -1.09    6.02    4.72    9.64    9.58   14.30     652
    6.02    7.12    6.33    7.62    7.92   14.25     651
    7.12    7.87    6.24    6.74    8.02   14.26     651
    7.87    8.54    7.27    6.03    6.98   14.25     652
    8.54    9.10    8.92    5.40    5.32   14.23     651
    9.10    9.63    9.73    4.89    4.53   14.26     651
    9.63   10.13    9.55    4.40    4.73   14.28     652
   10.13   10.66    9.98    3.87    4.28   14.26     651
   10.66   11.33   10.02    3.30    4.25   14.27     651
   11.33   13.59   12.21    2.48    2.19   14.41     651

Int Range: [15,17]
  LAlpha  UAlpha     ROE    DExp    DAct    Rate     Num
   -6.77    5.05    4.79   13.13   11.44   16.23     580
    5.05    6.61    7.74   10.20    8.35   16.10     579
    6.61    7.60    7.81    8.85    8.20   16.00     580
    7.60    8.42    9.18    7.93    6.78   15.96     579
    8.42    9.05    8.90    7.15    6.99   15.88     579
    9.05    9.71    9.24    6.45    6.59   15.83     580
    9.71   10.32    9.59    5.83    6.25   15.84     579
   10.32   11.00    9.22    5.15    6.60   15.82     580
   11.00   11.81    9.92    4.43    5.90   15.83     579
   11.81   14.69   12.85    3.33    3.01   15.86     579

Int Range: [17,20]
  LAlpha  UAlpha     ROE    DExp    DAct    Rate     Num
   -7.50    3.27    1.74   17.51   16.87   18.61     559
    3.27    5.32    0.22   14.18   18.36   18.58     558
    5.32    6.65    8.39   12.55   10.15   18.54     558
    6.65    7.68    7.78   11.27   10.67   18.45     558
    7.68    8.65    8.81   10.40    9.76   18.56     558
    8.65    9.51    8.64    9.57    9.99   18.63     559
    9.51   10.32   10.11    8.70    8.51   18.63     558
   10.32   11.28   10.42    7.86    8.24   18.66     558
   11.28   12.42   11.99    6.86    6.72   18.70     558
   12.42   16.51   12.98    5.36    5.81   18.80     558

Int Range: [20,30]
  LAlpha  UAlpha     ROE    DExp    DAct    Rate     Num
  -10.18   -0.04   -3.03   25.72   26.19   23.15     326
   -0.04    2.56   -2.42   21.32   25.06   22.64     326
    2.56    4.37    0.48   18.95   21.99   22.47     326
    4.37    5.94    2.74   17.11   19.52   22.26     326
    5.94    7.30    8.58   15.73   13.80   22.38     326
    7.30    8.56    9.86   14.12   12.21   22.07     326
    8.56    9.84    6.85   12.95   15.30   22.15     326
    9.84   11.04    7.13   11.83   15.13   22.26     326
   11.04   12.65   12.43   10.64    9.99   22.41     326
   12.65   19.43   12.21    8.75   10.67   22.88     326


MinAlpha	ROE	Count
-5	7.92	38072
-4	7.93	38041
-3	7.95	37979
-2	7.97	37893
-1	8.02	37770
0	8.05	37609
1	8.10	37387
2	8.16	37066
3	8.22	36518
4	8.33	35676
5	8.58	34009
6	8.83	30770
7	9.17	26188
8	9.59	20620
9	10.17	14600
10	10.83	8915
11	11.62	4387
12	12.94	1920
13	11.83	746
14	13.54	301
15	14.07	95

Forest Importance
('pub_rec', 0.00027659316469597414)
('delinq_2yrs', 0.00057576019566196528)
('term', 0.0018807007108859282)
('verification_status', 0.003706848548824495)
('mths_since_last_record', 0.0037522117829587266)
('loan_amnt', 0.0040064133809723226)
('even_loan_amnt', 0.0049384866773360446)
('purpose', 0.0049850912764216812)
('home_ownership', 0.011701760457548352)
('open_acc', 0.013960689340211854)
('inq_last_6mths', 0.014315933346927925)
('int_pymt', 0.019989231969565448)
('total_acc', 0.020395504146604161)
('mths_since_last_delinq', 0.022009701873558239)
('revol_bal', 0.025981597194621994)
('installment', 0.027112559969071307)
('dti', 0.029068570939639403)
('tok4_capitalization_log_odds', 0.030014152618795458)
('emp_length', 0.031903446150567526)
('revol_util', 0.032384378078741151)
('clean_title_rank', 0.033659719382280164)
('revol_bal_pct_inc', 0.033891671622046045)
('revol_bal-loan', 0.034555958027846272)
('credit_length', 0.035394462536277239)
('int_pct_inc', 0.037194803507910823)
('annual_inc', 0.038438224257125203)
('urate', 0.040666554112170357)
('pct_med_inc', 0.040668460016976132)
('pymt_pct_inc', 0.047495857665452217)
('tok4_clean_title_log_odds', 0.048132827169632984)
('sub_grade', 0.091590289728897739)
('int_rate', 0.21535154014977487)


Forest Parameters
oob_score: False
n_jobs: 8
verbose: 0
min_density: None
compute_importances: None
max_leaf_nodes: None
bootstrap: True
min_samples_leaf: 150
n_estimators: 400
min_samples_split: 2
random_state: None
criterion: mse
max_features: auto
max_depth: None
