OOS Cutoff = 2015-01-01
Int Range: [0,7]
  LAlpha  UAlpha     ROE    DExp    DAct    Rate     Num
  -21.08    4.59    5.42    2.39    1.06    6.48     526
    4.59    4.95    5.55    1.63    0.88    6.42     525
    4.95    5.17    5.15    1.31    1.22    6.37     526
    5.17    5.34    6.10    1.13    0.29    6.38     525
    5.34    5.48    5.84    1.03    0.60    6.44     525
    5.48    5.62    5.85    0.91    0.62    6.47     526
    5.62    5.76    6.03    0.90    0.56    6.59     525
    5.76    5.92    6.03    0.83    0.64    6.67     526
    5.92    6.11    6.47    0.74    0.28    6.75     525
    6.11    6.69    5.83    0.63    1.10    6.94     525

Int Range: [7,10]
  LAlpha  UAlpha     ROE    DExp    DAct    Rate     Num
    1.36    4.68    5.11    4.43    3.39    8.50    1155
    4.68    5.19    5.50    3.40    2.86    8.36    1155
    5.19    5.55    6.63    3.04    1.79    8.42    1155
    5.55    5.84    5.62    2.69    2.77    8.39    1154
    5.84    6.09    6.16    2.41    2.22    8.38    1155
    6.09    6.34    6.69    2.18    1.70    8.40    1155
    6.34    6.59    6.85    1.99    1.61    8.46    1154
    6.59    6.88    6.69    1.85    1.90    8.59    1155
    6.88    7.28    7.44    1.81    1.43    8.87    1155
    7.28    8.95    8.36    1.68    0.98    9.34    1154

Int Range: [10,12]
  LAlpha  UAlpha     ROE    DExp    DAct    Rate     Num
   -0.20    5.22    5.52    7.23    5.92   11.44     908
    5.22    5.99    7.12    5.71    4.22   11.34     907
    5.99    6.55    7.01    5.04    4.32   11.33     908
    6.55    6.98    6.51    4.48    4.75   11.25     907
    6.98    7.37    7.10    4.08    4.16   11.26     908
    7.37    7.73    8.92    3.69    2.33   11.25     907
    7.73    8.09    7.94    3.35    3.32   11.26     908
    8.09    8.46    8.04    2.98    3.22   11.26     907
    8.46    8.94    8.49    2.59    2.79   11.28     908
    8.94   10.56    7.70    2.11    3.76   11.46     907

Int Range: [12,13.5]
  LAlpha  UAlpha     ROE    DExp    DAct    Rate     Num
   -0.02    4.27    5.82    9.40    6.92   12.73     816
    4.27    5.14    6.69    7.99    6.04   12.72     816
    5.14    5.79    6.85    7.21    5.84   12.69     816
    5.79    6.33    7.31    6.60    5.35   12.66     816
    6.33    6.83    7.02    6.10    5.66   12.68     816
    6.83    7.31    7.40    5.62    5.30   12.70     816
    7.31    7.82    6.60    5.13    6.10   12.70     816
    7.82    8.38    8.82    4.63    3.89   12.71     816
    8.38    9.08    8.77    4.01    3.94   12.71     816
    9.08   11.35    9.24    3.11    3.55   12.79     816

Int Range: [13.5,15]
  LAlpha  UAlpha     ROE    DExp    DAct    Rate     Num
   -0.87    4.31    5.56   10.77    8.59   14.15     851
    4.31    5.17    6.34    9.48    7.91   14.24     850
    5.17    5.89    7.21    8.71    7.04   14.25     850
    5.89    6.52    7.32    8.08    6.96   14.27     851
    6.52    7.09    8.21    7.43    6.03   14.24     850
    7.09    7.68    8.97    6.87    5.29   14.26     850
    7.68    8.30    8.35    6.28    5.91   14.26     851
    8.30    9.01    8.89    5.65    5.41   14.31     850
    9.01    9.92    9.44    4.87    4.85   14.30     850
    9.92   12.75    8.90    3.75    5.54   14.43     850

Int Range: [15,17]
  LAlpha  UAlpha     ROE    DExp    DAct    Rate     Num
   -7.82    1.51    1.74   16.52   14.34   16.08     631
    1.51    3.25    5.42   13.58   10.63   16.05     631
    3.25    4.38   -0.07   12.22   16.15   16.07     630
    4.38    5.29    5.81   11.23   10.26   16.07     631
    5.29    6.08    7.47   10.37    8.58   16.05     630
    6.08    6.80    6.83    9.61    9.20   16.03     631
    6.80    7.56    8.02    8.85    8.00   16.02     631
    7.56    8.45    8.31    8.04    7.73   16.04     630
    8.45    9.55    8.03    7.09    8.01   16.04     631
    9.55   13.03    9.79    5.64    6.27   16.05     630

Int Range: [17,20]
  LAlpha  UAlpha     ROE    DExp    DAct    Rate     Num
  -11.31   -1.09   -2.26   22.44   21.14   18.88     686
   -1.09    1.25    0.77   18.36   17.79   18.57     686
    1.25    2.80    3.26   16.42   15.19   18.45     686
    2.80    3.97    4.35   14.86   13.93   18.28     685
    3.97    5.05    3.09   13.71   15.15   18.24     686
    5.05    6.04    4.50   12.68   13.72   18.22     686
    6.04    7.04    5.97   11.62   12.19   18.16     685
    7.04    8.15    4.76   10.62   13.42   18.18     686
    8.15    9.46    6.84    9.37   11.28   18.13     686
    9.46   13.70    8.91    7.52    9.24   18.15     685

Int Range: [20,30]
  LAlpha  UAlpha     ROE    DExp    DAct    Rate     Num
  -12.82   -6.12   -7.62   31.50   31.10   23.48     311
   -6.12   -4.06   -4.79   28.22   27.97   23.18     311
   -4.06   -2.25   -3.45   26.43   26.74   23.29     311
   -2.25   -0.73    3.07   24.62   20.09   23.15     311
   -0.73    0.73   -2.73   23.22   25.97   23.24     311
    0.73    2.12    4.59   21.75   18.56   23.15     311
    2.12    3.50   -0.54   20.26   23.60   23.05     311
    3.50    5.37    7.42   18.39   15.38   22.81     311
    5.37    7.69    7.39   16.34   15.42   22.80     311
    7.69   15.97    4.87   12.94   18.07   22.94     310


MinAlpha	ROE	Count
-5	6.41	58191
-4	6.48	57926
-3	6.52	57603
-2	6.58	57215
-1	6.63	56749
0	6.70	56154
1	6.78	55371
2	6.84	54316
3	6.91	52844
4	7.09	50106
5	7.28	43972
6	7.72	31966
7	8.12	20286
8	8.53	11506
9	8.85	5436
10	9.56	2048
11	9.87	652
12	8.60	146
13	6.18	37
14	16.06	9
15	12.02	3

Forest Importance
('purpose', 0.0016440849211488088)
('even_loan_amnt', 0.0029213881764858906)
('term', 0.0056544790193156294)
('loan_amnt', 0.0057008561026763117)
('total_acc', 0.013654758283035013)
('installment', 0.017399938526501121)
('clean_title_rank', 0.017519845668623989)
('urate', 0.018195016315992324)
('annual_inc', 0.019163548838306267)
('revol_util', 0.019298984694229152)
('urate_chg', 0.019487902325415422)
('home_ownership', 0.020168202621046526)
('int_pct_inc', 0.020865987786844401)
('revol_bal_pct_inc', 0.020918347406108671)
('pct_med_inc', 0.021028729101196731)
('revol_bal-loan', 0.021115008275214901)
('emp_length', 0.021514640123510724)
('hpa4', 0.026127078194073897)
('credit_length', 0.027708876342557733)
('caploC', 0.032812577009488385)
('dti', 0.033585201440467997)
('pymt_pct_inc', 0.041401627618483212)
('ctloC', 0.055497310578013714)
('sub_grade', 0.51661561063126316)


Forest Parameters
oob_score: False
n_jobs: 8
verbose: 0
min_density: None
compute_importances: None
max_leaf_nodes: None
bootstrap: True
min_samples_leaf: 400
n_estimators: 200
min_samples_split: 2
random_state: None
criterion: mse
max_features: auto
max_depth: None
