OOS Cutoff = 2014-02-01 00:00:00
Int Range: [0,7]
  LAlpha  UAlpha     ROE    DExp    DAct    Rate     Num
   -0.98    3.68    4.10    3.25    2.16    6.26     215
    3.68    4.23    4.80    2.26    1.46    6.26     215
    4.23    4.56    5.88    1.87    0.40    6.28     215
    4.56    4.80    5.33    1.56    0.92    6.25     215
    4.80    5.00    6.29    1.38    0.00    6.29     215
    5.00    5.19    5.79    1.22    0.53    6.32     215
    5.19    5.36    6.28    1.01    0.00    6.28     215
    5.36    5.57    5.33    0.91    1.05    6.38     215
    5.57    5.85    5.56    0.79    0.93    6.49     215
    5.85    6.44    6.20    0.56    0.40    6.60     215

Int Range: [7,10]
  LAlpha  UAlpha     ROE    DExp    DAct    Rate     Num
    0.31    5.09    5.49    4.09    2.82    8.31    1061
    5.09    5.73    6.36    2.77    1.85    8.21    1060
    5.73    6.17    6.85    2.25    1.35    8.21    1061
    6.17    6.49    6.44    1.94    1.83    8.28    1060
    6.49    6.77    7.12    1.73    1.24    8.36    1060
    6.77    7.03    7.05    1.53    1.39    8.43    1061
    7.03    7.35    7.44    1.46    1.21    8.65    1060
    7.35    7.74    6.95    1.45    2.03    8.98    1061
    7.74    8.20    7.81    1.28    1.43    9.25    1060
    8.20    9.44    7.62    0.89    1.83    9.46    1060

Int Range: [10,12]
  LAlpha  UAlpha     ROE    DExp    DAct    Rate     Num
   -1.14    6.37    6.68    6.17    4.55   11.23     823
    6.37    7.37    7.86    4.23    3.31   11.17     822
    7.37    7.94    9.03    3.52    2.17   11.20     822
    7.94    8.35    7.53    3.08    3.69   11.23     823
    8.35    8.71    8.38    2.73    2.88   11.26     822
    8.71    9.07    8.58    2.45    2.76   11.34     822
    9.07    9.40    9.16    2.19    2.26   11.42     823
    9.40    9.78    8.99    1.94    2.53   11.53     822
    9.78   10.26    9.23    1.63    2.40   11.63     822
   10.26   11.76    9.70    1.18    2.16   11.85     822

Int Range: [12,13.5]
  LAlpha  UAlpha     ROE    DExp    DAct    Rate     Num
   -3.73    6.82    7.07    7.57    5.78   12.86     873
    6.82    7.91    7.16    5.41    5.68   12.84     873
    7.91    8.56    7.57    4.55    5.23   12.80     873
    8.56    9.02    7.49    4.01    5.32   12.81     873
    9.02    9.43    8.64    3.58    4.17   12.81     873
    9.43    9.78    9.38    3.19    3.41   12.79     873
    9.78   10.13    9.85    2.83    2.93   12.78     873
   10.13   10.49   10.46    2.48    2.32   12.79     873
   10.49   10.93    8.88    2.10    3.91   12.79     873
   10.93   12.33   10.22    1.52    2.62   12.84     872

Int Range: [13.5,15]
  LAlpha  UAlpha     ROE    DExp    DAct    Rate     Num
   -3.72    5.62    5.66   10.11    8.64   14.30    1265
    5.62    6.91    8.08    7.94    6.19   14.27    1264
    6.91    7.78    6.51    6.88    7.72   14.24    1265
    7.78    8.48    7.40    6.08    6.81   14.22    1264
    8.48    9.05    8.32    5.44    5.89   14.21    1265
    9.05    9.57    9.95    4.90    4.27   14.22    1264
    9.57   10.09   10.37    4.39    3.83   14.20    1265
   10.09   10.64    9.55    3.84    4.64   14.19    1264
   10.64   11.33   10.91    3.23    3.30   14.21    1265
   11.33   13.80   11.32    2.36    2.95   14.27    1264

Int Range: [15,17]
  LAlpha  UAlpha     ROE    DExp    DAct    Rate     Num
   -8.88    4.29    5.30   13.88   10.85   16.15    1096
    4.29    5.98    7.28   10.82    8.74   16.02    1096
    5.98    7.06    8.23    9.42    7.73   15.96    1095
    7.06    7.98    9.06    8.37    6.86   15.91    1096
    7.98    8.72    9.14    7.52    6.74   15.87    1095
    8.72    9.41    9.13    6.80    6.73   15.86    1096
    9.41   10.08   11.66    6.15    4.23   15.89    1096
   10.08   10.78   10.88    5.40    4.93   15.82    1095
   10.78   11.57   11.29    4.65    4.51   15.80    1096
   11.57   14.17   11.79    3.55    4.03   15.82    1095

Int Range: [17,20]
  LAlpha  UAlpha     ROE    DExp    DAct    Rate     Num
   -9.60    2.99    0.49   17.80   18.05   18.53    1038
    2.99    5.07    5.88   14.44   12.64   18.52    1038
    5.07    6.51    7.48   12.71   11.05   18.53    1038
    6.51    7.61    8.19   11.48   10.37   18.56    1038
    7.61    8.60   10.37   10.45    8.20   18.57    1038
    8.60    9.50    7.89    9.53   10.69   18.58    1038
    9.50   10.40    8.25    8.63   10.35   18.60    1038
   10.40   11.37   12.04    7.74    6.59   18.63    1038
   11.37   12.61   11.16    6.72    7.52   18.68    1038
   12.61   17.67   13.26    5.30    5.70   18.97    1038

Int Range: [20,30]
  LAlpha  UAlpha     ROE    DExp    DAct    Rate     Num
  -13.80   -0.05   -5.43   27.08   29.00   23.57     622
   -0.05    2.89   -0.86   21.41   23.81   22.95     622
    2.89    4.92    3.75   18.59   18.83   22.57     621
    4.92    6.49    8.68   16.76   13.82   22.50     622
    6.49    7.90    6.64   15.04   15.62   22.26     621
    7.90    9.19    5.94   13.70   16.30   22.24     622
    9.19   10.47    8.43   12.23   13.65   22.08     622
   10.47   11.73    8.25   10.97   13.77   22.02     621
   11.73   13.39   10.32    9.67   11.85   22.17     622
   13.39   20.73   13.44    7.61    9.08   22.53     621


MinAlpha	ROE	Count
-5	8.19	69734
-4	8.22	69660
-3	8.25	69527
-2	8.29	69374
-1	8.31	69140
0	8.33	68837
1	8.37	68361
2	8.45	67628
3	8.54	66509
4	8.63	64575
5	8.80	61026
6	9.03	55230
7	9.30	47214
8	9.67	37905
9	10.26	27610
10	10.69	17265
11	11.51	8643
12	12.10	3764
13	12.82	1671
14	13.97	787
15	13.08	352

Forest Importance
('term', 3.7970602306728375e-05)
('pub_rec', 0.00019928478431511111)
('delinq_2yrs', 0.00075096139989896341)
('mths_since_last_record', 0.0031084909863528369)
('verification_status', 0.0042694150807554608)
('loan_amnt', 0.0050343576491543437)
('even_loan_amnt', 0.0054118474088163497)
('purpose', 0.005849305553564289)
('home_ownership', 0.010592520132403032)
('inq_last_6mths', 0.013202402038680706)
('open_acc', 0.017104360332214259)
('int_pymt', 0.021835145176146365)
('mths_since_last_delinq', 0.022598510442323205)
('total_acc', 0.023784837101168375)
('installment', 0.026566195808802342)
('dti', 0.027766606363291028)
('revol_bal', 0.028072280958317059)
('emp_length', 0.030246959034721733)
('revol_util', 0.030982849801755759)
('annual_inc', 0.032626225733731765)
('tok4_capitalization_log_odds', 0.032805007624308942)
('int_pct_pymt', 0.032818735688609588)
('credit_length', 0.035562554945487046)
('revol_bal-loan', 0.037100082115818667)
('clean_title_rank', 0.037450282340433391)
('pct_med_inc', 0.038134094352770903)
('revol_bal_pct_inc', 0.039561174321097438)
('pymt_pct_inc', 0.048473930062667467)
('int_pct_inc', 0.05066944828529947)
('urate', 0.051395360245876189)
('tok4_clean_title_log_odds', 0.051824932631450583)
('sub_grade', 0.10045087445915046)
('int_rate', 0.13371299653831012)


Forest Parameters
oob_score: False
n_jobs: 8
verbose: 0
min_density: None
compute_importances: None
max_leaf_nodes: None
bootstrap: True
min_samples_leaf: 100
n_estimators: 400
min_samples_split: 2
random_state: None
criterion: mse
max_features: auto
max_depth: None
