OOS Cutoff = 2014-10-01 00:00:00
Int Range: [0,7]
  LAlpha  UAlpha     ROE    DExp    DAct    Rate     Num
   -9.81    4.52    4.57    2.40    1.68    6.25     393
    4.52    4.96    5.62    1.55    0.69    6.31     392
    4.96    5.24    5.46    1.20    0.85    6.31     393
    5.24    5.44    5.78    0.90    0.47    6.24     392
    5.44    5.60    5.17    0.71    1.07    6.24     393
    5.60    5.75    5.51    0.60    0.76    6.27     392
    5.75    5.87    5.21    0.49    1.09    6.29     393
    5.87    6.03    5.76    0.51    0.69    6.45     392
    6.03    6.24    4.88    0.45    1.70    6.58     393
    6.24    6.92    6.29    0.34    0.49    6.78     392

Int Range: [7,10]
  LAlpha  UAlpha     ROE    DExp    DAct    Rate     Num
   -1.21    4.68    6.54    4.29    1.68    8.22    1106
    4.68    5.29    5.88    3.16    2.29    8.17    1106
    5.29    5.70    5.80    2.63    2.33    8.13    1106
    5.70    6.00    6.33    2.31    1.84    8.17    1106
    6.00    6.27    6.98    1.96    1.12    8.10    1106
    6.27    6.50    6.75    1.64    1.27    8.02    1106
    6.50    6.74    6.51    1.41    1.52    8.03    1106
    6.74    7.01    7.28    1.38    0.97    8.25    1106
    7.01    7.45    7.21    1.45    1.45    8.66    1106
    7.45    8.95    8.04    1.25    1.06    9.10    1105

Int Range: [10,12]
  LAlpha  UAlpha     ROE    DExp    DAct    Rate     Num
   -0.82    5.48    7.83    6.63    3.26   11.09    1021
    5.48    6.35    7.99    5.03    3.00   10.98    1020
    6.35    6.89    7.14    4.36    3.86   11.00    1020
    6.89    7.38    8.45    3.88    2.58   11.03    1020
    7.38    7.77    8.44    3.48    2.62   11.06    1020
    7.77    8.14    8.28    3.11    2.80   11.08    1021
    8.14    8.50    8.36    2.78    2.74   11.10    1020
    8.50    8.91    8.57    2.38    2.52   11.09    1020
    8.91    9.39    9.13    2.07    2.08   11.21    1020
    9.39   11.12    9.71    1.64    1.77   11.48    1020

Int Range: [12,13.5]
  LAlpha  UAlpha     ROE    DExp    DAct    Rate     Num
   -3.36    4.85    6.27    9.32    6.63   12.90    1024
    4.85    5.84    7.06    7.49    5.82   12.88    1024
    5.84    6.58    7.70    6.62    5.16   12.86    1024
    6.58    7.18    8.42    5.98    4.45   12.88    1023
    7.18    7.72    8.79    5.42    4.07   12.86    1024
    7.72    8.20    8.18    4.90    4.68   12.86    1024
    8.20    8.69    9.66    4.42    3.20   12.86    1023
    8.69    9.22    9.05    3.95    3.85   12.90    1024
    9.22    9.85    9.29    3.40    3.62   12.91    1024
    9.85   11.97   10.94    2.55    2.03   12.98    1023

Int Range: [13.5,15]
  LAlpha  UAlpha     ROE    DExp    DAct    Rate     Num
   -4.00    4.47    5.54   11.33    8.87   14.40    1033
    4.47    5.70    6.43    9.25    7.96   14.39    1033
    5.70    6.58    7.99    8.23    6.39   14.38    1033
    6.58    7.27    7.06    7.43    7.31   14.37    1033
    7.27    7.94    6.52    6.78    7.86   14.38    1033
    7.94    8.53    8.43    6.15    5.96   14.39    1033
    8.53    9.13    7.97    5.56    6.42   14.39    1033
    9.13    9.78    8.67    4.93    5.70   14.38    1033
    9.78   10.63    8.18    4.20    6.21   14.39    1033
   10.63   13.23   10.89    3.19    3.62   14.50    1032

Int Range: [15,17]
  LAlpha  UAlpha     ROE    DExp    DAct    Rate     Num
  -11.83    3.15    4.46   15.21   11.81   16.26     727
    3.15    4.71    6.34   12.14    9.81   16.14     726
    4.71    5.72    6.23   10.88    9.89   16.11     726
    5.72    6.60    6.11    9.94   10.01   16.12     726
    6.60    7.36    7.07    9.18    9.09   16.16     726
    7.36    8.09    8.59    8.38    7.52   16.11     726
    8.09    8.82    7.51    7.67    8.60   16.11     726
    8.82    9.61    9.48    6.90    6.63   16.11     726
    9.61   10.61    9.43    6.03    6.68   16.11     726
   10.61   13.75   11.37    4.72    4.79   16.15     726

Int Range: [17,20]
  LAlpha  UAlpha     ROE    DExp    DAct    Rate     Num
  -12.56    0.58    0.55   21.02   18.27   18.82     669
    0.58    2.74    3.71   16.78   14.77   18.48     668
    2.74    4.28    7.08   14.87   11.35   18.43     668
    4.28    5.57    6.62   13.42   11.75   18.37     668
    5.57    6.59    5.83   12.25   12.50   18.33     668
    6.59    7.53    4.86   11.31   13.50   18.36     669
    7.53    8.46    6.58   10.32   11.73   18.31     668
    8.46    9.40    8.87    9.33    9.38   18.25     668
    9.40   10.55    8.99    8.38    9.34   18.32     668
   10.55   15.99    9.67    6.67    8.68   18.35     668

Int Range: [20,30]
  LAlpha  UAlpha     ROE    DExp    DAct    Rate     Num
  -14.00   -5.47   -5.91   30.98   29.11   23.20     406
   -5.47   -2.57    3.46   26.99   19.62   23.08     405
   -2.57   -0.65    6.24   24.32   16.53   22.77     405
   -0.65    1.13   -2.66   22.31   25.29   22.62     406
    1.13    3.03    4.89   20.66   17.89   22.78     405
    3.03    4.58    4.95   18.73   17.57   22.52     405
    4.58    6.00    4.01   17.18   18.45   22.46     406
    6.00    7.71    1.96   15.41   20.33   22.30     405
    7.71    9.69    6.68   13.64   15.59   22.27     405
    9.69   17.88    9.19   10.88   13.22   22.41     405


MinAlpha	ROE	Count
-5	7.32	63214
-4	7.33	63018
-3	7.36	62764
-2	7.37	62478
-1	7.38	62109
0	7.43	61596
1	7.49	60963
2	7.56	60092
3	7.60	58820
4	7.67	56400
5	7.81	51552
6	8.15	41892
7	8.56	30284
8	9.04	20507
9	9.52	11750
10	10.21	5383
11	11.09	1998
12	10.90	576
13	11.92	146
14	15.11	51
15	19.22	22

Forest Importance
('pub_rec', 0.0016417211561519753)
('delinq_2yrs', 0.0019126275521253674)
('term', 0.002228141066446762)
('verification_status', 0.0048397619018751264)
('even_loan_amnt', 0.0051259564413972235)
('purpose', 0.0051466683102261738)
('loan_amnt', 0.011925629464453137)
('inq_last_6mths', 0.014184817617767241)
('open_acc', 0.014288985313711233)
('home_ownership', 0.016151856656892664)
('int_pymt', 0.019648895581552535)
('installment', 0.023059914543883727)
('total_acc', 0.024141198551774781)
('emp_length', 0.02618296786658041)
('revol_bal', 0.026973600501293164)
('dti', 0.030754634911809381)
('annual_inc', 0.030853371693016256)
('revol_util', 0.031243084049083544)
('tok4_capitalization_log_odds', 0.031373770315366374)
('revol_bal_pct_inc', 0.032655875729121063)
('pct_med_inc', 0.035546339601288161)
('revol_bal-loan', 0.035579125304024448)
('int_pct_inc', 0.038584992645518519)
('urate', 0.039343505178541432)
('pymt_pct_inc', 0.049082350059206761)
('credit_length', 0.057515525768697617)
('tok4_clean_title_log_odds', 0.060986912203428695)
('int_rate', 0.13342199202955615)
('sub_grade', 0.19560577798521014)


Forest Parameters
oob_score: False
n_jobs: 8
verbose: 0
min_density: None
compute_importances: None
max_leaf_nodes: None
bootstrap: True
min_samples_leaf: 150
n_estimators: 400
min_samples_split: 2
random_state: None
criterion: mse
max_features: auto
max_depth: None
