OOS Cutoff = 2014-03-01 00:00:00
Int Range: [0,7]
  LAlpha  UAlpha     ROE    DExp    DAct    Rate     Num
   -0.09    3.68    5.17    3.54    1.21    6.38      94
    3.68    4.22    6.31    2.31    0.00    6.31      94
    4.22    4.60    6.34    1.91    0.00    6.34      94
    4.60    4.90    6.05    1.57    0.28    6.33      93
    4.90    5.13    6.30    1.29    0.00    6.30      94
    5.13    5.31    5.13    1.12    1.21    6.34      94
    5.31    5.49    6.38    1.00    0.00    6.38      93
    5.49    5.71    6.38    0.79    0.00    6.38      94
    5.71    5.96    6.53    0.71    0.00    6.53      94
    5.96    6.55    5.70    0.48    0.92    6.62      93

Int Range: [7,10]
  LAlpha  UAlpha     ROE    DExp    DAct    Rate     Num
   -1.14    5.06    6.32    4.25    2.02    8.34     547
    5.06    5.78    7.27    2.87    1.05    8.32     546
    5.78    6.22    6.61    2.31    1.72    8.33     546
    6.22    6.58    7.81    1.92    0.52    8.33     547
    6.58    6.88    6.61    1.67    1.80    8.41     546
    6.88    7.14    7.04    1.49    1.45    8.50     546
    7.14    7.46    8.14    1.35    0.51    8.65     547
    7.46    7.85    8.07    1.52    1.09    9.16     546
    7.85    8.27    7.75    1.27    1.57    9.31     546
    8.27    9.47    8.55    0.91    0.95    9.50     546

Int Range: [10,12]
  LAlpha  UAlpha     ROE    DExp    DAct    Rate     Num
    2.00    6.73    9.42    5.75    1.93   11.35     374
    6.73    7.67    8.69    4.09    2.68   11.37     374
    7.67    8.21   10.41    3.44    0.97   11.39     374
    8.21    8.62    9.56    2.98    1.85   11.41     374
    8.62    8.92    9.58    2.67    1.87   11.46     374
    8.92    9.25    9.45    2.42    2.05   11.51     374
    9.25    9.57    9.99    2.14    1.55   11.54     374
    9.57    9.92    8.35    1.87    3.26   11.62     374
    9.92   10.37   10.05    1.61    1.70   11.75     374
   10.37   11.53   11.33    1.18    0.60   11.93     374

Int Range: [12,13.5]
  LAlpha  UAlpha     ROE    DExp    DAct    Rate     Num
    0.70    6.87    8.67    7.09    4.17   12.85     436
    6.87    7.82    7.93    5.47    4.92   12.85     436
    7.82    8.42    9.90    4.66    2.90   12.80     436
    8.42    8.89   10.60    4.10    2.16   12.76     436
    8.89    9.32    9.69    3.64    3.05   12.74     436
    9.32    9.70    9.95    3.21    2.77   12.72     436
    9.70   10.03   10.06    2.84    2.65   12.71     436
   10.03   10.42   10.97    2.49    1.74   12.71     436
   10.42   10.88   10.85    2.09    1.87   12.73     436
   10.88   12.29   10.68    1.46    2.03   12.71     436

Int Range: [13.5,15]
  LAlpha  UAlpha     ROE    DExp    DAct    Rate     Num
    0.24    6.33    7.97    9.12    6.23   14.20     628
    6.33    7.39   10.24    7.27    3.93   14.17     627
    7.39    8.21    9.70    6.31    4.43   14.13     628
    8.21    8.87    9.73    5.59    4.41   14.15     627
    8.87    9.44    9.70    4.97    4.43   14.13     628
    9.44    9.94    9.58    4.45    4.56   14.14     627
    9.94   10.45   11.17    3.92    2.96   14.13     628
   10.45   10.92    9.25    3.49    4.93   14.18     627
   10.92   11.55   11.01    2.94    3.16   14.17     628
   11.55   13.53   11.61    2.22    2.68   14.29     627

Int Range: [15,17]
  LAlpha  UAlpha     ROE    DExp    DAct    Rate     Num
   -5.58    5.79    7.82   11.82    8.15   15.97     581
    5.79    7.20    9.52    9.32    6.35   15.86     581
    7.20    8.16    9.96    8.11    5.82   15.79     581
    8.16    8.96    8.97    7.20    6.80   15.77     581
    8.96    9.68   11.04    6.46    4.74   15.79     581
    9.68   10.30   10.12    5.77    5.63   15.75     581
   10.30   10.89   11.85    5.18    3.91   15.76     581
   10.89   11.52   11.53    4.52    4.19   15.72     581
   11.52   12.23   13.12    3.86    2.61   15.73     581
   12.23   15.05   13.30    2.97    2.49   15.79     580

Int Range: [17,20]
  LAlpha  UAlpha     ROE    DExp    DAct    Rate     Num
   -9.06    3.21    6.67   17.97   11.88   18.55     568
    3.21    5.40    8.94   14.18    9.64   18.58     567
    5.40    6.97   10.08   12.35    8.50   18.58     568
    6.97    8.18   10.41   11.00    8.19   18.60     567
    8.18    9.14   11.39    9.90    7.21   18.60     567
    9.14    9.98   11.59    9.08    7.05   18.65     568
    9.98   10.88   11.65    8.21    7.00   18.65     567
   10.88   11.76   13.83    7.41    4.89   18.72     568
   11.76   12.88   13.55    6.43    5.18   18.73     567
   12.88   17.17   14.22    5.29    4.86   19.09     567

Int Range: [20,30]
  LAlpha  UAlpha     ROE    DExp    DAct    Rate     Num
  -14.09   -0.22    0.15   27.47   23.26   23.41     330
   -0.22    3.38    9.15   20.84   13.51   22.66     329
    3.38    5.73    9.80   18.06   12.85   22.65     330
    5.73    7.31   12.74   15.91    9.75   22.49     329
    7.31    8.66   10.78   14.34   11.55   22.33     329
    8.66    9.78   10.56   12.87   11.57   22.13     330
    9.78   10.92    9.67   11.88   12.59   22.25     329
   10.92   12.07    8.32   10.50   13.73   22.04     330
   12.07   13.50   10.02    9.26   12.02   22.04     329
   13.50   19.78   14.67    7.69    7.88   22.55     329


MinAlpha	ROE	Count
-5	9.78	35433
-4	9.80	35385
-3	9.82	35324
-2	9.84	35253
-1	9.85	35155
0	9.87	35017
1	9.86	34866
2	9.89	34588
3	9.92	34152
4	9.93	33394
5	10.02	31980
6	10.21	29431
7	10.48	25700
8	10.75	21096
9	11.18	15945
10	11.63	10585
11	12.27	5787
12	13.00	2768
13	13.48	1140
14	14.87	450
15	13.75	166

Forest Importance
('pub_rec', 0.00023769578976889607)
('delinq_2yrs', 0.0014052439062514199)
('term', 0.0016303055308509388)
('is_inc_v', 0.002962734006302723)
('mths_since_last_record', 0.0030186407055858128)
('loan_amnt', 0.0035317463358064565)
('purpose', 0.0041443698811387012)
('even_loan_amnt', 0.0041814945038899168)
('mod_rate', 0.0070217470075777779)
('home_ownership', 0.0075622629602185906)
('inq_last_6mths', 0.0092782953266256681)
('open_acc', 0.010428201592919352)
('fico_range_low', 0.014372903557829947)
('tok4_capitalization_log_odds', 0.015902936805701835)
('total_acc', 0.016609043965134351)
('mths_since_last_delinq', 0.016688805276026213)
('clean_title_rank', 0.016988843823154961)
('int_pymt', 0.0169972372949019)
('emp_title_rank', 0.018043991120587969)
('installment', 0.020147941528233418)
('annual_inc', 0.020415435468602611)
('revol_bal', 0.020433724297280059)
('zip_code', 0.022588049925228268)
('urate', 0.023213123666817329)
('revol_util', 0.023230215211399566)
('emp_length', 0.024337812592181061)
('dti', 0.024547740281284893)
('avg_urate', 0.025191547283361451)
('pct_med_inc', 0.025252183547683538)
('short_title_rank', 0.02721950640386003)
('med_inc', 0.027426877157579934)
('urate_chg', 0.027669668544599717)
('revol_bal_pct_inc', 0.028633874313039254)
('credit_length', 0.028712912824670846)
('hpa4', 0.028954131485252884)
('revol_bal-loan', 0.029941169919498484)
('urate_range', 0.030289496004676116)
('pymt_pct_inc', 0.047102732926787495)
('sub_grade', 0.055296732900411837)
('tok4_clean_title_log_odds', 0.08098649478920697)
('int_rate', 0.18740212953807084)


Forest Parameters
oob_score: False
n_jobs: 8
verbose: 0
min_density: None
compute_importances: None
max_leaf_nodes: None
bootstrap: True
min_samples_leaf: 100
n_estimators: 400
min_samples_split: 2
random_state: None
criterion: mse
max_features: auto
max_depth: None
