OOS Cutoff = 2014-03-01 00:00:00
Int Range: [0,7]
  LAlpha  UAlpha     ROE    DExp    DAct    Rate     Num
   -0.56    3.76    4.22    3.31    2.08    6.29     169
    3.76    4.37    4.70    2.12    1.52    6.22     169
    4.37    4.72    5.79    1.75    0.51    6.30     168
    4.72    4.94    6.14    1.47    0.16    6.30     169
    4.94    5.16    6.30    1.25    0.00    6.30     168
    5.16    5.36    5.46    1.03    0.83    6.29     169
    5.36    5.53    5.08    0.82    1.18    6.26     169
    5.53    5.71    6.35    0.74    0.00    6.35     168
    5.71    5.96    5.95    0.63    0.51    6.46     169
    5.96    6.49    6.08    0.45    0.51    6.59     168

Int Range: [7,10]
  LAlpha  UAlpha     ROE    DExp    DAct    Rate     Num
    0.10    5.06    5.46    4.03    2.81    8.26     812
    5.06    5.76    5.94    2.87    2.38    8.31     811
    5.76    6.18    6.77    2.30    1.51    8.29     811
    6.18    6.51    7.01    1.98    1.32    8.33     811
    6.51    6.79    7.12    1.69    1.22    8.34     811
    6.79    7.07    7.05    1.45    1.34    8.38     811
    7.07    7.34    7.49    1.33    1.04    8.53     811
    7.34    7.72    7.39    1.39    1.52    8.91     811
    7.72    8.17    7.60    1.24    1.58    9.18     811
    8.17    9.40    7.33    0.90    2.10    9.44     811

Int Range: [10,12]
  LAlpha  UAlpha     ROE    DExp    DAct    Rate     Num
    0.68    6.48    7.47    5.74    3.65   11.13     644
    6.48    7.36    7.84    4.17    3.28   11.13     643
    7.36    7.90    7.72    3.52    3.44   11.16     643
    7.90    8.31    8.16    3.08    3.03   11.19     643
    8.31    8.67    8.33    2.77    2.94   11.26     643
    8.67    8.99    8.82    2.49    2.50   11.32     644
    8.99    9.30    8.56    2.21    2.78   11.34     643
    9.30    9.68    9.09    1.99    2.39   11.48     643
    9.68   10.15   10.08    1.69    1.51   11.59     643
   10.15   11.52    9.23    1.23    2.58   11.82     643

Int Range: [12,13.5]
  LAlpha  UAlpha     ROE    DExp    DAct    Rate     Num
   -3.72    6.56    6.42    7.62    6.49   12.91     736
    6.56    7.50    8.99    5.79    3.89   12.87     735
    7.50    8.19    6.72    4.98    6.12   12.84     736
    8.19    8.69    7.39    4.37    5.42   12.82     735
    8.69    9.12    8.37    3.88    4.42   12.79     735
    9.12    9.53    8.57    3.44    4.20   12.77     736
    9.53    9.89    9.99    3.07    2.79   12.78     735
    9.89   10.26   10.47    2.69    2.30   12.77     736
   10.26   10.73    9.73    2.29    3.05   12.78     735
   10.73   12.34   10.31    1.69    2.52   12.83     735

Int Range: [13.5,15]
  LAlpha  UAlpha     ROE    DExp    DAct    Rate     Num
   -1.83    6.10    6.17    9.56    8.12   14.29     956
    6.10    7.20    6.17    7.54    8.07   14.24     955
    7.20    8.00    7.48    6.61    6.75   14.23     955
    8.00    8.65    7.83    5.86    6.37   14.20     955
    8.65    9.21    7.60    5.28    6.61   14.22     955
    9.21    9.76    8.77    4.72    5.44   14.21     956
    9.76   10.27   10.43    4.21    3.79   14.22     955
   10.27   10.78    9.49    3.71    4.76   14.24     955
   10.78   11.45    9.66    3.14    4.56   14.22     955
   11.45   13.74   11.64    2.34    2.70   14.34     955

Int Range: [15,17]
  LAlpha  UAlpha     ROE    DExp    DAct    Rate     Num
   -6.02    5.43    5.76   12.40   10.31   16.07     856
    5.43    6.88    6.42    9.78    9.58   15.99     856
    6.88    7.82    7.63    8.54    8.29   15.92     856
    7.82    8.58    7.12    7.69    8.78   15.90     855
    8.58    9.24    9.02    6.95    6.84   15.87     856
    9.24    9.84   10.28    6.31    5.58   15.85     856
    9.84   10.49    9.52    5.64    6.30   15.82     855
   10.49   11.14   10.97    5.00    4.84   15.81     856
   11.14   11.94   11.62    4.29    4.20   15.82     856
   11.94   15.07   12.33    3.21    3.49   15.82     855

Int Range: [17,20]
  LAlpha  UAlpha     ROE    DExp    DAct    Rate     Num
   -9.57    3.17    1.35   17.58   17.17   18.52     816
    3.17    5.15    3.91   14.27   14.62   18.53     816
    5.15    6.44    7.95   12.65   10.54   18.49     816
    6.44    7.55    7.53   11.59   11.06   18.59     816
    7.55    8.42    8.45   10.53   10.08   18.52     816
    8.42    9.34   10.57    9.76    8.06   18.63     816
    9.34   10.20   10.49    8.86    8.13   18.62     816
   10.20   11.17   11.11    8.02    7.57   18.68     816
   11.17   12.43   10.22    7.00    8.53   18.75     816
   12.43   16.60   13.53    5.47    5.40   18.93     815

Int Range: [20,30]
  LAlpha  UAlpha     ROE    DExp    DAct    Rate     Num
  -15.88    0.12   -5.82   26.85   29.49   23.67     479
    0.12    3.24    1.27   21.08   21.65   22.92     479
    3.24    5.06    1.54   18.32   21.01   22.55     479
    5.06    6.58    6.37   16.63   16.10   22.46     479
    6.58    7.90    6.97   14.90   15.18   22.15     479
    7.90    9.09    5.61   13.67   16.55   22.16     479
    9.09   10.27    7.62   12.32   14.39   22.01     479
   10.27   11.52    8.77   11.21   13.31   22.08     479
   11.52   13.06   10.81    9.87   11.32   22.13     479
   13.06   20.16   12.29    8.13   10.31   22.61     479


MinAlpha	ROE	Count
-5	8.09	54522
-4	8.11	54478
-3	8.11	54407
-2	8.12	54303
-1	8.16	54130
0	8.20	53928
1	8.23	53660
2	8.30	53222
3	8.35	52489
4	8.47	51214
5	8.62	48710
6	8.86	44255
7	9.18	37821
8	9.51	30164
9	10.22	21780
10	10.75	13578
11	11.39	6868
12	12.60	3061
13	13.13	1222
14	13.50	489
15	15.39	173

Forest Importance
('pub_rec', 0.00021233485424619478)
('delinq_2yrs', 0.00067109201347027446)
('term', 0.0019284920855306036)
('mths_since_last_record', 0.0036032741914843159)
('verification_status', 0.0042465095765156329)
('even_loan_amnt', 0.0043843133977716766)
('purpose', 0.0047639475008330193)
('loan_amnt', 0.0050733028579038122)
('home_ownership', 0.0080474835036649147)
('inq_last_6mths', 0.012755977299641275)
('open_acc', 0.015035645226294338)
('mths_since_last_delinq', 0.021433820839992578)
('total_acc', 0.02239476921567134)
('int_pymt', 0.024038596222080197)
('revol_bal', 0.02691008606447208)
('installment', 0.02734424085717882)
('tok4_capitalization_log_odds', 0.02905614621512841)
('dti', 0.029714559650091933)
('emp_length', 0.03030070794116423)
('urate', 0.032939459441096081)
('revol_util', 0.033054052279872008)
('annual_inc', 0.034429493711969676)
('short_title_rank', 0.034588264442480525)
('credit_length', 0.035139526624651869)
('revol_bal_pct_inc', 0.037139201416829144)
('revol_bal-loan', 0.037367953426803574)
('avg_urate', 0.038989834013736159)
('pct_med_inc', 0.040939684750336276)
('urate_chg', 0.041547855617644451)
('tok4_clean_title_log_odds', 0.051186322468151128)
('pymt_pct_inc', 0.059394828566827151)
('sub_grade', 0.059710688438505424)
('int_rate', 0.19165753528796084)


Forest Parameters
oob_score: False
n_jobs: 8
verbose: 0
min_density: None
compute_importances: None
max_leaf_nodes: None
bootstrap: True
min_samples_leaf: 100
n_estimators: 400
min_samples_split: 2
random_state: None
criterion: mse
max_features: auto
max_depth: None
