OOS Cutoff = 2014-10-01 00:00:00
Int Range: [0,7]
  LAlpha  UAlpha     ROE    DExp    DAct    Rate     Num
  -10.01    4.46    4.67    2.46    1.60    6.26     393
    4.46    4.91    5.06    1.62    1.26    6.32     392
    4.91    5.18    5.87    1.24    0.43    6.30     393
    5.18    5.38    5.77    0.99    0.51    6.28     392
    5.38    5.54    5.01    0.81    1.25    6.26     393
    5.54    5.68    5.48    0.67    0.80    6.28     392
    5.68    5.81    5.29    0.53    0.98    6.27     393
    5.81    5.96    5.59    0.51    0.80    6.39     392
    5.96    6.20    4.83    0.51    1.75    6.58     393
    6.20    6.93    6.27    0.37    0.51    6.77     392

Int Range: [7,10]
  LAlpha  UAlpha     ROE    DExp    DAct    Rate     Num
   -0.72    4.60    6.13    4.37    2.09    8.23    1106
    4.60    5.22    6.17    3.22    1.99    8.16    1106
    5.22    5.61    5.41    2.71    2.72    8.13    1106
    5.61    5.92    6.04    2.38    2.11    8.15    1106
    5.92    6.19    6.87    2.03    1.22    8.09    1106
    6.19    6.44    6.70    1.76    1.38    8.08    1106
    6.44    6.68    7.08    1.51    0.98    8.07    1106
    6.68    6.96    6.94    1.43    1.30    8.24    1106
    6.96    7.40    7.31    1.48    1.32    8.63    1106
    7.40    8.98    7.88    1.27    1.20    9.08    1105

Int Range: [10,12]
  LAlpha  UAlpha     ROE    DExp    DAct    Rate     Num
   -0.94    5.42    7.50    6.67    3.57   11.08    1021
    5.42    6.28    7.57    5.12    3.44   11.01    1020
    6.28    6.85    7.95    4.41    3.03   10.98    1020
    6.85    7.30    8.31    3.97    2.73   11.05    1020
    7.30    7.70    7.64    3.55    3.41   11.05    1020
    7.70    8.08    8.02    3.21    3.09   11.11    1021
    8.08    8.43    8.77    2.84    2.32   11.09    1020
    8.43    8.83    8.53    2.45    2.55   11.08    1020
    8.83    9.33    8.97    2.14    2.24   11.21    1020
    9.33   11.11    9.30    1.69    2.17   11.47    1020

Int Range: [12,13.5]
  LAlpha  UAlpha     ROE    DExp    DAct    Rate     Num
   -4.06    4.76    5.89    9.39    7.00   12.89    1024
    4.76    5.77    7.67    7.54    5.21   12.87    1024
    5.77    6.48    6.60    6.74    6.28   12.88    1024
    6.48    7.08    8.08    6.09    4.78   12.87    1023
    7.08    7.62    7.60    5.51    5.26   12.86    1024
    7.62    8.13    8.52    5.00    4.36   12.87    1024
    8.13    8.60    9.15    4.52    3.73   12.88    1023
    8.60    9.12    9.53    4.03    3.35   12.88    1024
    9.12    9.80    9.54    3.48    3.37   12.91    1024
    9.80   12.07   10.72    2.61    2.26   12.97    1023

Int Range: [13.5,15]
  LAlpha  UAlpha     ROE    DExp    DAct    Rate     Num
   -5.01    4.50    5.19   11.22    9.20   14.38    1033
    4.50    5.70    6.17    9.24    8.21   14.38    1033
    5.70    6.55    7.47    8.23    6.90   14.38    1033
    6.55    7.21    6.08    7.48    8.29   14.37    1033
    7.21    7.87    6.40    6.84    7.99   14.40    1033
    7.87    8.46    8.35    6.21    6.02   14.37    1033
    8.46    9.07    7.52    5.63    6.88   14.40    1033
    9.07    9.74    8.14    4.98    6.24   14.38    1033
    9.74   10.56    8.83    4.28    5.59   14.41    1033
   10.56   13.45   10.63    3.22    3.87   14.49    1032

Int Range: [15,17]
  LAlpha  UAlpha     ROE    DExp    DAct    Rate     Num
  -11.57    2.99    4.82   15.41   11.44   16.26     727
    2.99    4.54    3.57   12.31   12.57   16.14     726
    4.54    5.64    7.93   11.01    8.18   16.10     726
    5.64    6.48    4.73   10.05   11.38   16.12     726
    6.48    7.22    6.68    9.28    9.45   16.13     726
    7.22    7.95    8.14    8.55    7.99   16.13     726
    7.95    8.70    8.60    7.77    7.51   16.10     726
    8.70    9.51    8.80    7.03    7.32   16.12     726
    9.51   10.51    9.39    6.14    6.74   16.13     726
   10.51   13.71   10.27    4.80    5.89   16.16     726

Int Range: [17,20]
  LAlpha  UAlpha     ROE    DExp    DAct    Rate     Num
  -11.44    0.29    0.81   21.04   18.01   18.82     669
    0.29    2.66    1.81   16.88   16.71   18.51     668
    2.66    4.24    6.35   14.90   12.05   18.40     668
    4.24    5.52    6.86   13.51   11.54   18.40     668
    5.52    6.56    6.51   12.27   11.84   18.35     668
    6.56    7.52    3.94   11.24   14.36   18.29     669
    7.52    8.46    6.52   10.30   11.77   18.30     668
    8.46    9.39    7.81    9.37   10.48   18.29     668
    9.39   10.64    7.86    8.34   10.44   18.30     668
   10.64   15.49    9.26    6.66    9.09   18.35     668

Int Range: [20,30]
  LAlpha  UAlpha     ROE    DExp    DAct    Rate     Num
  -14.75   -5.51   -4.82   31.12   28.01   23.19     406
   -5.51   -2.76    2.73   27.00   20.28   23.01     405
   -2.76   -0.70    1.71   24.44   21.02   22.74     405
   -0.70    1.13   -3.13   22.57   25.91   22.78     406
    1.13    2.87    3.81   20.66   18.86   22.67     405
    2.87    4.42    6.64   18.95   15.96   22.60     405
    4.42    6.01    1.78   17.20   20.65   22.44     406
    6.01    7.68    3.19   15.38   19.04   22.23     405
    7.68    9.64    4.91   13.80   17.45   22.36     405
    9.64   17.89    8.59   10.96   13.80   22.39     405


MinAlpha	ROE	Count
-5	7.06	63188
-4	7.07	63004
-3	7.09	62760
-2	7.13	62439
-1	7.15	62038
0	7.22	61532
1	7.28	60885
2	7.33	60004
3	7.39	58689
4	7.46	56138
5	7.60	51154
6	7.95	41141
7	8.34	29575
8	8.85	19797
9	9.34	11157
10	9.83	5091
11	10.50	1907
12	11.23	577
13	11.76	143
14	14.87	49
15	19.00	20

Forest Importance
('pub_rec', 0.0002918473174609961)
('delinq_2yrs', 0.00070023879055045252)
('term', 0.0025960440761279417)
('loan_amnt', 0.004244625375527054)
('verification_status', 0.0044767193237716966)
('purpose', 0.0047344968665779669)
('even_loan_amnt', 0.0048705463305835431)
('mths_since_last_record', 0.0057905670658096684)
('mths_since_last_major_derog', 0.0063596320078709665)
('open_acc', 0.014657326589786197)
('inq_last_6mths', 0.015820801221218796)
('home_ownership', 0.016794774690276831)
('mths_since_last_delinq', 0.020539964214401078)
('int_pymt', 0.020757284307584799)
('total_acc', 0.023319069693297521)
('installment', 0.024575639610913962)
('revol_bal', 0.026083522122434269)
('emp_length', 0.02755117638747169)
('dti', 0.030731650664364504)
('annual_inc', 0.031029810434850206)
('tok4_capitalization_log_odds', 0.031406017306328221)
('revol_util', 0.031614829769223626)
('revol_bal_pct_inc', 0.032059371897241049)
('revol_bal-loan', 0.032881784701335078)
('credit_length', 0.03398266653347326)
('pct_med_inc', 0.035683085617292984)
('int_pct_inc', 0.039119017324388154)
('urate', 0.03981806184303445)
('pymt_pct_inc', 0.047655520696241176)
('tok4_clean_title_log_odds', 0.06051012939937514)
('int_rate', 0.10991305937932588)
('sub_grade', 0.21943071844186071)


Forest Parameters
oob_score: False
n_jobs: 8
verbose: 0
min_density: None
compute_importances: None
max_leaf_nodes: None
bootstrap: True
min_samples_leaf: 150
n_estimators: 400
min_samples_split: 2
random_state: None
criterion: mse
max_features: auto
max_depth: None
