OOS Cutoff = 2014-04-01 00:00:00
Int Range: [0,7]
  LAlpha  UAlpha     ROE    DExp    DAct    Rate     Num
    1.24    3.98    4.03    2.93    2.18    6.21     200
    3.98    4.42    5.24    2.01    0.99    6.23     199
    4.42    4.73    6.10    1.64    0.13    6.23     200
    4.73    4.95    6.10    1.38    0.13    6.23     199
    4.95    5.15    6.26    1.21    0.00    6.26     199
    5.15    5.31    5.79    0.98    0.43    6.22     200
    5.31    5.49    5.58    0.83    0.65    6.24     199
    5.49    5.66    5.86    0.71    0.43    6.29     200
    5.66    5.89    6.41    0.64    0.00    6.41     199
    5.89    6.41    5.96    0.49    0.60    6.56     199

Int Range: [7,10]
  LAlpha  UAlpha     ROE    DExp    DAct    Rate     Num
    1.02    5.30    5.79    3.45    2.29    8.08     791
    5.30    5.90    6.48    2.47    1.62    8.10     790
    5.90    6.27    6.73    2.03    1.40    8.13     791
    6.27    6.57    6.54    1.73    1.62    8.16     790
    6.57    6.82    6.27    1.58    2.01    8.28     790
    6.82    7.08    7.42    1.42    0.96    8.37     791
    7.08    7.36    6.96    1.30    1.55    8.51     790
    7.36    7.69    7.95    1.31    0.88    8.83     791
    7.69    8.09    8.18    1.18    0.88    9.07     790
    8.09    9.35    8.35    0.89    0.97    9.32     790

Int Range: [10,12]
  LAlpha  UAlpha     ROE    DExp    DAct    Rate     Num
   -0.14    6.78    8.34    5.10    2.53   10.87     743
    6.78    7.53    7.59    3.74    3.34   10.93     743
    7.53    7.98    7.79    3.19    3.15   10.95     743
    7.98    8.37    9.47    2.83    1.54   11.01     743
    8.37    8.71    9.11    2.50    1.94   11.05     742
    8.71    9.02    8.66    2.26    2.47   11.12     743
    9.02    9.35    8.90    2.03    2.32   11.22     743
    9.35    9.68    8.96    1.83    2.38   11.34     743
    9.68   10.15    8.84    1.63    2.69   11.53     743
   10.15   11.62    9.84    1.22    1.91   11.74     742

Int Range: [12,13.5]
  LAlpha  UAlpha     ROE    DExp    DAct    Rate     Num
   -3.81    6.29    8.08    8.17    4.96   13.03     824
    6.29    7.33    8.26    6.10    4.69   12.95     823
    7.33    7.98    9.13    5.25    3.79   12.92     823
    7.98    8.51    8.55    4.64    4.35   12.90     823
    8.51    8.95    9.92    4.11    2.94   12.85     823
    8.95    9.36    9.43    3.70    3.43   12.85     824
    9.36    9.73    9.78    3.28    3.04   12.82     823
    9.73   10.10   10.00    2.89    2.80   12.81     823
   10.10   10.61   10.83    2.48    1.99   12.81     823
   10.61   12.25   10.56    1.83    2.30   12.85     823

Int Range: [13.5,15]
  LAlpha  UAlpha     ROE    DExp    DAct    Rate     Num
   -1.72    6.01    7.20    9.74    7.15   14.35     938
    6.01    7.14    8.49    7.67    5.82   14.31     938
    7.14    7.93    8.19    6.74    6.11   14.29     938
    7.93    8.55    9.46    6.06    4.84   14.31     938
    8.55    9.14    8.28    5.46    6.03   14.31     938
    9.14    9.66   10.21    4.90    4.11   14.31     938
    9.66   10.12   10.81    4.44    3.52   14.33     938
   10.12   10.64   10.84    3.95    3.49   14.33     938
   10.64   11.30   11.47    3.41    2.88   14.35     938
   11.30   13.90   12.06    2.58    2.41   14.47     938

Int Range: [15,17]
  LAlpha  UAlpha     ROE    DExp    DAct    Rate     Num
   -5.69    5.11    6.12   12.98   10.15   16.27     812
    5.11    6.62    8.92   10.23    7.25   16.16     812
    6.62    7.64   10.08    8.95    6.03   16.11     812
    7.64    8.42    9.20    7.97    6.81   16.01     811
    8.42    9.08    9.89    7.26    6.13   16.02     812
    9.08    9.74   10.31    6.56    5.66   15.97     812
    9.74   10.38   10.75    5.84    5.14   15.89     811
   10.38   11.00   11.43    5.22    4.48   15.91     812
   11.00   11.80   10.18    4.52    5.72   15.89     812
   11.80   14.75   12.39    3.43    3.54   15.93     811

Int Range: [17,20]
  LAlpha  UAlpha     ROE    DExp    DAct    Rate     Num
   -7.12    3.59    5.67   17.07   12.87   18.54     769
    3.59    5.39    4.13   13.93   14.38   18.51     769
    5.39    6.65    9.20   12.43    9.27   18.47     769
    6.65    7.75   10.35   11.34    8.22   18.57     768
    7.75    8.68    9.71   10.24    8.76   18.47     769
    8.68    9.53    9.78    9.44    8.75   18.53     769
    9.53   10.31   10.71    8.68    7.88   18.59     768
   10.31   11.18   12.88    7.85    5.71   18.59     769
   11.18   12.26   11.75    6.97    6.91   18.66     769
   12.26   16.70   13.40    5.45    5.39   18.78     768

Int Range: [20,30]
  LAlpha  UAlpha     ROE    DExp    DAct    Rate     Num
  -12.30    0.74    0.81   25.38   22.68   23.50     457
    0.74    3.44   -0.03   20.64   22.85   22.82     456
    3.44    5.19    5.74   18.19   16.80   22.54     457
    5.19    6.59    6.20   16.55   16.26   22.46     456
    6.59    7.78    8.61   14.94   13.54   22.15     457
    7.78    8.84   12.25   13.81    9.91   22.16     456
    8.84    9.95    9.40   12.71   12.69   22.09     457
    9.95   11.24   12.27   11.51    9.82   22.09     456
   11.24   12.80   11.34   10.45   11.03   22.37     457
   12.80   18.81   13.50    8.40    9.15   22.66     456


MinAlpha	ROE	Count
-5	8.94	55255
-4	8.95	55230
-3	8.96	55175
-2	8.96	55086
-1	8.98	54955
0	9.02	54748
1	9.04	54445
2	9.08	54025
3	9.13	53364
4	9.22	52138
5	9.38	49577
6	9.59	44983
7	9.95	38459
8	10.35	30272
9	10.79	21457
10	11.48	12693
11	12.02	6066
12	13.10	2572
13	13.91	1016
14	13.69	404
15	14.01	146

Forest Importance
('pub_rec', 0.00034527327763465821)
('delinq_2yrs', 0.0015804560557761225)
('term', 0.0018313661515949084)
('verification_status', 0.003194144837442708)
('loan_amnt', 0.0035722461441888616)
('mths_since_last_record', 0.0037294164049433524)
('even_loan_amnt', 0.0040116795484116084)
('purpose', 0.0047498629540645605)
('mod_rate', 0.0066000822041549249)
('home_ownership', 0.010411233171321588)
('inq_last_6mths', 0.011661207514431863)
('open_acc', 0.012197826956680671)
('fico_range_low', 0.016782872527431193)
('mths_since_last_delinq', 0.017995189730134222)
('total_acc', 0.019111015968406909)
('int_pymt', 0.019843422033699945)
('emp_title_rank', 0.020249813640032692)
('clean_title_rank', 0.02060101054388291)
('installment', 0.023105606247009778)
('revol_bal', 0.023795390322746822)
('emp_length', 0.025521650889534266)
('dti', 0.025703627617930581)
('tok4_capitalization_log_odds', 0.026112089387381236)
('urate', 0.027012625847565589)
('short_title_rank', 0.027220523354249949)
('revol_util', 0.027908004632595282)
('tok4_clean_title_log_odds', 0.029653950010444862)
('zip_code', 0.030085093608077165)
('credit_length', 0.030640849082024052)
('avg_urate', 0.031237242524683247)
('med_inc', 0.032247431492063355)
('revol_bal_pct_inc', 0.032508265866701767)
('pct_med_inc', 0.03368850563761408)
('annual_inc', 0.033703107882286025)
('urate_chg', 0.034100734434461065)
('revol_bal-loan', 0.034111315124416869)
('pymt_pct_inc', 0.049102065378622946)
('sub_grade', 0.050610212016071195)
('int_rate', 0.19346358897928614)


Forest Parameters
oob_score: False
n_jobs: 8
verbose: 0
min_density: None
compute_importances: None
max_leaf_nodes: None
bootstrap: True
min_samples_leaf: 100
n_estimators: 400
min_samples_split: 2
random_state: None
criterion: mse
max_features: auto
max_depth: None
