OOS Cutoff = 2014-02-01 00:00:00
Int Range: [0,7]
  LAlpha  UAlpha     ROE    DExp    DAct    Rate     Num
   -5.49    2.69    5.47    5.21    0.84    6.31     215
    2.69    3.77    4.97    3.01    1.33    6.30     215
    3.77    4.34    3.89    2.20    2.39    6.27     215
    4.34    4.76    5.49    1.72    0.80    6.29     215
    4.76    5.07    6.28    1.37    0.00    6.28     215
    5.07    5.36    6.26    1.05    0.00    6.26     215
    5.36    5.57    5.38    0.84    0.93    6.30     215
    5.57    5.79    6.21    0.65    0.12    6.33     215
    5.79    6.08    5.00    0.53    1.45    6.44     215
    6.08    6.62    6.60    0.30    0.00    6.60     214

Int Range: [7,10]
  LAlpha  UAlpha     ROE    DExp    DAct    Rate     Num
  -10.80    4.08    6.11    6.27    2.36    8.47    1061
    4.08    5.29    6.58    3.62    1.80    8.38    1060
    5.29    5.99    6.26    2.68    2.08    8.35    1061
    5.99    6.50    6.61    2.07    1.71    8.31    1060
    6.50    6.88    7.14    1.65    1.20    8.34    1060
    6.88    7.20    7.00    1.32    1.36    8.36    1061
    7.20    7.53    6.97    1.08    1.47    8.44    1060
    7.53    7.98    6.63    1.09    2.20    8.83    1061
    7.98    8.54    8.11    0.92    1.07    9.17    1060
    8.54    9.67    7.83    0.54    1.64    9.47    1058

Int Range: [10,12]
  LAlpha  UAlpha     ROE    DExp    DAct    Rate     Num
   -9.92    4.94    6.93    8.90    4.40   11.34     823
    4.94    6.49    7.95    5.50    3.34   11.29     822
    6.49    7.51    7.95    4.22    3.31   11.25     822
    7.51    8.19    8.29    3.40    2.99   11.28     823
    8.19    8.74    8.45    2.76    2.79   11.24     822
    8.74    9.22    8.59    2.30    2.70   11.28     822
    9.22    9.68    8.81    1.88    2.52   11.33     823
    9.68   10.13    9.29    1.54    2.14   11.43     822
   10.13   10.66    9.89    1.15    1.65   11.54     822
   10.66   11.97    8.99    0.74    2.87   11.86     822

Int Range: [12,13.5]
  LAlpha  UAlpha     ROE    DExp    DAct    Rate     Num
  -17.07    4.78    7.75   10.83    5.09   12.84     873
    4.78    6.57    7.28    7.06    5.57   12.85     873
    6.57    7.68    7.44    5.65    5.38   12.82     873
    7.68    8.50    9.20    4.70    3.61   12.81     873
    8.50    9.16    8.17    3.97    4.65   12.82     873
    9.16    9.77    8.39    3.33    4.41   12.80     873
    9.77   10.28    9.44    2.76    3.34   12.79     873
   10.28   10.81    9.95    2.24    2.83   12.78     873
   10.81   11.37    9.29    1.69    3.49   12.78     873
   11.37   12.84    9.82    1.00    3.00   12.82     872

Int Range: [13.5,15]
  LAlpha  UAlpha     ROE    DExp    DAct    Rate     Num
  -24.53    3.61    5.91   13.58    8.36   14.28    1265
    3.61    5.64    8.10    9.52    6.14   14.24    1264
    5.64    6.94    7.87    7.92    6.37   14.24    1265
    6.94    7.93    8.81    6.78    5.42   14.22    1264
    7.93    8.78    8.71    5.84    5.50   14.21    1265
    8.78    9.55    8.22    5.02    5.98   14.20    1264
    9.55   10.26    9.34    4.29    4.87   14.20    1265
   10.26   10.96   10.56    3.60    3.64   14.20    1264
   10.96   11.82   10.24    2.83    3.98   14.22    1265
   11.82   14.39   10.30    1.82    4.00   14.30    1264

Int Range: [15,17]
  LAlpha  UAlpha     ROE    DExp    DAct    Rate     Num
  -31.26    1.73    5.32   18.01   10.80   16.13    1096
    1.73    4.30    8.12   12.85    7.89   16.01    1096
    4.30    5.89    9.55   10.83    6.42   15.97    1095
    5.89    7.21    7.27    9.37    8.66   15.92    1096
    7.21    8.22    9.80    8.20    6.10   15.90    1095
    8.22    9.16   10.37    7.19    5.51   15.88    1096
    9.16   10.08   10.64    6.23    5.21   15.85    1096
   10.08   11.03   11.61    5.29    4.22   15.83    1095
   11.03   12.13   10.50    4.24    5.29   15.79    1096
   12.13   15.66   10.57    2.83    5.25   15.83    1095

Int Range: [17,20]
  LAlpha  UAlpha     ROE    DExp    DAct    Rate     Num
  -33.28   -0.01    3.92   22.93   14.70   18.61    1038
   -0.01    3.37    5.63   16.74   12.95   18.57    1038
    3.37    5.37    7.25   14.14   11.30   18.55    1038
    5.37    7.01    8.53   12.34   10.02   18.55    1038
    7.01    8.35    8.74   10.82    9.77   18.52    1038
    8.35    9.60    8.55    9.60   10.04   18.60    1038
    9.60   10.77   10.87    8.43    7.73   18.59    1038
   10.77   12.00    9.33    7.20    9.25   18.58    1038
   12.00   13.53    9.83    5.95    8.86   18.69    1038
   13.53   18.77   12.35    4.09    6.53   18.89    1038

Int Range: [20,30]
  LAlpha  UAlpha     ROE    DExp    DAct    Rate     Num
  -35.47   -5.20    0.05   34.08   23.35   23.40     622
   -5.20   -0.52   -2.30   25.61   25.26   22.95     622
   -0.52    2.45    3.38   21.56   19.23   22.62     621
    2.45    4.94    9.21   18.70   13.23   22.44     622
    4.94    6.83    5.64   16.38   16.61   22.25     621
    6.83    8.64    6.76   14.48   15.44   22.20     622
    8.64   10.35    4.95   12.69   17.23   22.18     622
   10.35   12.09    9.29   10.81   12.72   22.01     621
   12.09   14.25   10.95    9.07   11.21   22.16     622
   14.25   23.37   11.22    6.52   11.46   22.68     621


MinAlpha	ROE	Count
-5	8.29	68652
-4	8.33	68353
-3	8.37	67978
-2	8.39	67481
-1	8.44	66888
0	8.47	66054
1	8.51	64978
2	8.59	63613
3	8.62	61691
4	8.70	59043
5	8.79	55213
6	8.97	49508
7	9.25	42638
8	9.49	34472
9	9.80	26284
10	10.25	18401
11	10.36	11165
12	10.81	5829
13	11.72	2980
14	11.85	1573
15	12.64	816

Forest Importance
('pub_rec', 0.0013190964310568485)
('term', 0.0019502505521498082)
('delinq_2yrs', 0.0025049923609673746)
('even_loan_amnt', 0.0051387922516222158)
('verification_status', 0.0056928949901298006)
('home_ownership', 0.0080612907969761487)
('loan_amnt', 0.0080900651078386881)
('mths_since_last_record', 0.0088992322537046718)
('purpose', 0.010757109718065308)
('inq_last_6mths', 0.01522268520021499)
('tok4_capitalization_log_odds', 0.025061656779552504)
('open_acc', 0.026398842252110564)
('emp_length', 0.026671879045064663)
('mths_since_last_delinq', 0.027215127867520353)
('sub_grade', 0.030254232503376444)
('int_pymt', 0.030294487906373579)
('annual_inc', 0.035866432536181519)
('installment', 0.036456479508147871)
('total_acc', 0.038797949430953028)
('dti', 0.040294054906924802)
('credit_length', 0.040974421599227887)
('revol_bal', 0.041477654982765649)
('revol_bal-loan', 0.048345934346119446)
('int_rate', 0.049199359493935842)
('int_pct_inc', 0.050161454352331873)
('pymt_pct_inc', 0.05075937206233936)
('revol_bal_pct_inc', 0.050973564564779687)
('revol_util', 0.051020166496901914)
('tok4_clean_title_log_odds', 0.052972605622344175)
('clean_title_rank', 0.053982621136072238)
('pct_med_inc', 0.054940850042708218)
('urate', 0.070244442901542456)


Forest Parameters
oob_score: False
n_jobs: 8
verbose: 0
min_density: None
compute_importances: None
max_leaf_nodes: None
bootstrap: True
min_samples_leaf: 10
n_estimators: 400
min_samples_split: 2
random_state: None
criterion: mse
max_features: auto
max_depth: None
