OOS Cutoff = 2014-05-01 00:00:00
Int Range: [0,7]
  LAlpha  UAlpha     ROE    DExp    DAct    Rate     Num
    1.02    4.07    5.61    2.61    0.58    6.19     147
    4.07    4.55    4.87    1.88    1.34    6.21     147
    4.55    4.76    4.79    1.47    1.34    6.13     147
    4.76    4.94    6.14    1.29    0.00    6.14     147
    4.94    5.08    5.39    1.16    0.78    6.17     147
    5.08    5.22    6.20    1.05    0.00    6.20     147
    5.22    5.34    6.19    0.92    0.00    6.19     147
    5.34    5.48    5.72    0.89    0.58    6.30     147
    5.48    5.69    5.88    0.89    0.58    6.46     147
    5.69    6.15    6.52    0.69    0.00    6.52     146

Int Range: [7,10]
  LAlpha  UAlpha     ROE    DExp    DAct    Rate     Num
    3.32    5.34    5.21    3.10    2.73    7.94     489
    5.34    5.86    6.98    2.36    1.00    7.99     489
    5.86    6.21    6.50    1.98    1.52    8.02     488
    6.21    6.46    6.41    1.69    1.62    8.03     489
    6.46    6.71    7.44    1.54    0.69    8.13     488
    6.71    6.94    6.64    1.42    1.61    8.24     489
    6.94    7.19    6.15    1.43    2.34    8.49     489
    7.19    7.46    6.93    1.39    1.78    8.71     488
    7.46    7.81    8.46    1.32    0.48    8.94     489
    7.81    8.71    7.45    1.13    1.75    9.20     488

Int Range: [10,12]
  LAlpha  UAlpha     ROE    DExp    DAct    Rate     Num
    3.50    6.68    7.78    4.79    2.97   10.75     543
    6.68    7.38    7.66    3.69    3.10   10.76     543
    7.38    7.80    8.32    3.18    2.46   10.78     543
    7.80    8.11    8.43    2.89    2.42   10.85     542
    8.11    8.41    7.79    2.65    3.12   10.91     543
    8.41    8.68    8.95    2.46    2.06   11.01     543
    8.68    8.96    8.64    2.28    2.46   11.10     542
    8.96    9.29    7.93    2.16    3.35   11.28     543
    9.29    9.67    9.47    1.95    1.95   11.42     543
    9.67   10.93    9.86    1.62    1.79   11.65     542

Int Range: [12,13.5]
  LAlpha  UAlpha     ROE    DExp    DAct    Rate     Num
   -0.60    6.13    6.14    7.87    6.87   13.01     588
    6.13    6.95    8.64    6.39    4.32   12.95     588
    6.95    7.57    6.85    5.66    6.08   12.93     587
    7.57    8.12    9.36    5.09    3.58   12.94     588
    8.12    8.55    8.52    4.53    4.35   12.87     587
    8.55    8.95    8.69    4.17    4.23   12.93     588
    8.95    9.33   10.35    3.77    2.56   12.90     588
    9.33    9.74   10.21    3.36    2.68   12.89     587
    9.74   10.26   10.49    2.93    2.43   12.92     588
   10.26   11.96   10.40    2.28    2.57   12.97     587

Int Range: [13.5,15]
  LAlpha  UAlpha     ROE    DExp    DAct    Rate     Num
    0.76    6.02    5.13    9.42    9.26   14.39     615
    6.02    6.98    5.37    7.85    9.01   14.38     614
    6.98    7.67    9.01    7.06    5.40   14.41     614
    7.67    8.27    9.53    6.44    4.88   14.41     614
    8.27    8.79    9.97    5.87    4.44   14.41     614
    8.79    9.30    9.00    5.36    5.39   14.40     614
    9.30    9.78    9.57    4.90    4.86   14.43     614
    9.78   10.31    9.62    4.38    4.79   14.42     614
   10.31   11.04   11.79    3.76    2.63   14.42     614
   11.04   13.16   11.65    2.92    2.91   14.57     614

Int Range: [15,17]
  LAlpha  UAlpha     ROE    DExp    DAct    Rate     Num
   -4.45    4.90    7.38   13.05    9.01   16.39     507
    4.90    6.21    8.03   10.65    8.21   16.24     507
    6.21    7.09    8.67    9.48    7.51   16.18     507
    7.09    7.85    8.97    8.68    7.19   16.15     506
    7.85    8.51    9.20    7.94    6.92   16.12     507
    8.51    9.12    9.54    7.25    6.53   16.07     507
    9.12    9.69    8.97    6.70    7.13   16.10     506
    9.69   10.36    7.72    6.07    8.37   16.09     507
   10.36   11.18   12.18    5.31    3.87   16.05     507
   11.18   13.64   12.43    4.14    3.62   16.05     506

Int Range: [17,20]
  LAlpha  UAlpha     ROE    DExp    DAct    Rate     Num
   -4.57    3.67    4.21   16.66   14.21   18.42     459
    3.67    5.48    2.38   13.74   16.06   18.44     458
    5.48    6.58    4.05   12.33   14.34   18.39     459
    6.58    7.49    6.15   11.42   12.29   18.44     458
    7.49    8.30   11.62   10.51    6.79   18.41     459
    8.30    9.09   10.24    9.78    8.23   18.47     458
    9.09    9.89    8.58    8.93    9.84   18.42     459
    9.89   10.67    9.66    8.24    8.87   18.52     458
   10.67   11.74   10.52    7.46    8.10   18.62     459
   11.74   15.47   13.33    6.13    5.40   18.74     458

Int Range: [20,30]
  LAlpha  UAlpha     ROE    DExp    DAct    Rate     Num
   -6.34    0.80   -2.45   24.20   25.58   23.13     280
    0.80    2.79   -3.21   20.74   25.84   22.63     280
    2.79    4.41    0.47   18.79   21.99   22.45     280
    4.41    5.65    7.54   17.37   14.89   22.43     279
    5.65    6.81    4.40   16.10   17.93   22.32     280
    6.81    7.96   13.65   14.97    8.71   22.35     280
    7.96    9.23    7.87   13.44   14.16   22.04     279
    9.23   10.46    8.58   12.33   13.60   22.18     280
   10.46   12.11   10.46   11.24   12.01   22.48     280
   12.11   18.29   11.46    9.77   11.70   23.16     279


MinAlpha	ROE	Count
-5	8.19	36252
-4	8.20	36236
-3	8.20	36215
-2	8.21	36167
-1	8.22	36082
0	8.27	35984
1	8.30	35790
2	8.34	35523
3	8.41	35104
4	8.50	34376
5	8.68	32584
6	9.02	29022
7	9.45	24033
8	9.81	17852
9	10.12	11542
10	10.97	5984
11	11.89	2564
12	12.39	955
13	11.17	302
14	10.01	98
15	8.23	27

Forest Importance
('delinq_2yrs', 0.00016854035550943342)
('pub_rec', 0.00018460500106317709)
('purpose', 0.00087600564901089029)
('verification_status', 0.0014333350577532653)
('loan_amnt', 0.0017625945528762018)
('mths_since_last_record', 0.0019826566667571939)
('term', 0.0027733432156891629)
('even_loan_amnt', 0.004538471749087853)
('open_acc', 0.0053230066842981441)
('total_acc', 0.0087427963988185656)
('int_pymt', 0.0095235932764536485)
('inq_last_6mths', 0.010722614547504748)
('revol_bal', 0.012273969740726899)
('avg_urate', 0.012802925241424859)
('home_ownership', 0.012818259901858047)
('installment', 0.013381714350257751)
('urate', 0.013608097468962476)
('revol_bal-loan', 0.015572498942941614)
('urate_chg', 0.015685893693673025)
('mths_since_last_delinq', 0.015955452376374434)
('revol_util', 0.016094195621972281)
('clean_title_rank', 0.016167996415216004)
('revol_bal_pct_inc', 0.018619666508007303)
('dti', 0.021368343863970529)
('pct_med_inc', 0.025062165515432354)
('emp_length', 0.025343738190148325)
('credit_length', 0.030359322261091282)
('tok4_capitalization_log_odds', 0.031188477683549355)
('annual_inc', 0.041278300006102678)
('tok4_clean_title_log_odds', 0.047946658544376027)
('pymt_pct_inc', 0.064369240050240417)
('sub_grade', 0.16570368380945993)
('int_rate', 0.33636783665939235)


Forest Parameters
oob_score: False
n_jobs: 8
verbose: 0
min_density: None
compute_importances: None
max_leaf_nodes: None
bootstrap: True
min_samples_leaf: 500
n_estimators: 400
min_samples_split: 2
random_state: None
criterion: mse
max_features: auto
max_depth: None
