OOS Cutoff = 2014-10-01 00:00:00
Int Range: [0,7]
  LAlpha  UAlpha     ROE    DExp    DAct    Rate     Num
  -10.65    4.40    4.09    2.61    2.18    6.27     393
    4.40    4.88    5.40    1.67    0.93    6.33     393
    4.88    5.19    5.72    1.26    0.58    6.30     392
    5.19    5.38    5.20    0.97    1.06    6.26     393
    5.38    5.54    4.79    0.78    1.46    6.25     392
    5.54    5.69    5.99    0.66    0.29    6.28     393
    5.69    5.82    4.70    0.54    1.59    6.29     393
    5.82    5.97    5.79    0.51    0.60    6.39     392
    5.97    6.20    4.48    0.49    2.10    6.58     393
    6.20    6.92    5.89    0.36    0.88    6.77     392

Int Range: [7,10]
  LAlpha  UAlpha     ROE    DExp    DAct    Rate     Num
   -0.79    4.52    5.44    4.48    2.78    8.22    1106
    4.52    5.15    6.39    3.32    1.78    8.18    1106
    5.15    5.57    4.77    2.78    3.38    8.15    1106
    5.57    5.90    6.44    2.41    1.71    8.15    1106
    5.90    6.18    6.18    2.05    1.92    8.10    1106
    6.18    6.43    6.89    1.78    1.19    8.09    1106
    6.43    6.68    6.29    1.49    1.76    8.05    1106
    6.68    6.94    7.43    1.41    0.79    8.23    1106
    6.94    7.38    6.89    1.48    1.74    8.63    1106
    7.38    8.92    7.95    1.28    1.12    9.07    1105

Int Range: [10,12]
  LAlpha  UAlpha     ROE    DExp    DAct    Rate     Num
   -1.22    5.38    7.26    6.84    3.83   11.09    1021
    5.38    6.21    7.23    5.21    3.81   11.03    1020
    6.21    6.80    6.68    4.51    4.35   11.03    1020
    6.80    7.27    7.68    3.96    3.32   11.00    1020
    7.27    7.69    8.32    3.55    2.72   11.04    1020
    7.69    8.05    8.38    3.19    2.68   11.06    1021
    8.05    8.42    8.25    2.83    2.82   11.07    1020
    8.42    8.80    7.43    2.52    3.69   11.12    1020
    8.80    9.30    8.87    2.17    2.35   11.22    1020
    9.30   11.08    8.91    1.69    2.55   11.46    1020

Int Range: [12,13.5]
  LAlpha  UAlpha     ROE    DExp    DAct    Rate     Num
   -4.74    4.62    5.01    9.67    7.89   12.90    1024
    4.62    5.70    6.68    7.65    6.20   12.88    1024
    5.70    6.43    4.86    6.78    8.00   12.85    1024
    6.43    7.04    6.84    6.11    6.02   12.85    1023
    7.04    7.58    8.12    5.57    4.76   12.88    1024
    7.58    8.10    9.06    5.02    3.80   12.87    1024
    8.10    8.59    8.35    4.53    4.53   12.88    1023
    8.59    9.13    8.74    4.04    4.15   12.89    1024
    9.13    9.76    9.52    3.48    3.39   12.91    1024
    9.76   12.16   10.02    2.63    2.95   12.98    1023

Int Range: [13.5,15]
  LAlpha  UAlpha     ROE    DExp    DAct    Rate     Num
   -5.05    4.26    5.46   11.53    8.94   14.40    1033
    4.26    5.51    4.55    9.43    9.83   14.38    1033
    5.51    6.39    5.81    8.38    8.55   14.36    1033
    6.39    7.13    6.37    7.62    8.01   14.37    1033
    7.13    7.77    5.76    6.94    8.64   14.41    1033
    7.77    8.41    6.86    6.26    7.51   14.37    1033
    8.41    9.03    7.02    5.67    7.38   14.40    1033
    9.03    9.73    7.44    4.99    6.93   14.36    1033
    9.73   10.61    8.23    4.26    6.18   14.40    1033
   10.61   13.29    9.69    3.20    4.81   14.50    1032

Int Range: [15,17]
  LAlpha  UAlpha     ROE    DExp    DAct    Rate     Num
  -12.34    2.48    3.99   16.00   12.26   16.26     727
    2.48    4.30    1.58   12.65   14.55   16.14     726
    4.30    5.41    7.50   11.25    8.62   16.12     726
    5.41    6.29    3.47   10.28   12.65   16.12     726
    6.29    7.05    5.49    9.44   10.64   16.13     726
    7.05    7.81    6.12    8.67    9.99   16.11     726
    7.81    8.60    6.19    7.94    9.94   16.13     726
    8.60    9.43   10.04    7.12    6.08   16.12     726
    9.43   10.50    9.04    6.20    7.09   16.14     726
   10.50   13.67    9.90    4.83    6.26   16.15     726

Int Range: [17,20]
  LAlpha  UAlpha     ROE    DExp    DAct    Rate     Num
  -11.47    0.08   -3.69   21.36   22.51   18.82     669
    0.08    2.46    2.94   17.08   15.51   18.45     668
    2.46    4.03    3.32   15.19   15.11   18.43     668
    4.03    5.39    5.32   13.64   13.06   18.37     668
    5.39    6.40    2.62   12.44   15.72   18.33     668
    6.40    7.34    5.88   11.51   12.50   18.38     668
    7.34    8.27    6.41   10.49   11.89   18.30     668
    8.27    9.29    4.69    9.49   13.59   18.28     668
    9.29   10.55    8.16    8.42   10.14   18.30     668
   10.55   15.37    9.25    6.71    9.11   18.36     668

Int Range: [20,30]
  LAlpha  UAlpha     ROE    DExp    DAct    Rate     Num
  -14.06   -5.50   -7.45   30.97   30.46   23.01     406
   -5.50   -2.87    2.36   27.09   20.65   23.01     405
   -2.87   -1.07   -1.47   24.72   24.28   22.80     405
   -1.07    0.81   -2.97   22.73   25.61   22.64     406
    0.81    2.55   -2.37   21.13   25.17   22.81     405
    2.55    4.09    5.71   19.20   16.85   22.56     405
    4.09    5.77    4.36   17.56   18.16   22.51     406
    5.77    7.41    0.92   15.82   21.48   22.40     405
    7.41    9.52    2.03   13.79   20.15   22.18     405
    9.52   17.98    9.60   11.05   12.88   22.48     405


MinAlpha	ROE	Count
-5	6.42	63183
-4	6.44	62959
-3	6.47	62675
-2	6.50	62318
-1	6.55	61871
0	6.63	61305
1	6.71	60602
2	6.78	59632
3	6.84	58112
4	6.95	55454
5	7.05	50293
6	7.44	40369
7	7.99	28834
8	8.39	19219
9	8.85	10886
10	9.72	4995
11	10.63	1905
12	12.23	564
13	12.24	136
14	14.99	49
15	23.18	18

Forest Importance
('pub_rec', 0.00026663969442053214)
('delinq_2yrs', 0.00050987612976721871)
('term', 0.0025564493606170524)
('verification_status', 0.0042639436465303692)
('loan_amnt', 0.0042997584923464855)
('purpose', 0.0046823450607187331)
('even_loan_amnt', 0.0050394896283013826)
('mths_since_last_record', 0.0054723173839553996)
('mths_since_last_major_derog', 0.0060432500230124244)
('open_acc', 0.013692670418590243)
('inq_last_6mths', 0.014628668690079687)
('home_ownership', 0.016551905433808214)
('mths_since_last_delinq', 0.019989366036072449)
('int_pymt', 0.020142035102822711)
('total_acc', 0.022141808371769326)
('installment', 0.023317874905150745)
('emp_length', 0.025718913286985719)
('revol_bal', 0.026047170865625024)
('annual_inc', 0.029560407590887253)
('dti', 0.029770174488702464)
('tok4_capitalization_log_odds', 0.029924972709873498)
('revol_bal_pct_inc', 0.030074865494000198)
('revol_bal-loan', 0.030809153794323224)
('revol_util', 0.031304880594877321)
('clean_title_rank', 0.031471487234052013)
('credit_length', 0.033174970741596116)
('pct_med_inc', 0.035332698983417503)
('urate', 0.036160860230954599)
('int_pct_inc', 0.037980431225207847)
('pymt_pct_inc', 0.046752448279742669)
('tok4_clean_title_log_odds', 0.058925376496732608)
('int_rate', 0.094372202879781042)
('sub_grade', 0.22902058672527814)


Forest Parameters
oob_score: False
n_jobs: 8
verbose: 0
min_density: None
compute_importances: None
max_leaf_nodes: None
bootstrap: True
min_samples_leaf: 150
n_estimators: 200
min_samples_split: 2
random_state: None
criterion: mse
max_features: auto
max_depth: None
