OOS Cutoff = 2014-10-01 00:00:00
Int Range: [0,7]
  LAlpha  UAlpha     ROE    DExp    DAct    Rate     Num
   -9.36    4.22    4.24    2.72    2.04    6.28     354
    4.22    4.74    5.45    1.83    0.89    6.34     354
    4.74    5.06    5.83    1.40    0.48    6.31     354
    5.06    5.29    6.18    1.09    0.09    6.27     353
    5.29    5.46    5.75    0.89    0.51    6.26     354
    5.46    5.61    5.44    0.71    0.80    6.24     354
    5.61    5.75    5.09    0.63    1.21    6.30     353
    5.75    5.90    6.05    0.56    0.33    6.38     354
    5.90    6.11    5.17    0.57    1.41    6.58     354
    6.11    6.90    5.46    0.43    1.30    6.76     353

Int Range: [7,10]
  LAlpha  UAlpha     ROE    DExp    DAct    Rate     Num
   -1.62    4.58    5.83    4.32    2.35    8.18     990
    4.58    5.22    5.97    3.18    2.15    8.11     989
    5.22    5.65    5.62    2.68    2.50    8.12     990
    5.65    5.97    6.33    2.25    1.73    8.07     989
    5.97    6.22    6.60    1.95    1.46    8.05     989
    6.22    6.46    6.89    1.69    1.14    8.04     990
    6.46    6.72    6.83    1.50    1.26    8.09     989
    6.72    7.02    7.22    1.49    1.13    8.35     990
    7.02    7.47    7.13    1.44    1.53    8.67     989
    7.47    8.96    7.99    1.23    1.10    9.09     989

Int Range: [10,12]
  LAlpha  UAlpha     ROE    DExp    DAct    Rate     Num
   -1.31    5.34    7.47    6.87    3.61   11.08     902
    5.34    6.25    7.80    5.18    3.24   11.03     902
    6.25    6.85    7.89    4.45    3.12   11.01     902
    6.85    7.36    8.02    3.90    3.01   11.02     902
    7.36    7.78    8.07    3.47    2.98   11.05     901
    7.78    8.14    8.43    3.10    2.63   11.06     902
    8.14    8.50    8.45    2.74    2.62   11.06     902
    8.50    8.87    8.47    2.39    2.60   11.07     902
    8.87    9.35    9.02    2.13    2.19   11.22     902
    9.35   11.14    9.42    1.68    2.05   11.47     901

Int Range: [12,13.5]
  LAlpha  UAlpha     ROE    DExp    DAct    Rate     Num
   -3.83    4.72    7.05    9.48    5.81   12.86     899
    4.72    5.80    7.09    7.56    5.78   12.87     898
    5.80    6.55    7.82    6.67    5.03   12.85     899
    6.55    7.15    7.88    6.00    4.97   12.86     898
    7.15    7.70    7.19    5.45    5.69   12.88     899
    7.70    8.21    9.13    4.92    3.74   12.87     898
    8.21    8.68    9.04    4.45    3.86   12.90     899
    8.68    9.19    9.30    3.97    3.60   12.90     898
    9.19    9.87    9.77    3.41    3.15   12.92     899
    9.87   12.18   10.84    2.55    2.15   13.00     898

Int Range: [13.5,15]
  LAlpha  UAlpha     ROE    DExp    DAct    Rate     Num
   -4.22    4.59    5.85   11.16    8.54   14.40     899
    4.59    5.77    5.54    9.17    8.86   14.40     898
    5.77    6.65    6.41    8.16    7.96   14.37     899
    6.65    7.34    7.29    7.41    7.12   14.41     898
    7.34    7.96    7.36    6.72    7.02   14.37     899
    7.96    8.54    8.06    6.12    6.32   14.38     898
    8.54    9.14    7.75    5.55    6.64   14.39     899
    9.14    9.80    7.26    4.88    7.09   14.35     898
    9.80   10.66    8.99    4.19    5.41   14.40     899
   10.66   13.28   10.54    3.14    3.95   14.49     898

Int Range: [15,17]
  LAlpha  UAlpha     ROE    DExp    DAct    Rate     Num
  -10.41    3.05    4.51   15.22   11.74   16.25     631
    3.05    4.64    3.26   12.23   12.90   16.16     631
    4.64    5.75    8.70   10.91    7.42   16.12     631
    5.75    6.60    7.13    9.90    8.97   16.10     631
    6.60    7.41    6.85    9.13    9.30   16.15     631
    7.41    8.16    5.42    8.34   10.69   16.11     631
    8.16    8.90    8.69    7.61    7.43   16.12     631
    8.90    9.70    9.22    6.84    6.90   16.12     631
    9.70   10.65    9.21    5.96    6.91   16.12     631
   10.65   13.45   10.79    4.69    5.34   16.12     631

Int Range: [17,20]
  LAlpha  UAlpha     ROE    DExp    DAct    Rate     Num
  -11.03    0.97    0.62   20.19   18.05   18.68     582
    0.97    3.10    2.05   16.32   16.40   18.45     581
    3.10    4.64    6.45   14.47   11.92   18.38     582
    4.64    5.82    6.25   13.13   12.13   18.38     581
    5.82    6.82    6.01   11.99   12.33   18.34     581
    6.82    7.71    6.68   11.07   11.66   18.35     582
    7.71    8.60    8.37   10.15    9.94   18.32     581
    8.60    9.58    6.75    9.26   11.58   18.33     582
    9.58   10.73    8.67    8.18    9.65   18.32     581
   10.73   15.02    9.51    6.60    8.87   18.38     581

Int Range: [20,30]
  LAlpha  UAlpha     ROE    DExp    DAct    Rate     Num
  -14.57   -5.48   -4.25   31.30   27.56   23.31     351
   -5.48   -2.59    1.16   26.62   21.62   22.79     350
   -2.59   -0.64    0.75   24.42   22.06   22.80     350
   -0.64    1.25    1.40   22.46   21.38   22.77     350
    1.25    2.94    6.12   20.68   16.67   22.79     350
    2.94    4.51    4.85   18.81   17.67   22.52     350
    4.51    6.11    0.77   17.12   21.65   22.43     350
    6.11    7.75    4.43   15.34   17.83   22.26     350
    7.75    9.72    4.03   13.55   18.18   22.21     350
    9.72   18.46    8.88   10.72   13.51   22.40     350


MinAlpha	ROE	Count
-5	7.16	55604
-4	7.19	55467
-3	7.20	55260
-2	7.23	55004
-1	7.27	54689
0	7.31	54283
1	7.35	53708
2	7.38	52989
3	7.46	51746
4	7.51	49493
5	7.68	44999
6	8.01	36535
7	8.42	26764
8	8.88	18096
9	9.38	10303
10	9.91	4847
11	10.72	1855
12	11.57	552
13	11.09	136
14	9.16	51
15	7.00	17

Forest Importance
('pub_rec', 0.00023639694789620081)
('delinq_2yrs', 0.00069114348158536953)
('term', 0.0028715834598763224)
('loan_amnt', 0.0042472829821080162)
('verification_status', 0.0043874991567621272)
('purpose', 0.0044275337722678929)
('even_loan_amnt', 0.0045366910277496678)
('mths_since_last_record', 0.0055203061539551681)
('mths_since_last_major_derog', 0.0064098751845806171)
('home_ownership', 0.013904139092978874)
('open_acc', 0.014246129786959416)
('inq_last_6mths', 0.015392116161511664)
('mths_since_last_delinq', 0.019198354401898213)
('int_pymt', 0.020118157450062058)
('total_acc', 0.022785575922644581)
('emp_length', 0.024085422692062441)
('installment', 0.024138312693287357)
('revol_bal', 0.026678942459158667)
('tok4_capitalization_log_odds', 0.027919299661747735)
('annual_inc', 0.029219289249733285)
('revol_bal-loan', 0.031165944925980696)
('reg_tok4_clean_title_log_odds', 0.031270160978457792)
('revol_bal_pct_inc', 0.031608570289942899)
('dti', 0.032760983572695197)
('revol_util', 0.032946842490936865)
('credit_length', 0.03562019271882181)
('pct_med_inc', 0.036831606267046325)
('urate', 0.038400361650115476)
('int_pct_inc', 0.038656921400145448)
('pymt_pct_inc', 0.046045425196151138)
('tok4_clean_title_log_odds', 0.048328642528926789)
('int_rate', 0.12043985269958819)
('sub_grade', 0.20491044354236593)


Forest Parameters
oob_score: False
n_jobs: 8
verbose: 0
min_density: None
compute_importances: None
max_leaf_nodes: None
bootstrap: True
min_samples_leaf: 150
n_estimators: 400
min_samples_split: 2
random_state: None
criterion: mse
max_features: auto
max_depth: None
