OOS Cutoff = 2014-01-01 00:00:00
Int Range: [0,7]
  LAlpha  UAlpha     ROE    DExp    DAct    Rate     Num
   -2.56    3.16    5.13    4.36    1.23    6.36      93
    3.16    4.09    4.22    2.68    2.14    6.36      92
    4.09    4.47    3.85    1.99    2.43    6.28      93
    4.47    4.83    4.11    1.62    2.17    6.27      92
    4.83    5.07    5.36    1.33    0.92    6.28      93
    5.07    5.30    5.09    1.14    1.24    6.33      92
    5.30    5.47    6.35    0.97    0.00    6.35      93
    5.47    5.67    6.40    0.84    0.00    6.40      92
    5.67    5.92    6.45    0.66    0.00    6.45      93
    5.92    6.49    6.61    0.47    0.00    6.61      92

Int Range: [7,10]
  LAlpha  UAlpha     ROE    DExp    DAct    Rate     Num
    0.37    4.76    6.08    4.49    2.19    8.27     518
    4.76    5.60    5.49    3.16    2.88    8.38     518
    5.60    6.14    6.72    2.43    1.59    8.31     518
    6.14    6.53    6.44    1.94    1.85    8.28     518
    6.53    6.84    7.09    1.68    1.28    8.37     518
    6.84    7.16    7.65    1.43    0.79    8.43     518
    7.16    7.48    7.56    1.32    1.08    8.64     518
    7.48    7.90    8.07    1.39    1.00    9.07     518
    7.90    8.37    7.57    1.17    1.74    9.31     518
    8.37    9.55    7.62    0.77    1.91    9.53     517

Int Range: [10,12]
  LAlpha  UAlpha     ROE    DExp    DAct    Rate     Num
   -1.06    6.54    7.32    5.96    4.07   11.39     369
    6.54    7.66    9.48    4.29    1.97   11.45     369
    7.66    8.31    8.06    3.45    3.42   11.47     369
    8.31    8.75    9.68    2.88    1.74   11.42     369
    8.75    9.11    9.55    2.48    1.85   11.41     368
    9.11    9.44    9.17    2.13    2.23   11.40     369
    9.44    9.76    9.90    1.95    1.64   11.54     369
    9.76   10.13   10.56    1.70    1.08   11.64     369
   10.13   10.57    9.13    1.33    2.53   11.66     369
   10.57   11.70   11.24    0.98    0.72   11.95     368

Int Range: [12,13.5]
  LAlpha  UAlpha     ROE    DExp    DAct    Rate     Num
    1.57    6.90    8.04    7.01    4.79   12.83     238
    6.90    7.87   10.02    5.41    2.82   12.84     237
    7.87    8.53    9.30    4.59    3.53   12.83     237
    8.53    9.05    8.86    4.00    3.94   12.80     237
    9.05    9.50    9.68    3.53    3.13   12.81     237
    9.50    9.90   10.81    3.09    1.99   12.80     238
    9.90   10.26   11.12    2.72    1.68   12.81     237
   10.26   10.62   10.00    2.36    2.80   12.80     237
   10.62   11.07   11.97    1.98    0.84   12.81     237
   11.07   12.41   12.47    1.40    0.36   12.83     237

Int Range: [13.5,15]
  LAlpha  UAlpha     ROE    DExp    DAct    Rate     Num
   -5.08    6.18    7.59    9.43    6.69   14.28     683
    6.18    7.33    8.69    7.43    5.53   14.21     682
    7.33    8.13   10.96    6.49    3.28   14.24     682
    8.13    8.80    9.96    5.72    4.24   14.20     682
    8.80    9.40   11.15    5.04    3.01   14.16     682
    9.40    9.95   10.98    4.51    3.19   14.18     683
    9.95   10.55   11.73    3.98    2.51   14.23     682
   10.55   11.16   11.06    3.37    3.16   14.22     682
   11.16   11.92   11.78    2.69    2.43   14.21     682
   11.92   14.33   12.70    1.87    1.71   14.41     682

Int Range: [15,17]
  LAlpha  UAlpha     ROE    DExp    DAct    Rate     Num
   -4.24    4.59    7.80   13.79    8.62   16.42     472
    4.59    6.19    8.09   10.69    8.06   16.15     471
    6.19    7.33   10.26    9.36    5.87   16.13     472
    7.33    8.30   11.73    8.26    4.37   16.10     471
    8.30    9.12   11.26    7.37    4.82   16.08     472
    9.12    9.88   10.56    6.53    5.48   16.04     471
    9.88   10.66   13.40    5.79    2.65   16.05     472
   10.66   11.41   13.01    5.01    3.05   16.06     471
   11.41   12.28   12.19    4.27    3.89   16.08     472
   12.28   14.89   13.24    3.02    2.86   16.10     471

Int Range: [17,20]
  LAlpha  UAlpha     ROE    DExp    DAct    Rate     Num
   -5.08    3.12    6.58   17.29   11.80   18.38     411
    3.12    5.33    5.94   14.19   12.60   18.54     411
    5.33    6.85    8.06   12.43   10.48   18.54     411
    6.85    8.09   10.58   11.08    7.97   18.55     411
    8.09    9.14   12.73    9.88    5.76   18.49     411
    9.14   10.13   13.13    8.96    5.45   18.58     411
   10.13   11.01   13.56    7.93    4.96   18.51     411
   11.01   11.95   13.60    7.03    4.92   18.53     411
   11.95   13.02   14.05    6.24    4.63   18.68     411
   13.02   17.20   13.33    4.96    5.65   18.98     410

Int Range: [20,30]
  LAlpha  UAlpha     ROE    DExp    DAct    Rate     Num
  -13.26    0.37    2.50   25.95   20.63   23.14     281
    0.37    3.87    6.89   20.50   15.96   22.85     281
    3.87    5.99    7.08   17.56   15.47   22.55     281
    5.99    7.52   11.99   15.65   10.38   22.38     281
    7.52    8.97    9.93   14.20   12.56   22.49     280
    8.97   10.32   15.00   12.70    7.38   22.37     281
   10.32   11.55   12.13   11.46   10.25   22.38     281
   11.55   12.89    6.97   10.08   15.34   22.31     281
   12.89   14.46   16.68    8.78    5.74   22.43     281
   14.46   19.79   16.37    7.41    6.75   23.11     280


MinAlpha	ROE	Count
-5	9.88	30565
-4	9.88	30543
-3	9.89	30508
-2	9.90	30450
-1	9.91	30357
0	9.92	30213
1	9.97	30020
2	9.98	29763
3	10.04	29281
4	10.11	28545
5	10.31	27111
6	10.62	24698
7	11.03	21362
8	11.42	17578
9	11.89	13382
10	12.32	9117
11	12.86	5353
12	13.66	2810
13	14.79	1316
14	16.06	559
15	17.13	240

Forest Importance
('pub_rec', 8.5278683796567579e-05)
('delinq_2yrs', 0.0012295495644835141)
('mths_since_last_record', 0.0013661196559819203)
('term', 0.001410649935348044)
('loan_amnt', 0.0034102936751074127)
('is_inc_v', 0.0035380171832939244)
('even_loan_amnt', 0.0048773654660796365)
('mod_rate', 0.0055770977664803345)
('purpose', 0.0064235900812029565)
('inq_last_6mths', 0.0082679925310905882)
('home_ownership', 0.0084279720213685603)
('open_acc', 0.010870646621724791)
('mths_since_last_delinq', 0.015051271144191088)
('fico_range_low', 0.015170239800334115)
('total_acc', 0.015193039821265391)
('int_pymt', 0.015824089219963221)
('installment', 0.017679856810622552)
('emp_title_rank', 0.01818718197137361)
('clean_title_rank', 0.018414548443719796)
('annual_inc', 0.019695360255051194)
('emp_length', 0.020580918864762428)
('revol_util', 0.021206734051648048)
('zip_code', 0.021228044485819653)
('pct_med_inc', 0.022030139790605988)
('tok4_capitalization_log_odds', 0.022036921867925673)
('urate', 0.022208286409004893)
('revol_bal', 0.023394678006368422)
('short_title_rank', 0.023513142297565102)
('credit_length', 0.023752399730603838)
('avg_urate', 0.024023383319311736)
('med_inc', 0.024132259037899124)
('dti', 0.025292526490702464)
('hpa4', 0.026302474807148691)
('urate_chg', 0.02968022925851245)
('revol_bal-loan', 0.030720144973951834)
('urate_range', 0.036952904391796916)
('pymt_pct_inc', 0.058523521136784516)
('sub_grade', 0.1073860219378578)
('tok4_clean_title_log_odds', 0.10885030571975328)
('int_rate', 0.13748480276949812)


Forest Parameters
oob_score: False
n_jobs: 8
verbose: 0
min_density: None
compute_importances: None
max_leaf_nodes: None
bootstrap: True
min_samples_leaf: 100
n_estimators: 400
min_samples_split: 2
random_state: None
criterion: mse
max_features: auto
max_depth: None
