OOS Cutoff = 2014-04-01 00:00:00
Int Range: [0,7]
  LAlpha  UAlpha     ROE    DExp    DAct    Rate     Num
    1.13    3.98    4.36    2.89    1.85    6.21     200
    3.98    4.45    4.89    1.98    1.32    6.21     199
    4.45    4.71    6.24    1.65    0.00    6.24     200
    4.71    4.94    5.94    1.38    0.26    6.21     199
    4.94    5.14    6.22    1.18    0.00    6.22     199
    5.14    5.31    5.83    1.04    0.43    6.26     200
    5.31    5.47    5.16    0.86    1.08    6.24     199
    5.47    5.63    6.31    0.76    0.00    6.31     200
    5.63    5.84    6.43    0.70    0.00    6.43     199
    5.84    6.46    5.96    0.50    0.60    6.55     199

Int Range: [7,10]
  LAlpha  UAlpha     ROE    DExp    DAct    Rate     Num
    1.36    5.31    5.72    3.51    2.40    8.11     791
    5.31    5.87    6.59    2.53    1.56    8.15     790
    5.87    6.23    6.53    2.04    1.58    8.11     791
    6.23    6.53    7.13    1.78    1.03    8.17     790
    6.53    6.79    6.37    1.62    1.91    8.28     790
    6.79    7.03    7.44    1.41    0.88    8.32     791
    7.03    7.31    7.23    1.37    1.31    8.54     790
    7.31    7.64    7.29    1.31    1.48    8.77     791
    7.64    8.05    8.42    1.24    0.65    9.08     790
    8.05    9.37    7.95    0.93    1.37    9.32     790

Int Range: [10,12]
  LAlpha  UAlpha     ROE    DExp    DAct    Rate     Num
    0.74    6.74    7.65    5.14    3.24   10.89     743
    6.74    7.46    8.68    3.78    2.24   10.91     743
    7.46    7.92    8.10    3.22    2.83   10.93     743
    7.92    8.31    9.21    2.88    1.78   10.99     743
    8.31    8.66    9.13    2.60    1.95   11.07     742
    8.66    8.97    9.04    2.30    2.08   11.12     743
    8.97    9.28    8.44    2.09    2.78   11.22     743
    9.28    9.65    9.12    1.92    2.26   11.38     743
    9.65   10.11    8.37    1.64    3.14   11.52     743
   10.11   11.68    9.77    1.21    1.97   11.74     742

Int Range: [12,13.5]
  LAlpha  UAlpha     ROE    DExp    DAct    Rate     Num
   -4.24    6.18    8.22    8.32    4.81   13.03     824
    6.18    7.26    7.88    6.17    5.07   12.95     823
    7.26    7.93    8.45    5.31    4.47   12.92     823
    7.93    8.47    8.73    4.66    4.15   12.88     823
    8.47    8.92    9.81    4.15    3.05   12.86     823
    8.92    9.31    9.53    3.72    3.30   12.83     824
    9.31    9.69   10.12    3.34    2.71   12.83     823
    9.69   10.10   10.26    2.93    2.57   12.83     823
   10.10   10.59   11.36    2.49    1.46   12.82     823
   10.59   12.16   10.17    1.84    2.70   12.87     823

Int Range: [13.5,15]
  LAlpha  UAlpha     ROE    DExp    DAct    Rate     Num
   -1.36    5.95    6.76    9.87    7.59   14.36     938
    5.95    7.12    8.49    7.74    5.82   14.32     938
    7.12    7.94    8.08    6.77    6.23   14.31     938
    7.94    8.59   10.60    6.01    3.68   14.29     938
    8.59    9.13    8.29    5.44    6.02   14.31     938
    9.13    9.68    9.89    4.93    4.45   14.33     938
    9.68   10.16   10.03    4.40    4.29   14.31     938
   10.16   10.68   11.05    3.90    3.26   14.31     938
   10.68   11.32   11.02    3.38    3.34   14.36     938
   11.32   13.71   12.78    2.51    1.67   14.45     938

Int Range: [15,17]
  LAlpha  UAlpha     ROE    DExp    DAct    Rate     Num
   -6.63    4.87    6.51   13.36    9.76   16.27     812
    4.87    6.44    8.89   10.47    7.30   16.20     812
    6.44    7.52    8.70    9.07    7.39   16.08     812
    7.52    8.39   10.16    8.06    5.86   16.02     811
    8.39    9.07   11.02    7.26    4.98   16.00     812
    9.07    9.70    9.87    6.57    6.09   15.96     812
    9.70   10.34   10.60    5.88    5.31   15.91     811
   10.34   11.00    9.77    5.20    6.11   15.88     812
   11.00   11.82   10.93    4.50    4.96   15.89     812
   11.82   15.08   12.80    3.45    3.14   15.94     811

Int Range: [17,20]
  LAlpha  UAlpha     ROE    DExp    DAct    Rate     Num
   -6.77    3.24    3.90   17.58   14.64   18.54     769
    3.24    5.24    5.66   14.16   12.83   18.49     769
    5.24    6.56    8.16   12.57   10.34   18.50     769
    6.56    7.68   11.76   11.43    6.79   18.55     768
    7.68    8.62   10.64   10.34    7.86   18.49     769
    8.62    9.46    9.39    9.50    9.16   18.54     769
    9.46   10.32   10.11    8.69    8.46   18.58     768
   10.32   11.21   11.12    7.77    7.43   18.54     769
   11.21   12.36   13.46    6.92    5.23   18.69     769
   12.36   16.89   13.37    5.42    5.42   18.79     768

Int Range: [20,30]
  LAlpha  UAlpha     ROE    DExp    DAct    Rate     Num
  -13.24    0.50    1.34   26.18   22.13   23.47     457
    0.50    3.32    1.46   20.80   21.37   22.83     456
    3.32    5.20    3.83   18.21   18.70   22.52     457
    5.20    6.59    9.99   16.32   12.25   22.24     456
    6.59    7.76    8.32   15.16   14.03   22.35     457
    7.76    8.85    8.16   13.81   13.96   22.12     456
    8.85    9.95   11.11   12.74   11.03   22.14     457
    9.95   11.19    9.20   11.55   12.92   22.12     456
   11.19   12.79   13.35   10.42    9.01   22.36     457
   12.79   20.12   13.34    8.52    9.35   22.69     456


MinAlpha	ROE	Count
-5	8.95	55213
-4	8.95	55164
-3	8.96	55094
-2	8.97	54995
-1	8.99	54846
0	9.00	54645
1	9.08	54329
2	9.11	53863
3	9.14	53134
4	9.23	51869
5	9.39	49338
6	9.63	44653
7	9.92	37959
8	10.37	29883
9	10.70	21223
10	11.31	12717
11	12.43	6151
12	13.14	2683
13	14.09	1002
14	14.13	390
15	14.91	142

Forest Importance
('urate_chg', 5.5863203771681973e-05)
('urate', 0.00010102367522263285)
('avg_urate', 0.00010844131549401217)
('pub_rec', 0.0002835740379330549)
('delinq_2yrs', 0.0016429654352242834)
('term', 0.001841249263380963)
('verification_status', 0.0034857848220780302)
('mths_since_last_record', 0.0038393642111265534)
('loan_amnt', 0.0041956030656952184)
('even_loan_amnt', 0.0045445901069991355)
('purpose', 0.0051010180708742411)
('mod_rate', 0.0077230098817176141)
('home_ownership', 0.010330425500587938)
('inq_last_6mths', 0.012610445827719929)
('open_acc', 0.01353876958612853)
('fico_range_low', 0.018242953025215423)
('mths_since_last_delinq', 0.019031994766118752)
('total_acc', 0.020927679869217272)
('int_pymt', 0.02174485108298755)
('clean_title_rank', 0.021890859610955143)
('emp_title_rank', 0.022718376833242369)
('installment', 0.024048607858380349)
('revol_bal', 0.02534706805776871)
('tok4_capitalization_log_odds', 0.026209940062233539)
('emp_length', 0.027132164947053755)
('dti', 0.027416059546528058)
('short_title_rank', 0.029439832236649258)
('zip_code', 0.029597080756278905)
('revol_util', 0.030697187752495522)
('tok4_clean_title_log_odds', 0.031018058713463369)
('credit_length', 0.032261486499225223)
('annual_inc', 0.034686516153413519)
('revol_bal_pct_inc', 0.035125761313086472)
('revol_bal-loan', 0.035126098094064945)
('pct_med_inc', 0.03597213888773592)
('med_inc', 0.036525235323856695)
('hpa4', 0.045785226264959136)
('pymt_pct_inc', 0.051842401094620454)
('sub_grade', 0.058167679937103707)
('int_rate', 0.18964261330939203)


Forest Parameters
oob_score: False
n_jobs: 8
verbose: 0
min_density: None
compute_importances: None
max_leaf_nodes: None
bootstrap: True
min_samples_leaf: 100
n_estimators: 400
min_samples_split: 2
random_state: None
criterion: mse
max_features: auto
max_depth: None
