OOS Cutoff = 2013-10-01 00:00:00
Int Range: [0,7]
  LAlpha  UAlpha     ROE    DExp    DAct    Rate     Num
   -4.05    4.54    6.00    2.29    0.25    6.25     800
    4.54    4.94    6.09    1.45    0.12    6.22     800
    4.94    5.17    6.07    1.14    0.12    6.20     800
    5.17    5.34    6.08    0.94    0.12    6.21     800
    5.34    5.48    6.10    0.81    0.13    6.23     799
    5.48    5.62    6.23    0.68    0.00    6.23     800
    5.62    5.75    6.27    0.58    0.00    6.27     800
    5.75    5.88    6.20    0.51    0.12    6.32     800
    5.88    6.10    6.24    0.51    0.25    6.49     800
    6.10    6.86    6.52    0.36    0.13    6.64     799

Int Range: [7,10]
  LAlpha  UAlpha     ROE    DExp    DAct    Rate     Num
   -0.60    5.62    7.71    3.08    0.32    8.03    3159
    5.62    6.10    7.80    2.14    0.22    8.02    3158
    6.10    6.40    8.03    1.80    0.03    8.06    3158
    6.40    6.66    7.95    1.60    0.19    8.14    3159
    6.66    6.90    8.00    1.51    0.28    8.29    3158
    6.90    7.16    8.30    1.47    0.19    8.49    3158
    7.16    7.44    8.51    1.44    0.22    8.73    3159
    7.44    7.77    8.95    1.45    0.09    9.05    3158
    7.77    8.19    8.98    1.27    0.25    9.23    3158
    8.19    9.69    9.18    0.97    0.35    9.53    3158

Int Range: [10,12]
  LAlpha  UAlpha     ROE    DExp    DAct    Rate     Num
    1.61    6.87   10.60    5.07    0.54   11.13    2784
    6.87    7.50   10.82    3.86    0.25   11.07    2784
    7.50    7.94   10.87    3.36    0.22   11.08    2784
    7.94    8.29   10.82    2.99    0.29   11.10    2784
    8.29    8.59   10.68    2.67    0.43   11.12    2784
    8.59    8.90   10.98    2.45    0.22   11.19    2784
    8.90    9.21   11.08    2.21    0.18   11.26    2784
    9.21    9.55   11.10    1.97    0.25   11.35    2784
    9.55    9.97   11.26    1.73    0.22   11.48    2784
    9.97   11.50   11.46    1.38    0.25   11.71    2784

Int Range: [12,13.5]
  LAlpha  UAlpha     ROE    DExp    DAct    Rate     Num
    1.14    7.44   12.32    6.41    0.56   12.88    2493
    7.44    8.25   12.59    4.99    0.28   12.87    2492
    8.25    8.82   12.47    4.32    0.40   12.87    2492
    8.82    9.27   12.63    3.82    0.24   12.87    2493
    9.27    9.65   12.63    3.41    0.24   12.87    2492
    9.65   10.02   12.72    3.04    0.16   12.88    2492
   10.02   10.36   12.76    2.69    0.12   12.88    2493
   10.36   10.71   12.71    2.38    0.20   12.91    2492
   10.71   11.12   12.79    2.04    0.16   12.95    2492
   11.12   12.49   12.96    1.58    0.08   13.04    2492

Int Range: [13.5,15]
  LAlpha  UAlpha     ROE    DExp    DAct    Rate     Num
    0.74    7.58   13.86    7.91    0.49   14.35    3479
    7.58    8.53   13.66    6.20    0.63   14.29    3478
    8.53    9.18   13.75    5.40    0.52   14.27    3478
    9.18    9.73   13.88    4.79    0.37   14.25    3478
    9.73   10.22   13.67    4.26    0.58   14.24    3478
   10.22   10.66   13.74    3.79    0.49   14.23    3478
   10.66   11.10   13.60    3.35    0.63   14.23    3478
   11.10   11.54   13.87    2.93    0.37   14.25    3478
   11.54   12.06   13.83    2.53    0.49   14.32    3478
   12.06   14.18   14.17    2.02    0.35   14.51    3478

Int Range: [15,17]
  LAlpha  UAlpha     ROE    DExp    DAct    Rate     Num
    0.75    8.05   15.28    9.20    0.70   15.98    3009
    8.05    9.16   15.16    7.32    0.80   15.96    3008
    9.16    9.92   15.16    6.44    0.83   15.99    3008
    9.92   10.54   15.41    5.74    0.56   15.98    3009
   10.54   11.10   15.10    5.14    0.86   15.96    3008
   11.10   11.64   15.27    4.60    0.70   15.97    3008
   11.64   12.20   15.23    4.04    0.73   15.96    3009
   12.20   12.72   15.53    3.51    0.43   15.97    3008
   12.72   13.34   15.35    3.03    0.70   16.04    3008
   13.34   15.77   15.90    2.46    0.43   16.34    3008

Int Range: [17,20]
  LAlpha  UAlpha     ROE    DExp    DAct    Rate     Num
    2.33    9.11   16.71   10.43    1.53   18.23    2818
    9.11   10.25   17.06    8.60    1.28   18.33    2818
   10.25   11.04   16.60    7.76    1.81   18.41    2818
   11.04   11.71   17.40    7.05    1.03   18.43    2817
   11.71   12.32   17.86    6.44    0.60   18.46    2818
   12.32   12.95   17.53    5.85    0.96   18.49    2818
   12.95   13.55   17.48    5.23    0.99   18.48    2817
   13.55   14.16   17.27    4.63    1.21   18.48    2818
   14.16   14.91   17.99    4.04    0.57   18.56    2818
   14.91   18.27   18.13    3.39    0.82   18.95    2817

Int Range: [20,30]
  LAlpha  UAlpha     ROE    DExp    DAct    Rate     Num
    5.10   10.74   20.40   12.34    1.59   21.99    1951
   10.74   11.75   20.46   11.13    1.95   22.41    1951
   11.75   12.50   20.82   10.27    1.59   22.41    1950
   12.50   13.18   21.21    9.65    1.28   22.49    1951
   13.18   13.77   21.10    9.02    1.38   22.49    1950
   13.77   14.35   20.89    8.47    1.64   22.53    1951
   14.35   14.93   20.77    8.02    1.90   22.67    1951
   14.93   15.58   20.58    7.48    2.15   22.73    1950
   15.58   16.38   21.32    6.96    1.59   22.91    1951
   16.38   20.25   22.13    6.21    1.23   23.36    1950


Forest Importance
('pub_rec', 1.6055243499642411e-05)
('delinq_2yrs', 0.00062308471047299032)
('term', 0.0013702499143819374)
('mths_since_last_record', 0.0017574415680647265)
('title_num_words', 0.00303588292183346)
('home_ownership', 0.0032673175719041864)
('loan_amnt', 0.0039987686445373417)
('is_inc_v', 0.0041729775705091031)
('even_loan_amnt', 0.0050809677222290175)
('title_upper_count', 0.0067064460448265284)
('open_acc', 0.010844699667690043)
('fico_range_low', 0.013027502477250867)
('mod_rate', 0.013298050779472817)
('issue_mth', 0.013307997622528473)
('emp_length', 0.013677534790694891)
('title_len', 0.014539730006846784)
('max_urate', 0.015796734724273575)
('mths_since_last_delinq', 0.01603232593347282)
('credit_length', 0.017941830399318133)
('urate_range', 0.019088740870629058)
('total_acc', 0.019409433932628548)
('int_pymt', 0.021102476332829245)
('dti', 0.021174330433878081)
('med_inc', 0.022192781851361393)
('purpose', 0.022390330135604306)
('installment', 0.023200402606987514)
('min_urate', 0.024928720032378213)
('short_title_rank', 0.025182029971720681)
('title_first_word_rank', 0.025949692989300433)
('avg_urate', 0.025949949698366604)
('inq_last_6mths', 0.026084327343333227)
('zip_code', 0.026277304210500049)
('title_last_word_rank', 0.027756608375060464)
('urate', 0.027848742975473132)
('revol_util', 0.030459166082001748)
('revol_bal', 0.030538904373061504)
('title_rank', 0.031316356603615869)
('urate_chg', 0.033860491538312443)
('pct_med_inc', 0.034932968412727215)
('int_rate', 0.036829223433391151)
('title_upper_pct', 0.037439192475359762)
('revol_bal-loan', 0.043717250342629813)
('annual_inc', 0.056842821364992149)
('sub_grade', 0.14703215530005007)


Forest Parameters
oob_score: False
n_jobs: 1
verbose: 2
min_density: None
compute_importances: None
max_leaf_nodes: None
bootstrap: True
min_samples_leaf: 100
n_estimators: 400
min_samples_split: 2
random_state: None
criterion: mse
max_features: auto
max_depth: None
