OOS Cutoff = 2014-04-01 00:00:00
Int Range: [0,7]
  LAlpha  UAlpha     ROE    DExp    DAct    Rate     Num
    0.58    4.00    6.31    2.98    0.00    6.31      53
    4.00    4.47    2.51    2.08    3.84    6.35      52
    4.47    4.78    6.21    1.58    0.00    6.21      53
    4.78    5.00    5.76    1.38    0.50    6.27      52
    5.00    5.18    6.28    1.18    0.00    6.28      52
    5.18    5.34    6.42    1.16    0.00    6.42      53
    5.34    5.49    6.40    0.99    0.00    6.40      52
    5.49    5.70    6.49    0.88    0.00    6.49      53
    5.70    5.93    5.28    0.73    1.27    6.55      52
    5.93    6.46    6.12    0.50    0.50    6.62      52

Int Range: [7,10]
  LAlpha  UAlpha     ROE    DExp    DAct    Rate     Num
    0.19    5.35    5.63    3.63    2.64    8.27     302
    5.35    5.95    5.82    2.65    2.51    8.34     302
    5.95    6.34    6.55    2.26    1.85    8.40     302
    6.34    6.64    6.97    1.80    1.33    8.30     301
    6.64    6.89    5.90    1.58    2.45    8.35     302
    6.89    7.14    7.15    1.43    1.29    8.44     302
    7.14    7.48    7.04    1.38    1.63    8.68     301
    7.48    7.84    8.20    1.52    0.97    9.16     302
    7.84    8.28    8.30    1.21    0.97    9.27     302
    8.28    9.36    8.00    0.88    1.51    9.52     301

Int Range: [10,12]
  LAlpha  UAlpha     ROE    DExp    DAct    Rate     Num
    1.31    7.04    6.34    5.23    4.98   11.31     200
    7.04    7.83    9.32    3.80    1.98   11.30     200
    7.83    8.33    8.69    3.26    2.66   11.34     200
    8.33    8.76    9.63    2.90    1.82   11.45     200
    8.76    9.09    7.83    2.51    3.60   11.43     200
    9.09    9.37    9.45    2.22    1.99   11.45     200
    9.37    9.67    5.71    2.04    5.86   11.57     200
    9.67   10.01    8.93    1.83    2.74   11.68     200
   10.01   10.45    8.80    1.51    2.94   11.74     200
   10.45   11.75    9.67    1.15    2.27   11.94     200

Int Range: [12,13.5]
  LAlpha  UAlpha     ROE    DExp    DAct    Rate     Num
   -0.14    6.75    9.89    7.33    3.03   12.92     236
    6.75    7.66    6.00    5.56    6.82   12.81     235
    7.66    8.27    7.81    4.85    5.02   12.83     236
    8.27    8.78    8.57    4.22    4.19   12.76     235
    8.78    9.19    9.11    3.73    3.61   12.72     236
    9.19    9.60   10.14    3.32    2.59   12.72     235
    9.60    9.93   10.24    2.95    2.47   12.72     236
    9.93   10.34    8.47    2.58    4.23   12.70     235
   10.34   10.77   11.45    2.14    1.24   12.68     236
   10.77   12.20   10.13    1.51    2.53   12.66     235

Int Range: [13.5,15]
  LAlpha  UAlpha     ROE    DExp    DAct    Rate     Num
   -0.55    6.15    6.72    9.45    7.43   14.15     324
    6.15    7.23    9.04    7.43    5.13   14.17     324
    7.23    7.97    7.20    6.50    6.92   14.11     324
    7.97    8.67    6.86    5.84    7.31   14.17     324
    8.67    9.22    8.08    5.22    6.08   14.16     323
    9.22    9.72    9.02    4.72    5.17   14.19     324
    9.72   10.21    9.98    4.19    4.19   14.17     324
   10.21   10.71   10.94    3.70    3.23   14.17     324
   10.71   11.40    9.78    3.14    4.38   14.16     324
   11.40   13.29   12.25    2.31    2.02   14.27     323

Int Range: [15,17]
  LAlpha  UAlpha     ROE    DExp    DAct    Rate     Num
   -4.61    5.67    3.98   12.21   12.09   16.07     305
    5.67    7.20    6.43    9.39    9.48   15.92     305
    7.20    8.14    7.25    8.14    8.59   15.84     305
    8.14    8.93   11.33    7.23    4.45   15.78     305
    8.93    9.54   10.13    6.54    5.65   15.77     305
    9.54   10.15   10.70    5.87    5.02   15.72     305
   10.15   10.72    9.61    5.33    6.15   15.76     305
   10.72   11.34   11.10    4.64    4.57   15.67     305
   11.34   12.09   11.54    3.99    4.15   15.68     305
   12.09   14.62   11.85    3.06    3.93   15.78     304

Int Range: [17,20]
  LAlpha  UAlpha     ROE    DExp    DAct    Rate     Num
   -6.50    3.52    2.41   17.42   16.27   18.68     311
    3.52    5.45    6.13   14.07   12.49   18.62     310
    5.45    6.70    7.16   12.50   11.46   18.63     310
    6.70    7.82   11.26   11.39    7.41   18.67     310
    7.82    8.85    7.63   10.26   10.98   18.61     310
    8.85    9.62   11.93    9.40    6.71   18.64     310
    9.62   10.56   11.53    8.55    7.12   18.65     310
   10.56   11.47    9.95    7.71    8.76   18.71     310
   11.47   12.56   14.16    6.85    4.68   18.84     310
   12.56   16.31   14.45    5.35    4.46   18.91     310

Int Range: [20,30]
  LAlpha  UAlpha     ROE    DExp    DAct    Rate     Num
  -10.17    0.56   -2.95   25.56   26.04   23.09     177
    0.56    3.31    0.94   20.79   21.86   22.81     177
    3.31    5.47    7.15   17.94   15.27   22.43     177
    5.47    6.75    4.99   16.24   17.40   22.40     176
    6.75    8.05   10.15   14.87   12.11   22.25     177
    8.05    9.15    9.64   13.30   12.26   21.89     177
    9.15   10.27    3.40   12.67   18.98   22.38     176
   10.27   11.37    8.28   11.54   14.04   22.32     177
   11.37   12.85   13.62   10.08    8.52   22.14     177
   12.85   18.76   16.48    8.32    6.15   22.63     176


MinAlpha	ROE	Count
-5	8.58	19030
-4	8.61	19009
-3	8.62	18985
-2	8.67	18944
-1	8.71	18898
0	8.73	18822
1	8.80	18714
2	8.84	18557
3	8.88	18344
4	8.93	17956
5	9.04	17199
6	9.30	15753
7	9.68	13520
8	10.01	10959
9	10.43	8137
10	11.14	5169
11	12.36	2635
12	13.48	1196
13	15.04	469
14	15.03	193
15	15.28	59

Forest Importance
('urate_chg', 9.6101656458492336e-05)
('avg_urate', 9.7566969335280833e-05)
('urate', 0.00010752159741022961)
('pub_rec', 0.00023858594040404891)
('term', 0.0019190429855341709)
('delinq_2yrs', 0.001929167572722738)
('verification_status', 0.0030972498363961432)
('mths_since_last_record', 0.0035070281268576569)
('even_loan_amnt', 0.0038965780861470395)
('loan_amnt', 0.0043039231132935918)
('purpose', 0.0048236881454877109)
('mod_rate', 0.0077958935380373672)
('home_ownership', 0.010170522109801785)
('inq_last_6mths', 0.012804952704672572)
('open_acc', 0.01351381073912729)
('fico_range_low', 0.018021097953184184)
('mths_since_last_delinq', 0.019382910493924731)
('clean_title_rank', 0.020533190287732331)
('total_acc', 0.021405819920523948)
('int_pymt', 0.021634658608304339)
('emp_title_rank', 0.021841156238802943)
('installment', 0.023451670691815835)
('revol_bal', 0.025106801782043456)
('emp_length', 0.02665119082249583)
('tok4_capitalization_log_odds', 0.027290860756911447)
('dti', 0.027309067860525733)
('short_title_rank', 0.029316022952599431)
('zip_code', 0.030854302560519162)
('revol_util', 0.030861049532710003)
('credit_length', 0.031971622551266489)
('revol_bal_pct_inc', 0.033913572569688466)
('annual_inc', 0.034115227510946401)
('revol_bal-loan', 0.034197498352143432)
('med_inc', 0.034689196899045677)
('pct_med_inc', 0.034858596573264823)
('tok4_clean_title_log_odds', 0.041807541065785207)
('hpa4', 0.044732546959236702)
('sub_grade', 0.051247292348258346)
('pymt_pct_inc', 0.051927394460233103)
('int_rate', 0.19457807712635183)


Forest Parameters
oob_score: False
n_jobs: 8
verbose: 0
min_density: None
compute_importances: None
max_leaf_nodes: None
bootstrap: True
min_samples_leaf: 100
n_estimators: 400
min_samples_split: 2
random_state: None
criterion: mse
max_features: auto
max_depth: None
