OOS Cutoff = 2014-02-01 00:00:00
Int Range: [0,7]
  LAlpha  UAlpha     ROE    DExp    DAct    Rate     Num
   -1.04    3.47    4.64    3.66    1.63    6.28     215
    3.47    4.07    4.80    2.46    1.46    6.26     215
    4.07    4.48    5.36    2.01    0.93    6.29     215
    4.48    4.75    5.73    1.66    0.53    6.27     215
    4.75    5.00    5.91    1.43    0.40    6.30     215
    5.00    5.20    5.91    1.21    0.40    6.31     215
    5.20    5.41    6.05    1.00    0.24    6.30     215
    5.41    5.63    5.39    0.80    0.93    6.31     215
    5.63    5.88    5.55    0.72    0.93    6.48     215
    5.88    6.43    6.20    0.50    0.40    6.60     215

Int Range: [7,10]
  LAlpha  UAlpha     ROE    DExp    DAct    Rate     Num
   -0.94    4.88    5.55    4.47    2.77    8.32    1061
    4.88    5.64    6.52    2.90    1.69    8.21    1060
    5.64    6.12    6.56    2.37    1.71    8.27    1061
    6.12    6.50    6.57    2.00    1.75    8.32    1060
    6.50    6.81    6.84    1.73    1.54    8.38    1060
    6.81    7.10    7.68    1.48    0.75    8.43    1061
    7.10    7.40    6.51    1.34    2.07    8.59    1060
    7.40    7.81    7.26    1.34    1.67    8.93    1061
    7.81    8.30    7.86    1.17    1.36    9.22    1060
    8.30    9.55    7.78    0.77    1.69    9.47    1060

Int Range: [10,12]
  LAlpha  UAlpha     ROE    DExp    DAct    Rate     Num
   -2.99    6.08    7.08    6.67    4.18   11.26     823
    6.08    7.21    7.87    4.50    3.35   11.23     822
    7.21    7.84    7.77    3.68    3.45   11.22     822
    7.84    8.34    8.06    3.13    3.17   11.23     823
    8.34    8.74    8.42    2.71    2.84   11.25     822
    8.74    9.08    8.52    2.43    2.83   11.35     822
    9.08    9.46    9.35    2.14    2.06   11.41     823
    9.46    9.87    9.04    1.80    2.42   11.46     822
    9.87   10.35    9.33    1.50    2.26   11.60     822
   10.35   11.78    9.69    1.05    2.16   11.84     822

Int Range: [12,13.5]
  LAlpha  UAlpha     ROE    DExp    DAct    Rate     Num
   -7.21    6.43    7.37    8.11    5.48   12.85     873
    6.43    7.59    6.88    5.79    5.97   12.84     873
    7.59    8.36    7.94    4.81    4.87   12.81     873
    8.36    8.90    7.38    4.18    5.44   12.82     873
    8.90    9.36    8.79    3.65    4.01   12.80     873
    9.36    9.76    8.68    3.23    4.12   12.80     873
    9.76   10.16   10.30    2.82    2.49   12.78     873
   10.16   10.56   10.15    2.43    2.63   12.78     873
   10.56   11.04    9.83    2.01    2.96   12.79     873
   11.04   12.56    9.44    1.37    3.40   12.84     872

Int Range: [13.5,15]
  LAlpha  UAlpha     ROE    DExp    DAct    Rate     Num
   -7.59    5.31    5.16   10.73    9.14   14.30    1265
    5.31    6.76    8.72    8.17    5.54   14.26    1264
    6.76    7.63    6.56    7.00    7.66   14.22    1265
    7.63    8.37    8.42    6.21    5.80   14.22    1264
    8.37    9.00    7.56    5.53    6.66   14.22    1265
    9.00    9.59   10.16    4.89    4.04   14.19    1264
    9.59   10.10   10.11    4.35    4.09   14.20    1265
   10.10   10.73    9.70    3.78    4.48   14.18    1264
   10.73   11.45   10.65    3.15    3.57   14.21    1265
   11.45   13.82   11.03    2.22    3.28   14.31    1264

Int Range: [15,17]
  LAlpha  UAlpha     ROE    DExp    DAct    Rate     Num
  -11.71    3.84    6.64   14.60    9.50   16.14    1096
    3.84    5.66    5.60   11.19   10.44   16.04    1096
    5.66    6.91    8.31    9.67    7.66   15.97    1095
    6.91    7.85    9.34    8.52    6.58   15.92    1096
    7.85    8.65    8.30    7.62    7.59   15.89    1095
    8.65    9.39   10.84    6.84    5.02   15.86    1096
    9.39   10.10   10.57    6.13    5.30   15.87    1096
   10.10   10.82   10.87    5.37    4.96   15.83    1095
   10.82   11.74   11.36    4.54    4.43   15.79    1096
   11.74   14.84   11.94    3.30    3.87   15.81    1095

Int Range: [17,20]
  LAlpha  UAlpha     ROE    DExp    DAct    Rate     Num
  -14.96    2.44    1.49   18.89   17.06   18.55    1038
    2.44    4.83    5.02   14.74   13.48   18.50    1038
    4.83    6.41    7.87   12.86   10.64   18.51    1038
    6.41    7.62    8.13   11.52   10.42   18.54    1038
    7.62    8.63    8.70   10.45    9.88   18.58    1038
    8.63    9.60    9.93    9.46    8.66   18.59    1038
    9.60   10.56    9.40    8.53    9.20   18.60    1038
   10.56   11.58    9.22    7.58    9.41   18.63    1038
   11.58   12.82   11.44    6.54    7.27   18.71    1038
   12.82   17.99   13.81    4.98    5.12   18.93    1038

Int Range: [20,30]
  LAlpha  UAlpha     ROE    DExp    DAct    Rate     Num
  -16.47   -0.88   -2.16   28.02   25.55   23.39     622
   -0.88    2.50   -2.69   21.91   25.58   22.89     622
    2.50    4.66    3.79   19.13   18.98   22.76     621
    4.66    6.48   11.20   16.84   11.24   22.44     622
    6.48    7.95    4.32   15.02   17.92   22.24     621
    7.95    9.22    5.42   13.69   16.85   22.26     622
    9.22   10.56    5.85   12.34   16.38   22.23     622
   10.56   11.91    9.77   10.72   12.20   21.97     621
   11.91   13.72   10.65    9.38   11.49   22.14     622
   13.72   20.99   13.02    7.34    9.56   22.58     621


MinAlpha	ROE	Count
-5	8.22	69585
-4	8.23	69472
-3	8.27	69313
-2	8.29	69106
-1	8.31	68830
0	8.35	68410
1	8.40	67834
2	8.48	66980
3	8.55	65690
4	8.64	63578
5	8.84	59969
6	9.01	54136
7	9.20	46494
8	9.66	37340
9	10.22	27467
10	10.58	17697
11	11.31	9406
12	12.24	4442
13	13.27	2036
14	13.25	971
15	13.91	438

Forest Importance
('pub_rec', 0.0005699477068987224)
('delinq_2yrs', 0.0010449332616028627)
('term', 0.001810029470885232)
('mths_since_last_record', 0.004473516200274902)
('verification_status', 0.0048748165891688896)
('even_loan_amnt', 0.0058528077266636527)
('loan_amnt', 0.0063476808882880417)
('purpose', 0.0077172619798935652)
('home_ownership', 0.0093816064961522033)
('inq_last_6mths', 0.014066273818355903)
('open_acc', 0.020192435227484075)
('mths_since_last_delinq', 0.025074112953008917)
('int_pymt', 0.026921966322707852)
('total_acc', 0.029099903701029491)
('tok4_capitalization_log_odds', 0.029701300388666581)
('emp_length', 0.030276744505561261)
('installment', 0.031975093713593777)
('dti', 0.032859690180417442)
('annual_inc', 0.034976941290278889)
('revol_bal', 0.03541724390510604)
('credit_length', 0.036427141677040781)
('revol_util', 0.041078800570474631)
('revol_bal-loan', 0.044060408114502653)
('clean_title_rank', 0.044908648986334246)
('revol_bal_pct_inc', 0.045920927931332151)
('pct_med_inc', 0.047209575731143427)
('pymt_pct_inc', 0.050718680094836627)
('int_pct_inc', 0.051365922453065753)
('tok4_clean_title_log_odds', 0.053498894026670574)
('urate', 0.0619945971868592)
('sub_grade', 0.066768046119230706)
('int_rate', 0.10341405078247093)


Forest Parameters
oob_score: False
n_jobs: 8
verbose: 0
min_density: None
compute_importances: None
max_leaf_nodes: None
bootstrap: True
min_samples_leaf: 50
n_estimators: 400
min_samples_split: 2
random_state: None
criterion: mse
max_features: auto
max_depth: None
