OOS Cutoff = 2014-10-01 00:00:00
Int Range: [0,7]
  LAlpha  UAlpha     ROE    DExp    DAct    Rate     Num
  -10.40    4.42    4.46    2.59    1.81    6.27     393
    4.42    4.90    4.28    1.65    2.05    6.33     393
    4.90    5.21    5.64    1.25    0.67    6.32     392
    5.21    5.41    5.44    0.92    0.79    6.24     393
    5.41    5.56    5.86    0.75    0.38    6.24     392
    5.56    5.70    4.96    0.63    1.30    6.26     393
    5.70    5.83    5.30    0.54    1.01    6.31     393
    5.83    6.00    5.80    0.49    0.60    6.40     392
    6.00    6.22    4.40    0.47    2.18    6.58     393
    6.22    6.92    5.91    0.36    0.88    6.78     392

Int Range: [7,10]
  LAlpha  UAlpha     ROE    DExp    DAct    Rate     Num
   -0.83    4.55    6.30    4.48    1.94    8.23    1106
    4.55    5.20    5.05    3.22    3.07    8.12    1106
    5.20    5.61    5.45    2.77    2.73    8.18    1106
    5.61    5.94    6.56    2.39    1.60    8.16    1106
    5.94    6.21    5.84    2.02    2.26    8.10    1106
    6.21    6.46    6.66    1.76    1.43    8.09    1106
    6.46    6.68    6.93    1.49    1.13    8.06    1106
    6.68    6.96    6.84    1.38    1.35    8.19    1106
    6.96    7.38    7.38    1.49    1.27    8.64    1106
    7.38    9.04    7.67    1.28    1.40    9.06    1105

Int Range: [10,12]
  LAlpha  UAlpha     ROE    DExp    DAct    Rate     Num
   -0.74    5.30    7.22    6.90    3.86   11.08    1021
    5.30    6.19    7.10    5.26    3.94   11.04    1020
    6.19    6.78    7.17    4.52    3.85   11.02    1020
    6.78    7.24    6.78    3.99    4.23   11.02    1020
    7.24    7.65    8.71    3.59    2.34   11.04    1020
    7.65    8.05    7.83    3.21    3.23   11.06    1021
    8.05    8.41    8.40    2.84    2.67   11.07    1020
    8.41    8.80    8.02    2.49    3.08   11.09    1020
    8.80    9.33    8.48    2.18    2.74   11.22    1020
    9.33   11.23    9.30    1.68    2.18   11.48    1020

Int Range: [12,13.5]
  LAlpha  UAlpha     ROE    DExp    DAct    Rate     Num
   -6.06    4.58    5.02    9.67    7.89   12.91    1024
    4.58    5.61    6.12    7.73    6.76   12.88    1024
    5.61    6.37    5.80    6.85    7.05   12.86    1024
    6.37    6.99    6.11    6.17    6.76   12.86    1023
    6.99    7.54    8.78    5.60    4.09   12.87    1024
    7.54    8.06    8.77    5.07    4.10   12.87    1024
    8.06    8.57    8.73    4.56    4.15   12.88    1023
    8.57    9.12    9.50    4.04    3.38   12.88    1024
    9.12    9.80    8.36    3.47    4.55   12.91    1024
    9.80   12.55   10.01    2.58    2.96   12.97    1023

Int Range: [13.5,15]
  LAlpha  UAlpha     ROE    DExp    DAct    Rate     Num
   -4.75    4.28    4.49   11.60    9.90   14.39    1033
    4.28    5.55    6.44    9.40    7.93   14.36    1033
    5.55    6.41    6.11    8.40    8.28   14.39    1033
    6.41    7.15    4.22    7.58   10.15   14.38    1033
    7.15    7.80    5.43    6.90    8.95   14.38    1033
    7.80    8.42    8.00    6.28    6.40   14.39    1033
    8.42    9.05    7.84    5.65    6.55   14.39    1033
    9.05    9.73    6.93    4.97    7.44   14.37    1033
    9.73   10.60    7.82    4.27    6.59   14.40    1033
   10.60   13.31    9.91    3.19    4.59   14.50    1032

Int Range: [15,17]
  LAlpha  UAlpha     ROE    DExp    DAct    Rate     Num
  -10.85    2.43    3.94   16.06   12.31   16.24     727
    2.43    4.07    2.29   12.85   13.85   16.14     726
    4.07    5.23    4.88   11.45   11.25   16.13     726
    5.23    6.20    5.69   10.41   10.45   16.13     726
    6.20    6.98    6.53    9.49    9.54   16.07     726
    6.98    7.76    5.43    8.76   10.71   16.14     726
    7.76    8.49    7.54    8.01    8.59   16.13     726
    8.49    9.32    8.74    7.23    7.39   16.12     726
    9.32   10.40    7.33    6.29    8.81   16.14     726
   10.40   13.69   10.98    4.88    5.18   16.16     726

Int Range: [17,20]
  LAlpha  UAlpha     ROE    DExp    DAct    Rate     Num
  -11.42    0.17   -3.25   21.20   22.03   18.77     669
    0.17    2.47    2.04   17.03   16.40   18.44     668
    2.47    4.10    4.59   15.12   13.86   18.46     668
    4.10    5.36    3.46   13.63   14.90   18.36     668
    5.36    6.46    4.73   12.43   13.63   18.36     668
    6.46    7.42    5.57   11.38   12.75   18.32     668
    7.42    8.40    4.09   10.41   14.23   18.32     668
    8.40    9.37    7.70    9.38   10.55   18.26     668
    9.37   10.62    6.73    8.40   11.63   18.35     668
   10.62   15.76    9.22    6.60    9.16   18.38     668

Int Range: [20,30]
  LAlpha  UAlpha     ROE    DExp    DAct    Rate     Num
  -14.93   -5.70   -9.17   31.02   32.07   22.91     406
   -5.70   -3.12    4.46   27.42   18.66   23.12     405
   -3.12   -1.01   -1.38   24.79   24.18   22.80     405
   -1.01    0.66   -2.87   23.05   25.73   22.86     406
    0.66    2.44   -3.64   20.96   26.18   22.54     405
    2.44    4.10    7.79   19.35   14.81   22.60     405
    4.10    5.73    1.45   17.66   21.12   22.57     406
    5.73    7.40    1.06   15.90   21.38   22.44     405
    7.40    9.54    3.84   13.80   18.37   22.21     405
    9.54   18.45    9.17   10.83   13.19   22.36     405


MinAlpha	ROE	Count
-5	6.42	63137
-4	6.44	62926
-3	6.46	62654
-2	6.52	62325
-1	6.57	61881
0	6.63	61310
1	6.67	60558
2	6.75	59584
3	6.85	57992
4	6.94	55297
5	7.10	50207
6	7.40	40319
7	7.99	28825
8	8.37	19121
9	8.57	10810
10	9.15	5067
11	10.14	1905
12	11.62	625
13	9.88	168
14	15.89	57
15	16.82	19

Forest Importance
('pub_rec', 0.00024674582673848175)
('delinq_2yrs', 0.00071755693382487675)
('term', 0.0021793506721281973)
('loan_amnt', 0.0038065932871236279)
('purpose', 0.0042973442530452686)
('verification_status', 0.0046933972103222086)
('even_loan_amnt', 0.0053463518812346764)
('mths_since_last_record', 0.0054741862350467518)
('mths_since_last_major_derog', 0.0061324525532265505)
('inq_last_6mths', 0.013813257300999551)
('open_acc', 0.013826176762224468)
('home_ownership', 0.016576628580806923)
('mths_since_last_delinq', 0.019305693152448823)
('int_pymt', 0.020335687653867115)
('total_acc', 0.021867600528564846)
('installment', 0.022976378762275065)
('revol_bal', 0.026460961390928999)
('emp_length', 0.026522389463489074)
('annual_inc', 0.028222319371697568)
('dti', 0.029578926883372901)
('revol_util', 0.030178433979073594)
('tok4_capitalization_log_odds', 0.03062475248971408)
('revol_bal-loan', 0.030913750546076479)
('clean_title_rank', 0.031309834728966882)
('revol_bal_pct_inc', 0.032776021552486059)
('credit_length', 0.033144391638655735)
('pct_med_inc', 0.034998359163832822)
('int_pct_inc', 0.036392012970539026)
('urate', 0.038927201557162415)
('pymt_pct_inc', 0.047618199787864135)
('tok4_clean_title_log_odds', 0.057404942655689989)
('int_rate', 0.092640200454127158)
('sub_grade', 0.23069189977244567)


Forest Parameters
oob_score: False
n_jobs: 8
verbose: 0
min_density: None
compute_importances: None
max_leaf_nodes: None
bootstrap: True
min_samples_leaf: 150
n_estimators: 100
min_samples_split: 2
random_state: None
criterion: mse
max_features: auto
max_depth: None
