OOS Cutoff = 2014-03-01 00:00:00
Int Range: [0,7]
  LAlpha  UAlpha     ROE    DExp    DAct    Rate     Num
    0.34    4.18    6.28    2.80    0.00    6.28      94
    4.18    4.61    5.03    1.83    1.21    6.24      94
    4.61    4.89    6.37    1.61    0.00    6.37      94
    4.89    5.16    6.30    1.27    0.00    6.30      93
    5.16    5.31    6.33    1.10    0.00    6.33      94
    5.31    5.47    4.83    0.93    1.49    6.32      94
    5.47    5.62    6.41    0.86    0.00    6.41      93
    5.62    5.81    6.45    0.75    0.00    6.45      94
    5.81    6.04    5.67    0.66    0.91    6.58      94
    6.04    6.48    6.62    0.42    0.00    6.62      93

Int Range: [7,10]
  LAlpha  UAlpha     ROE    DExp    DAct    Rate     Num
    2.44    5.47    6.94    3.43    1.35    8.29     547
    5.47    6.00    6.99    2.61    1.37    8.36     546
    6.00    6.34    7.40    2.20    0.98    8.38     546
    6.34    6.63    7.30    1.91    1.11    8.41     547
    6.63    6.87    7.07    1.62    1.30    8.37     546
    6.87    7.12    7.70    1.49    0.78    8.48     546
    7.12    7.38    7.23    1.41    1.42    8.65     547
    7.38    7.77    8.15    1.57    1.00    9.15     546
    7.77    8.18    7.52    1.30    1.75    9.27     546
    8.18    9.44    7.89    0.97    1.61    9.50     546

Int Range: [10,12]
  LAlpha  UAlpha     ROE    DExp    DAct    Rate     Num
    0.91    6.92    9.36    5.35    1.97   11.33     374
    6.92    7.62    8.99    4.05    2.35   11.34     374
    7.62    8.14    9.94    3.49    1.44   11.38     374
    8.14    8.53    9.52    3.06    1.90   11.42     374
    8.53    8.88   10.70    2.76    0.76   11.46     374
    8.88    9.19    9.99    2.49    1.53   11.52     374
    9.19    9.50    8.88    2.20    2.66   11.54     374
    9.50    9.82    9.66    1.97    1.96   11.62     374
    9.82   10.29   10.63    1.74    1.13   11.77     374
   10.29   11.67    9.16    1.27    2.78   11.93     374

Int Range: [12,13.5]
  LAlpha  UAlpha     ROE    DExp    DAct    Rate     Num
    1.84    7.39    9.19    6.44    3.66   12.84     436
    7.39    8.12    8.73    5.01    4.06   12.79     436
    8.12    8.68    9.09    4.35    3.67   12.77     436
    8.68    9.10    9.60    3.87    3.17   12.77     436
    9.10    9.43   10.19    3.49    2.56   12.74     436
    9.43    9.76   10.09    3.11    2.63   12.71     436
    9.76   10.08    9.61    2.82    3.12   12.73     436
   10.08   10.40   11.30    2.51    1.44   12.75     436
   10.40   10.79   10.59    2.15    2.15   12.74     436
   10.79   12.01   10.94    1.65    1.81   12.75     436

Int Range: [13.5,15]
  LAlpha  UAlpha     ROE    DExp    DAct    Rate     Num
   -0.63    6.94    7.59    8.54    6.64   14.23     628
    6.94    7.91    9.86    6.67    4.29   14.15     627
    7.91    8.63   10.43    5.85    3.71   14.14     628
    8.63    9.16   10.51    5.23    3.62   14.13     627
    9.16    9.64    9.11    4.73    5.02   14.13     628
    9.64   10.09    9.72    4.31    4.45   14.17     627
   10.09   10.54    9.33    3.83    4.81   14.14     628
   10.54   10.98   10.92    3.43    3.27   14.18     627
   10.98   11.46   11.41    2.94    2.75   14.16     628
   11.46   12.90   11.08    2.39    3.15   14.23     627

Int Range: [15,17]
  LAlpha  UAlpha     ROE    DExp    DAct    Rate     Num
   -2.44    6.40    8.18   11.08    7.77   15.94     581
    6.40    7.60    6.92    8.85    8.98   15.90     581
    7.60    8.41    9.25    7.80    6.57   15.82     581
    8.41    9.04    9.51    7.11    6.32   15.83     581
    9.04    9.66   11.58    6.48    4.23   15.82     581
    9.66   10.16   11.94    5.87    3.85   15.78     581
   10.16   10.67   12.44    5.33    3.32   15.76     581
   10.67   11.21   12.52    4.80    3.21   15.73     581
   11.21   11.83   12.10    4.17    3.57   15.67     581
   11.83   13.52   12.66    3.37    3.01   15.67     580

Int Range: [17,20]
  LAlpha  UAlpha     ROE    DExp    DAct    Rate     Num
   -4.21    4.29    4.80   16.21   13.72   18.52     568
    4.29    6.01    8.75   13.41    9.86   18.61     567
    6.01    7.34    9.48   11.79    9.03   18.52     568
    7.34    8.35    9.98   10.73    8.59   18.57     567
    8.35    9.24   13.99    9.78    4.59   18.57     567
    9.24   10.03   13.22    9.06    5.47   18.69     568
   10.03   10.84   12.27    8.24    6.41   18.67     567
   10.84   11.66   13.47    7.49    5.28   18.75     568
   11.66   12.64   12.57    6.71    6.27   18.84     567
   12.64   16.24   13.59    5.46    5.40   19.00     567

Int Range: [20,30]
  LAlpha  UAlpha     ROE    DExp    DAct    Rate     Num
  -10.43    1.62    2.40   24.91   21.02   23.42     330
    1.62    3.99    6.42   20.10   16.61   23.03     329
    3.99    5.66    5.67   17.93   17.11   22.78     330
    5.66    7.00   11.89   16.23   10.75   22.64     329
    7.00    8.19   12.84   14.82    9.56   22.39     329
    8.19    9.21   10.44   13.54   11.84   22.28     330
    9.21   10.24    8.50   12.37   13.59   22.09     329
   10.24   11.34   10.39   11.00   11.40   21.79     330
   11.34   12.85   13.66    9.97    8.35   22.01     329
   12.85   19.14   13.66    7.92    8.46   22.12     329


MinAlpha	ROE	Count
-5	9.75	35520
-4	9.76	35502
-3	9.76	35475
-2	9.77	35425
-1	9.78	35374
0	9.80	35296
1	9.81	35149
2	9.84	34951
3	9.89	34625
4	9.92	34057
5	10.02	32925
6	10.24	30437
7	10.56	26532
8	10.91	21723
9	11.31	16373
10	11.75	10488
11	12.45	5266
12	12.93	2026
13	12.88	757
14	15.03	284
15	18.18	102

Forest Importance
('term', 0.0050455104845804778)
('purpose', 0.011830494490234354)
('home_ownership', 0.016226629533475988)
('inq_last_6mths', 0.021654139299193756)
('loan_amnt', 0.024636050573777005)
('open_acc', 0.03638078565670632)
('fico_range_low', 0.04030689626718606)
('emp_length', 0.049797720288698534)
('dti', 0.056637766024889097)
('credit_length', 0.059429406971749171)
('revol_util', 0.068512305583388014)
('sub_grade', 0.068643962462764718)
('revol_bal', 0.088128362761795281)
('annual_inc', 0.099782451519961485)
('installment', 0.10085433786043009)
('int_rate', 0.25213318022116971)


Forest Parameters
oob_score: False
n_jobs: 8
verbose: 0
min_density: None
compute_importances: None
max_leaf_nodes: None
bootstrap: True
min_samples_leaf: 100
n_estimators: 400
min_samples_split: 2
random_state: None
criterion: mse
max_features: auto
max_depth: None
