OOS Cutoff = 2015-04-15

 LPrepay UPrepay    PExp    PAct    Rate     Num
    3.47    7.52    6.39    4.22   12.50    3188
    7.52    8.96    8.27    6.66   12.64    3188
    8.96   10.24    9.61    6.51   12.78    3188
   10.24   11.45   10.83    9.68   12.51    3188
   11.45   12.73   12.09    9.05   12.75    3188
   12.73   14.13   13.42   10.73   12.71    3188
   14.13   15.75   14.92   12.32   12.94    3188
   15.75   17.83   16.75   13.24   13.11    3188
   17.83   21.02   19.28   16.82   12.96    3188
   21.02   38.04   24.63   22.48   12.57    3188


MinPrepay	AvgLowPrepay	AvgHighPrepay
5	11.24	2.15
6	11.40	3.79
7	11.73	3.87
8	12.16	4.60
9	12.63	5.42
10	13.31	5.70
11	13.87	6.46
12	14.50	6.98
13	15.36	7.30
14	16.15	7.72
15	16.81	8.22
16	17.92	8.47
17	18.89	8.77
18	19.80	9.11
19	20.10	9.51
20	21.12	9.74
21	22.48	9.91
22	23.33	10.12
23	23.85	10.34
24	24.83	10.50
25	25.65	10.64
26	27.21	10.73
27	29.20	10.81
28	29.13	10.91
29	28.82	10.98
30	31.51	11.02

Forest Importance
('even_loan_amnt', 0.0030082269911622561)
('loan_amnt', 0.006076887522457556)
('purpose', 0.0061050855646899134)
('inq_last_6mths', 0.0078947661859277204)
('home_ownership', 0.0090210659149078925)
('fico_range_low', 0.015839728744636135)
('revol_bal-loan', 0.015843620152684586)
('int_pct_inc', 0.017091685728276674)
('urate_chg', 0.018596142809597892)
('pymt_pct_inc', 0.023282325386512617)
('credit_length', 0.025828387227558564)
('installment', 0.026744854148768375)
('sub_grade', 0.0335801947292758)
('revol_bal_pct_inc', 0.035114464591985695)
('mths_since_last_delinq', 0.04039109332083031)
('term', 0.044140903559619603)
('hpa4', 0.045863930892333496)
('dti', 0.052639467448102578)
('int_rate', 0.067875518071115915)
('total_acc', 0.073703356014131888)
('pctlo', 0.086167405073760722)
('loan_pct_income', 0.15296252618061479)
('revol_util', 0.19222836374104887)


Forest Parameters
oob_score: False
n_jobs: 8
verbose: 0
min_density: None
compute_importances: None
max_leaf_nodes: None
bootstrap: True
min_samples_leaf: 400
n_estimators: 200
min_samples_split: 2
random_state: None
criterion: mse
max_features: auto
max_depth: None
