OOS Cutoff = 2014-05-01 00:00:00
Int Range: [0,7]
  LAlpha  UAlpha     ROE    DExp    DAct    Rate     Num
    2.06    4.51    6.19    2.25    0.00    6.19     189
    4.51    4.97    5.72    1.40    0.45    6.17     189
    4.97    5.27    5.58    1.04    0.59    6.17     189
    5.27    5.45    6.17    0.81    0.00    6.17     189
    5.45    5.60    6.16    0.63    0.00    6.16     189
    5.60    5.72    6.16    0.50    0.00    6.16     189
    5.72    5.82    6.16    0.40    0.00    6.16     189
    5.82    5.92    6.06    0.33    0.14    6.20     189
    5.92    6.14    6.37    0.37    0.00    6.37     189
    6.14    6.45    6.49    0.23    0.00    6.49     189

Int Range: [7,10]
  LAlpha  UAlpha     ROE    DExp    DAct    Rate     Num
    2.69    5.80    6.63    2.74    1.24    7.87     602
    5.80    6.31    7.67    1.78    0.19    7.86     602
    6.31    6.63    6.36    1.38    1.51    7.87     601
    6.63    6.87    7.12    1.22    0.86    7.98     602
    6.87    7.09    7.93    1.10    0.15    8.08     601
    7.09    7.30    6.90    1.04    1.34    8.24     602
    7.30    7.52    7.50    1.03    0.95    8.44     602
    7.52    7.81    8.12    1.06    0.61    8.73     601
    7.81    8.13    8.07    0.97    0.86    8.93     602
    8.13    9.00    8.62    0.75    0.53    9.15     601

Int Range: [10,12]
  LAlpha  UAlpha     ROE    DExp    DAct    Rate     Num
    1.14    7.05    9.92    4.54    0.76   10.68     734
    7.05    7.73    9.39    3.26    1.30   10.69     734
    7.73    8.17    9.32    2.80    1.44   10.76     734
    8.17    8.48    9.81    2.45    0.97   10.78     733
    8.48    8.76    9.71    2.21    1.14   10.84     734
    8.76    9.06    9.18    2.03    1.75   10.93     734
    9.06    9.36    9.85    1.89    1.24   11.10     733
    9.36    9.67    9.62    1.75    1.64   11.26     734
    9.67   10.05   10.66    1.55    0.73   11.40     734
   10.05   11.29   10.51    1.17    1.05   11.56     733

Int Range: [12,13.5]
  LAlpha  UAlpha     ROE    DExp    DAct    Rate     Num
    0.56    7.48   11.74    6.58    1.32   13.06     774
    7.48    8.30   11.17    5.06    1.85   13.02     773
    8.30    8.84   10.98    4.39    2.01   12.99     773
    8.84    9.26   11.61    3.91    1.36   12.97     773
    9.26    9.61   10.84    3.52    2.11   12.96     773
    9.61    9.92   10.53    3.15    2.40   12.93     774
    9.92   10.21   10.61    2.85    2.30   12.91     773
   10.21   10.53   11.15    2.52    1.74   12.89     773
   10.53   10.94   11.84    2.19    1.07   12.91     773
   10.94   12.49   10.88    1.69    2.09   12.97     773

Int Range: [13.5,15]
  LAlpha  UAlpha     ROE    DExp    DAct    Rate     Num
    0.74    7.62   11.22    7.90    3.22   14.44     790
    7.62    8.51   11.26    6.36    3.20   14.46     790
    8.51    9.13   11.89    5.60    2.54   14.43     790
    9.13    9.60   11.57    5.06    2.85   14.42     790
    9.60   10.07   12.37    4.58    2.05   14.43     790
   10.07   10.47   12.32    4.18    2.13   14.45     790
   10.47   10.83   11.07    3.79    3.38   14.45     790
   10.83   11.24   11.79    3.44    2.69   14.47     790
   11.24   11.72   12.66    3.06    1.86   14.52     790
   11.72   13.89   13.47    2.49    1.19   14.66     790

Int Range: [15,17]
  LAlpha  UAlpha     ROE    DExp    DAct    Rate     Num
   -3.93    6.83   11.81   11.23    4.71   16.53     636
    6.83    8.09   11.96    8.84    4.38   16.34     635
    8.09    8.93   10.82    7.76    5.46   16.29     636
    8.93    9.55   12.69    7.05    3.60   16.29     635
    9.55   10.09   12.36    6.42    3.88   16.23     635
   10.09   10.61   12.31    5.84    3.89   16.20     636
   10.61   11.14   14.55    5.33    1.65   16.20     635
   11.14   11.63   13.56    4.75    2.56   16.12     636
   11.63   12.30   13.82    4.15    2.27   16.10     635
   12.30   14.80   14.00    3.30    2.13   16.14     635

Int Range: [17,20]
  LAlpha  UAlpha     ROE    DExp    DAct    Rate     Num
   -5.76    5.70   10.99   14.65    7.40   18.39     555
    5.70    7.34   12.17   11.77    6.22   18.38     555
    7.34    8.37   12.59   10.42    5.71   18.30     555
    8.37    9.19   14.00    9.57    4.37   18.36     555
    9.19    9.96   13.45    8.84    4.96   18.41     555
    9.96   10.66   14.21    8.11    4.23   18.44     555
   10.66   11.36   14.61    7.45    3.87   18.47     555
   11.36   12.02   15.63    6.81    2.88   18.50     555
   12.02   12.85   14.72    6.14    3.83   18.55     555
   12.85   16.77   16.00    5.06    2.75   18.75     555

Int Range: [20,30]
  LAlpha  UAlpha     ROE    DExp    DAct    Rate     Num
  -12.23    2.75   13.27   24.56   10.77   24.03     368
    2.75    5.30    8.59   19.21   14.78   23.37     367
    5.30    6.92   13.62   16.83    9.38   23.00     367
    6.92    8.07   14.87   14.95    7.59   22.46     367
    8.07    9.21   16.10   13.69    6.25   22.35     367
    9.21   10.27   14.04   12.32    8.02   22.06     367
   10.27   11.22   12.02   11.20    9.96   21.98     367
   11.22   12.24   13.84   10.03    7.93   21.76     367
   12.24   13.62   18.66    9.03    3.23   21.89     367
   13.62   18.67   18.28    7.73    4.32   22.60     367


MinAlpha	ROE	Count
-5	11.19	46422
-4	11.18	46404
-3	11.18	46384
-2	11.17	46357
-1	11.17	46324
0	11.17	46263
1	11.17	46182
2	11.18	46058
3	11.18	45831
4	11.21	45421
5	11.28	44362
6	11.49	41574
7	11.74	37401
8	12.09	31112
9	12.51	23686
10	13.10	15374
11	14.16	7972
12	15.45	3329
13	16.91	1206
14	18.46	451
15	18.78	160

Forest Importance
('pub_rec', 0.00046624959401946872)
('delinq_2yrs', 0.0027249218505002032)
('is_inc_v', 0.0036972306270359827)
('term', 0.0037771473187740382)
('even_loan_amnt', 0.0046650470930125294)
('loan_amnt', 0.0047739208731969532)
('mths_since_last_record', 0.005262330586533792)
('purpose', 0.0055551318607063478)
('sub_grade', 0.0072524742284609308)
('home_ownership', 0.010221838016222739)
('inq_last_6mths', 0.014461701314179948)
('open_acc', 0.016598221308036058)
('fico_range_low', 0.020408191568397249)
('mths_since_last_delinq', 0.021288862012008795)
('total_acc', 0.022991980006155422)
('int_pymt', 0.024306776400645998)
('emp_length', 0.025555314696053162)
('installment', 0.027024348661203564)
('dti', 0.027387457823763606)
('revol_bal', 0.028996587891998184)
('urate', 0.032818466104436214)
('credit_length', 0.034481312932137902)
('revol_util', 0.03461354813512197)
('annual_inc', 0.035657305172244927)
('revol_bal_pct_inc', 0.035753104931528598)
('revol_bal-loan', 0.036995841884736709)
('med_inc', 0.037017065678106024)
('avg_urate', 0.037156045639630965)
('pct_med_inc', 0.039205958760408902)
('urate_range', 0.039868401779965867)
('urate_chg', 0.043079218573145027)
('pymt_pct_inc', 0.058933784035584906)
('int_rate', 0.25700421264204726)


Forest Parameters
oob_score: False
n_jobs: 8
verbose: 0
min_density: None
compute_importances: None
max_leaf_nodes: None
bootstrap: True
min_samples_leaf: 100
n_estimators: 400
min_samples_split: 2
random_state: None
criterion: mse
max_features: auto
max_depth: None
