
Int Range: [0,7]
  LAlpha  UAlpha     ROE    DExp    DAct    Rate     Num
   -7.97    0.88    4.70    6.55    1.66    6.36    1148
    0.88    1.73    5.71    4.98    0.61    6.32    1147
    1.73    2.26    5.58    4.27    0.70    6.28    1147
    2.26    2.66    5.24    3.82    1.05    6.29    1147
    2.66    2.99    5.57    3.44    0.70    6.27    1147
    2.99    3.29    5.42    3.15    0.87    6.29    1147
    3.29    3.57    5.59    2.86    0.70    6.29    1147
    3.57    3.87    6.04    2.59    0.26    6.31    1147
    3.87    4.25    5.97    2.27    0.35    6.32    1147
    4.25    5.84    6.19    1.76    0.17    6.37    1147

Int Range: [7,10]
  LAlpha  UAlpha     ROE    DExp    DAct    Rate     Num
   -4.93    0.69    6.51    9.03    2.10    8.61    4150
    0.69    1.64    6.91    7.37    1.66    8.57    4150
    1.64    2.31    7.17    6.53    1.35    8.52    4150
    2.31    2.86    7.25    5.91    1.25    8.50    4150
    2.86    3.33    7.25    5.35    1.20    8.45    4150
    3.33    3.74    7.24    4.93    1.23    8.47    4150
    3.74    4.13    7.21    4.58    1.30    8.51    4150
    4.13    4.55    7.35    4.21    1.20    8.55    4150
    4.55    5.07    7.70    3.87    0.96    8.66    4150
    5.07    7.48    7.84    3.39    1.11    8.95    4150

Int Range: [10,12]
  LAlpha  UAlpha     ROE    DExp    DAct    Rate     Num
   -5.74    0.72    8.44   11.76    2.77   11.21    4038
    0.72    1.85    8.25    9.79    2.87   11.12    4038
    1.85    2.66    8.46    8.83    2.65   11.11    4038
    2.66    3.34    8.59    8.08    2.50   11.09    4038
    3.34    3.94    9.21    7.44    1.88   11.09    4038
    3.94    4.47    9.13    6.88    1.96   11.09    4038
    4.47    4.98    8.93    6.38    2.18   11.11    4038
    4.98    5.49    9.65    5.90    1.49   11.14    4038
    5.49    6.10    9.63    5.41    1.56   11.19    4038
    6.10    8.41    9.42    4.74    1.93   11.36    4037

Int Range: [12,13.5]
  LAlpha  UAlpha     ROE    DExp    DAct    Rate     Num
   -6.22    0.03    9.05   14.22    3.81   12.85    3810
    0.03    1.36    8.71   12.07    4.12   12.83    3809
    1.36    2.27    9.22   11.00    3.62   12.84    3810
    2.27    3.03    9.69   10.16    3.12   12.82    3809
    3.03    3.72    9.87    9.43    2.94   12.81    3810
    3.72    4.35   10.19    8.76    2.60   12.79    3809
    4.35    4.94   10.13    8.13    2.65   12.78    3810
    4.94    5.56   10.42    7.54    2.36   12.79    3809
    5.56    6.27   10.36    6.87    2.41   12.77    3810
    6.27    8.83   10.20    5.91    2.57   12.77    3809

Int Range: [13.5,15]
  LAlpha  UAlpha     ROE    DExp    DAct    Rate     Num
   -7.31   -0.73   10.34   16.41    3.99   14.34    4382
   -0.73    0.58   10.38   14.34    3.95   14.33    4382
    0.58    1.46   10.83   13.28    3.49   14.32    4381
    1.46    2.21   11.13   12.43    3.15   14.28    4382
    2.21    2.91   11.06   11.71    3.22   14.28    4381
    2.91    3.59   10.53   11.01    3.74   14.27    4382
    3.59    4.28   11.11   10.31    3.13   14.24    4382
    4.28    5.02   10.82    9.59    3.40   14.23    4381
    5.02    5.89   11.48    8.77    2.72   14.20    4382
    5.89    9.61   11.76    7.50    2.40   14.15    4381

Int Range: [15,17]
  LAlpha  UAlpha     ROE    DExp    DAct    Rate     Num
   -7.29   -1.11    8.61   18.40    7.46   16.06    4613
   -1.11    0.13   10.22   16.50    5.83   16.05    4613
    0.13    1.06   10.67   15.41    5.35   16.02    4613
    1.06    1.85   10.88   14.53    5.12   15.99    4613
    1.85    2.59   11.20   13.75    4.77   15.97    4613
    2.59    3.33   11.40   12.98    4.53   15.93    4613
    3.33    4.09   11.11   12.21    4.81   15.92    4613
    4.09    4.94   12.08   11.40    3.82   15.90    4613
    4.94    5.99   11.88   10.45    4.01   15.89    4613
    5.99    9.75   12.43    8.95    3.45   15.88    4613

Int Range: [17,20]
  LAlpha  UAlpha     ROE    DExp    DAct    Rate     Num
   -6.74   -1.05    6.82   20.53   11.55   18.37    4414
   -1.05    0.14    9.53   18.82    8.88   18.41    4414
    0.14    1.04   10.07   17.79    8.31   18.39    4414
    1.04    1.85   10.45   16.93    7.93   18.38    4414
    1.85    2.62   11.68   16.17    6.73   18.41    4414
    2.62    3.42   12.40   15.38    6.00   18.40    4414
    3.42    4.29   12.35   14.56    6.05   18.40    4414
    4.29    5.28   12.77   13.67    5.66   18.44    4414
    5.28    6.51   13.45   12.60    5.01   18.46    4414
    6.51   10.66   13.22   11.01    5.32   18.54    4414

Int Range: [20,30]
  LAlpha  UAlpha     ROE    DExp    DAct    Rate     Num
   -5.46   -0.30    9.01   23.42   12.96   21.98    3024
   -0.30    0.93   10.84   21.87   11.38   22.22    3023
    0.93    1.87   12.09   20.97   10.29   22.38    3023
    1.87    2.73   12.99   20.15    9.46   22.45    3023
    2.73    3.55   13.92   19.38    8.60   22.52    3023
    3.55    4.36   14.39   18.60    8.17   22.56    3023
    4.36    5.23   13.65   17.76    8.90   22.55    3023
    5.23    6.18   14.62   16.96    8.04   22.66    3023
    6.18    7.34   14.66   16.05    8.10   22.77    3023
    7.34   13.08   15.67   14.57    7.31   22.98    3023


Forest Importance
('pub_rec', 0.00048411002959086491)
('delinq_2yrs', 0.0006445719535470171)
('mths_since_last_record', 0.0020554083003034838)
('home_ownership', 0.0023596026297354454)
('title_num_words', 0.0034286667479641176)
('is_inc_v', 0.0048755447387071778)
('even_loan_amnt', 0.0061761542647332315)
('issue_mth', 0.0074562372574188632)
('emp_length', 0.0084631598352157451)
('open_acc', 0.0085770434136205262)
('title_len', 0.010677054738939328)
('mths_since_last_delinq', 0.011328219933206879)
('loan_amnt', 0.01133831923863431)
('mod_rate', 0.011471867111162342)
('credit_length', 0.011943444444131184)
('total_acc', 0.012568718172129447)
('term', 0.013616952714775943)
('min_urate', 0.014655360453796956)
('zip_code', 0.015029194316286883)
('max_urate', 0.015541827771189655)
('title_upper_count', 0.015599461783160469)
('urate_range', 0.015620492712776202)
('med_inc', 0.015707304406380247)
('avg_urate', 0.015895143899375463)
('urate', 0.015926695779756153)
('short_title_rank', 0.016129491759702842)
('urate_chg', 0.016267254942142706)
('hpa4', 0.01650920525042511)
('hpa1', 0.016991824600731453)
('title_first_word_rank', 0.017580705236781624)
('hpa40', 0.017639331847016371)
('title_last_word_rank', 0.017743501798414038)
('dti', 0.017848797331421303)
('revol_bal', 0.018448274077599115)
('purpose', 0.019048884277971016)
('installment', 0.020223422552891425)
('title_rank', 0.021238013861496281)
('hpa20', 0.021781907833035571)
('inq_last_6mths', 0.024338269808012448)
('revol_util', 0.024533332445320771)
('title_upper_pct', 0.026832034789627795)
('revol_bal-loan', 0.027403677947327038)
('pct_med_inc', 0.042420848014971105)
('int_pymt', 0.044770324369838042)
('annual_inc', 0.05101082428706679)
('fico_range_low', 0.053677272594773652)
('sub_grade', 0.096792522450823759)
('int_rate', 0.11932972127607179)


Forest Parameters
oob_score: False
n_jobs: 1
verbose: 2
min_density: None
compute_importances: None
max_leaf_nodes: None
bootstrap: True
min_samples_leaf: 100
n_estimators: 400
min_samples_split: 2
random_state: None
criterion: gini
max_features: auto
max_depth: None
