OOS Cutoff = 2014-10-01 00:00:00
Int Range: [0,7]
  LAlpha  UAlpha     ROE    DExp    DAct    Rate     Num
  -13.29    4.41    4.39    2.60    1.89    6.28     393
    4.41    4.90    5.12    1.67    1.22    6.34     393
    4.90    5.22    5.21    1.23    1.09    6.30     392
    5.22    5.41    5.41    0.93    0.84    6.25     393
    5.41    5.56    5.34    0.74    0.88    6.22     392
    5.56    5.70    5.70    0.65    0.58    6.28     393
    5.70    5.82    4.38    0.52    1.90    6.27     393
    5.82    5.98    5.41    0.53    1.01    6.42     392
    5.98    6.21    4.90    0.48    1.67    6.57     393
    6.21    6.90    6.20    0.38    0.59    6.79     392

Int Range: [7,10]
  LAlpha  UAlpha     ROE    DExp    DAct    Rate     Num
   -1.19    4.53    5.75    4.46    2.47    8.22    1106
    4.53    5.16    5.91    3.30    2.26    8.17    1106
    5.16    5.58    5.42    2.80    2.76    8.19    1106
    5.58    5.92    5.25    2.37    2.88    8.13    1106
    5.92    6.19    7.06    2.03    1.03    8.09    1106
    6.19    6.44    6.96    1.73    1.09    8.05    1106
    6.44    6.67    6.54    1.50    1.51    8.06    1106
    6.67    6.96    6.91    1.42    1.32    8.22    1106
    6.96    7.40    6.96    1.48    1.68    8.64    1106
    7.40    8.89    7.92    1.27    1.17    9.09    1105

Int Range: [10,12]
  LAlpha  UAlpha     ROE    DExp    DAct    Rate     Num
   -0.89    5.34    7.24    6.85    3.84   11.08    1021
    5.34    6.19    7.44    5.27    3.63   11.07    1020
    6.19    6.76    6.40    4.52    4.61   11.01    1020
    6.76    7.24    7.56    4.01    3.47   11.03    1020
    7.24    7.65    8.09    3.58    2.94   11.03    1020
    7.65    8.03    8.57    3.21    2.48   11.05    1021
    8.03    8.40    8.10    2.88    3.00   11.09    1020
    8.40    8.80    8.08    2.51    3.02   11.11    1020
    8.80    9.32    8.62    2.14    2.56   11.18    1020
    9.32   11.11    8.91    1.70    2.57   11.48    1020

Int Range: [12,13.5]
  LAlpha  UAlpha     ROE    DExp    DAct    Rate     Num
   -4.06    4.61    6.35    9.65    6.56   12.90    1024
    4.61    5.68    4.35    7.67    8.52   12.88    1024
    5.68    6.42    6.25    6.81    6.61   12.86    1024
    6.42    7.00    7.00    6.16    5.87   12.87    1023
    7.00    7.53    8.69    5.60    4.19   12.88    1024
    7.53    8.05    8.19    5.06    4.66   12.85    1024
    8.05    8.55    8.71    4.59    4.18   12.89    1023
    8.55    9.08    8.58    4.08    4.31   12.89    1024
    9.08    9.75    8.34    3.49    4.55   12.90    1024
    9.75   12.03   10.75    2.64    2.23   12.98    1023

Int Range: [13.5,15]
  LAlpha  UAlpha     ROE    DExp    DAct    Rate     Num
   -4.56    4.27    4.50   11.50    9.90   14.40    1033
    4.27    5.56    6.15    9.41    8.24   14.39    1033
    5.56    6.43    5.07    8.37    9.31   14.38    1033
    6.43    7.12    5.77    7.59    8.60   14.38    1033
    7.12    7.79    5.96    6.90    8.41   14.37    1033
    7.79    8.41    7.88    6.28    6.51   14.39    1033
    8.41    9.04    6.92    5.67    7.47   14.39    1033
    9.04    9.69    6.73    5.03    7.65   14.38    1033
    9.69   10.55    8.32    4.29    6.08   14.40    1033
   10.55   13.30    9.88    3.25    4.61   14.49    1032

Int Range: [15,17]
  LAlpha  UAlpha     ROE    DExp    DAct    Rate     Num
  -13.37    2.51    4.34   16.00   11.92   16.26     727
    2.51    4.19    1.10   12.72   15.06   16.16     726
    4.19    5.33    6.80   11.33    9.33   16.13     726
    5.33    6.21    4.43   10.33   11.67   16.10     726
    6.21    7.03    5.73    9.47   10.38   16.11     726
    7.03    7.78    5.56    8.70   10.55   16.11     726
    7.78    8.52    8.10    7.99    8.05   16.14     726
    8.52    9.39    8.14    7.16    7.96   16.11     726
    9.39   10.43    9.35    6.24    6.78   16.13     726
   10.43   13.66    9.78    4.89    6.37   16.16     726

Int Range: [17,20]
  LAlpha  UAlpha     ROE    DExp    DAct    Rate     Num
  -11.98    0.22   -2.16   21.17   20.91   18.76     669
    0.22    2.47    2.03   17.01   16.45   18.48     668
    2.47    4.12    3.68   15.10   14.75   18.43     668
    4.12    5.40    5.07   13.55   13.27   18.34     668
    5.40    6.45    2.47   12.50   15.95   18.42     668
    6.45    7.40    4.42   11.38   13.90   18.32     668
    7.40    8.35    5.89   10.43   12.41   18.30     668
    8.35    9.38    8.21    9.46   10.11   18.32     668
    9.38   10.54    6.43    8.38   11.87   18.30     668
   10.54   14.88    8.84    6.70    9.51   18.35     668

Int Range: [20,30]
  LAlpha  UAlpha     ROE    DExp    DAct    Rate     Num
  -14.14   -5.45   -6.97   30.99   30.00   23.03     406
   -5.45   -2.86    1.04   27.02   21.91   22.96     405
   -2.86   -1.05   -0.62   24.88   23.53   22.92     405
   -1.05    0.79   -2.67   22.73   25.32   22.65     406
    0.79    2.54   -1.51   21.07   24.26   22.74     405
    2.54    4.12    4.03   19.26   18.57   22.60     405
    4.12    5.75    4.69   17.42   17.70   22.38     406
    5.75    7.36    1.48   15.87   20.89   22.37     405
    7.36    9.37    2.71   14.07   19.67   22.38     405
    9.37   18.04    8.52   11.08   13.86   22.39     405


MinAlpha	ROE	Count
-5	6.42	63180
-4	6.45	62959
-3	6.47	62684
-2	6.51	62328
-1	6.56	61896
0	6.61	61368
1	6.68	60672
2	6.77	59690
3	6.85	58176
4	6.94	55413
5	7.08	50305
6	7.48	40343
7	8.00	28848
8	8.37	19080
9	8.59	10752
10	9.35	4955
11	11.06	1808
12	12.52	510
13	11.76	143
14	16.83	48
15	15.91	15

Forest Importance
('pub_rec', 0.00035596480578713077)
('delinq_2yrs', 0.00051563053767307695)
('term', 0.0024043643853158803)
('loan_amnt', 0.0040288337037710604)
('purpose', 0.0044000503790260683)
('verification_status', 0.0045407789085135253)
('even_loan_amnt', 0.0048457362087618115)
('mths_since_last_record', 0.0054993432776220845)
('mths_since_last_major_derog', 0.0061120262743080524)
('open_acc', 0.013943733197285259)
('inq_last_6mths', 0.014595639169644873)
('home_ownership', 0.016171477638999857)
('mths_since_last_delinq', 0.018700659718969944)
('int_pymt', 0.020235471641354471)
('total_acc', 0.022302282892947646)
('installment', 0.023603109449523246)
('revol_bal', 0.02528236107251541)
('emp_length', 0.02627386927625287)
('dti', 0.028671598686563774)
('annual_inc', 0.030032012972653118)
('revol_util', 0.030086522146607831)
('revol_bal_pct_inc', 0.031041079211520689)
('tok4_capitalization_log_odds', 0.031065681553767717)
('revol_bal-loan', 0.031406474173937007)
('clean_title_rank', 0.03212828168840353)
('credit_length', 0.033222095378185573)
('pct_med_inc', 0.034276927619586756)
('int_pct_inc', 0.03739763867096535)
('urate', 0.037401846111226926)
('pymt_pct_inc', 0.047630031417358935)
('tok4_clean_title_log_odds', 0.057443267218910979)
('int_rate', 0.077967930036396293)
('sub_grade', 0.24641728057564322)


Forest Parameters
oob_score: False
n_jobs: 8
verbose: 0
min_density: None
compute_importances: None
max_leaf_nodes: None
bootstrap: True
min_samples_leaf: 150
n_estimators: 200
min_samples_split: 2
random_state: None
criterion: mse
max_features: auto
max_depth: None
