OOS Cutoff = 2014-09-01 00:00:00
Int Range: [0,7]
  LAlpha  UAlpha     ROE    DExp    DAct    Rate     Num
   -8.09    4.45    5.22    2.53    1.04    6.26     393
    4.45    4.89    4.50    1.63    1.81    6.32     392
    4.89    5.18    5.57    1.23    0.72    6.29     393
    5.18    5.37    5.33    1.02    0.97    6.30     392
    5.37    5.53    5.98    0.82    0.29    6.27     393
    5.53    5.67    5.77    0.68    0.51    6.27     392
    5.67    5.80    5.70    0.55    0.59    6.28     393
    5.80    5.97    5.66    0.51    0.73    6.39     392
    5.97    6.20    4.82    0.51    1.77    6.59     393
    6.20    6.96    5.30    0.36    1.46    6.76     392

Int Range: [7,10]
  LAlpha  UAlpha     ROE    DExp    DAct    Rate     Num
   -0.84    4.64    6.46    4.39    1.79    8.24    1106
    4.64    5.23    5.34    3.15    2.78    8.12    1106
    5.23    5.63    6.66    2.72    1.51    8.17    1106
    5.63    5.95    5.46    2.30    2.64    8.10    1106
    5.95    6.21    6.72    1.97    1.34    8.06    1106
    6.21    6.45    7.09    1.78    1.02    8.10    1106
    6.45    6.69    7.16    1.51    0.92    8.08    1106
    6.69    6.97    7.20    1.42    1.04    8.24    1106
    6.97    7.41    6.69    1.47    1.95    8.64    1106
    7.41    9.03    7.76    1.27    1.34    9.10    1105

Int Range: [10,12]
  LAlpha  UAlpha     ROE    DExp    DAct    Rate     Num
   -0.45    5.35    8.22    6.83    2.84   11.06    1021
    5.35    6.25    7.77    5.19    3.24   11.02    1020
    6.25    6.82    7.49    4.48    3.53   11.02    1020
    6.82    7.28    7.96    3.97    3.07   11.03    1020
    7.28    7.69    7.91    3.52    3.10   11.01    1020
    7.69    8.06    7.84    3.20    3.23   11.07    1021
    8.06    8.43    8.43    2.84    2.65   11.09    1020
    8.43    8.85    9.07    2.46    2.03   11.10    1020
    8.85    9.37    8.76    2.14    2.48   11.24    1020
    9.37   11.15    9.10    1.65    2.38   11.48    1020

Int Range: [12,13.5]
  LAlpha  UAlpha     ROE    DExp    DAct    Rate     Num
   -2.63    4.90    5.95    9.27    6.95   12.90    1024
    4.90    5.92    7.09    7.43    5.79   12.87    1024
    5.92    6.61    7.20    6.58    5.66   12.86    1024
    6.61    7.20    8.42    5.95    4.44   12.86    1023
    7.20    7.73    8.22    5.41    4.66   12.88    1024
    7.73    8.22    7.36    4.89    5.51   12.87    1024
    8.22    8.71    8.95    4.41    3.92   12.88    1023
    8.71    9.22   10.12    3.92    2.76   12.88    1024
    9.22    9.88   10.17    3.39    2.75   12.91    1024
    9.88   12.29    9.82    2.51    3.16   12.97    1023

Int Range: [13.5,15]
  LAlpha  UAlpha     ROE    DExp    DAct    Rate     Num
   -3.79    4.58    5.48   11.34    8.93   14.40    1033
    4.58    5.80    6.21    9.14    8.16   14.38    1033
    5.80    6.61    6.46    8.16    7.91   14.37    1033
    6.61    7.35    5.86    7.36    8.49   14.35    1033
    7.35    7.99    7.40    6.71    6.99   14.39    1033
    7.99    8.60    8.54    6.08    5.84   14.38    1033
    8.60    9.21    8.07    5.49    6.32   14.39    1033
    9.21    9.88    8.02    4.83    6.35   14.36    1033
    9.88   10.70    7.86    4.15    6.56   14.42    1033
   10.70   13.44   10.88    3.11    3.63   14.51    1032

Int Range: [15,17]
  LAlpha  UAlpha     ROE    DExp    DAct    Rate     Num
   -9.34    3.25    4.08   15.16   12.22   16.31     727
    3.25    4.80    6.47   12.11    9.72   16.19     726
    4.80    5.85    6.29   10.78    9.84   16.13     726
    5.85    6.73    6.57    9.82    9.54   16.11     726
    6.73    7.50    7.48    9.01    8.66   16.14     726
    7.50    8.21    5.54    8.26   10.58   16.12     726
    8.21    9.01    7.76    7.50    8.34   16.10     726
    9.01    9.84    8.30    6.65    7.78   16.08     726
    9.84   10.85    9.27    5.78    6.83   16.11     726
   10.85   14.23   11.16    4.45    4.95   16.11     726

Int Range: [17,20]
  LAlpha  UAlpha     ROE    DExp    DAct    Rate     Num
  -11.01    0.67   -0.14   20.72   18.91   18.77     669
    0.67    2.80    4.07   16.68   14.43   18.50     668
    2.80    4.35    5.12   14.80   13.32   18.44     668
    4.35    5.57    6.60   13.38   11.77   18.37     668
    5.57    6.57    7.28   12.27   11.08   18.36     668
    6.57    7.52    5.78   11.30   12.56   18.33     669
    7.52    8.52    6.14   10.25   12.15   18.28     668
    8.52    9.56    6.19    9.31   12.13   18.33     668
    9.56   10.79    7.76    8.17   10.55   18.31     668
   10.79   15.12    8.93    6.39    9.40   18.33     668

Int Range: [20,30]
  LAlpha  UAlpha     ROE    DExp    DAct    Rate     Num
  -14.70   -5.04   -6.35   30.18   29.06   22.71     406
   -5.04   -2.55    3.43   26.74   19.56   22.99     405
   -2.55   -0.50    1.52   24.38   21.36   22.88     405
   -0.50    1.23    0.51   22.42   22.25   22.76     406
    1.23    2.93    3.00   20.57   19.63   22.62     405
    2.93    4.56    3.56   18.80   18.96   22.52     405
    4.56    6.04    1.88   17.29   20.67   22.55     406
    6.04    7.67    6.09   15.66   16.40   22.49     405
    7.67    9.55    3.87   13.70   18.44   22.31     405
    9.55   17.23    7.90   11.12   14.66   22.57     405


MinAlpha	ROE	Count
-5	7.06	63252
-4	7.08	63059
-3	7.10	62821
-2	7.11	62517
-1	7.17	62136
0	7.19	61657
1	7.25	60986
2	7.31	60122
3	7.37	58745
4	7.41	56278
5	7.57	51487
6	7.86	41671
7	8.25	30232
8	8.64	20488
9	9.00	12031
10	9.61	5801
11	10.78	2293
12	10.42	752
13	11.65	190
14	8.20	56
15	17.26	14

Forest Importance
('pub_rec', 0.00024852084259035243)
('delinq_2yrs', 0.00056786492345501424)
('term', 0.0023303397297685835)
('purpose', 0.0038868066642269794)
('verification_status', 0.0041710386764355466)
('loan_amnt', 0.004279366173045686)
('even_loan_amnt', 0.0044071917688772045)
('mths_since_last_record', 0.0055119487111361934)
('mths_since_last_major_derog', 0.0060231211789297948)
('open_acc', 0.013624634734475352)
('inq_last_6mths', 0.014657370604406203)
('home_ownership', 0.014925066364826555)
('mths_since_last_delinq', 0.01951084675913407)
('int_pymt', 0.02043875060842637)
('total_acc', 0.020997447716005379)
('installment', 0.024512233696131577)
('revol_bal', 0.025067041583284815)
('emp_length', 0.026231876324722663)
('dti', 0.028866311030611026)
('revol_util', 0.03033939222705213)
('credit_length', 0.030412840802808025)
('tok4_capitalization_log_odds', 0.030693060161669675)
('revol_bal_pct_inc', 0.031504698622297524)
('revol_bal-loan', 0.032305946097870367)
('annual_inc', 0.032472090412977439)
('clean_title_rank', 0.033886934851151004)
('pct_med_inc', 0.036442613542737284)
('int_pct_inc', 0.037289956746333446)
('urate', 0.037328262419622726)
('pymt_pct_inc', 0.0447608463028965)
('tok4_clean_title_log_odds', 0.058645308688542508)
('int_rate', 0.14991135355582577)
('sub_grade', 0.17374891747772608)


Forest Parameters
oob_score: False
n_jobs: 8
verbose: 0
min_density: None
compute_importances: None
max_leaf_nodes: None
bootstrap: True
min_samples_leaf: 150
n_estimators: 100
min_samples_split: 2
random_state: None
criterion: mse
max_features: auto
max_depth: None
