OOS Cutoff = 2014-04-01 00:00:00
Int Range: [0,7]
  LAlpha  UAlpha     ROE    DExp    DAct    Rate     Num
    0.96    3.97    2.82    2.81    3.41    6.23     128
    3.97    4.46    5.55    1.97    0.67    6.22     127
    4.46    4.73    5.36    1.62    0.88    6.24     127
    4.73    4.93    6.08    1.45    0.21    6.28     127
    4.93    5.13    6.27    1.23    0.00    6.27     127
    5.13    5.29    6.25    1.03    0.00    6.25     128
    5.29    5.46    6.31    0.94    0.00    6.31     127
    5.46    5.63    4.76    0.78    1.57    6.33     127
    5.63    5.87    6.48    0.74    0.00    6.48     127
    5.87    6.39    5.91    0.53    0.67    6.58     127

Int Range: [7,10]
  LAlpha  UAlpha     ROE    DExp    DAct    Rate     Num
    1.88    5.29    5.35    3.58    2.84    8.19     567
    5.29    5.88    6.04    2.56    2.13    8.17     566
    5.88    6.24    6.43    2.12    1.75    8.18     567
    6.24    6.53    7.04    1.92    1.27    8.31     566
    6.53    6.77    6.47    1.64    1.82    8.29     567
    6.77    7.03    6.80    1.49    1.59    8.39     566
    7.03    7.33    7.04    1.33    1.46    8.50     567
    7.33    7.70    7.29    1.42    1.63    8.92     566
    7.70    8.12    8.00    1.25    1.15    9.15     567
    8.12    9.36    7.99    0.97    1.45    9.44     566

Int Range: [10,12]
  LAlpha  UAlpha     ROE    DExp    DAct    Rate     Num
    1.47    6.77    5.47    5.22    5.53   11.00     470
    6.77    7.54    6.94    3.85    4.10   11.04     469
    7.54    8.01    8.94    3.26    2.11   11.05     469
    8.01    8.39    7.80    2.88    3.28   11.08     469
    8.39    8.74    8.49    2.59    2.66   11.15     469
    8.74    9.06    8.14    2.37    3.13   11.27     470
    9.06    9.38    9.63    2.04    1.63   11.26     469
    9.38    9.73    8.04    1.87    3.38   11.43     469
    9.73   10.18    8.31    1.66    3.30   11.61     469
   10.18   11.61    9.66    1.23    2.15   11.80     469

Int Range: [12,13.5]
  LAlpha  UAlpha     ROE    DExp    DAct    Rate     Num
   -2.93    6.25    6.23    7.99    6.74   12.98     535
    6.25    7.26    7.18    6.13    5.75   12.93     535
    7.26    7.94    6.44    5.27    6.43   12.87     535
    7.94    8.46    7.75    4.65    5.10   12.85     535
    8.46    8.88    9.47    4.17    3.36   12.83     535
    8.88    9.27    8.81    3.70    3.97   12.78     535
    9.27    9.64    9.15    3.33    3.64   12.79     535
    9.64   10.06   11.29    2.95    1.50   12.79     535
   10.06   10.57   10.85    2.46    1.91   12.76     535
   10.57   12.22    9.56    1.77    3.19   12.75     534

Int Range: [13.5,15]
  LAlpha  UAlpha     ROE    DExp    DAct    Rate     Num
   -0.50    5.93    5.00    9.66    9.29   14.30     652
    5.93    7.03    5.53    7.74    8.74   14.27     651
    7.03    7.83    8.87    6.78    5.36   14.22     652
    7.83    8.46    6.13    6.08    8.10   14.23     651
    8.46    9.00    8.53    5.52    5.72   14.25     652
    9.00    9.53    9.13    5.00    5.14   14.27     651
    9.53    9.99   10.06    4.48    4.18   14.25     652
    9.99   10.50    9.19    4.03    5.08   14.27     651
   10.50   11.13   10.35    3.49    3.95   14.30     652
   11.13   13.92   12.01    2.67    2.41   14.41     651

Int Range: [15,17]
  LAlpha  UAlpha     ROE    DExp    DAct    Rate     Num
   -6.93    5.16    6.64   12.93    9.58   16.22     580
    5.16    6.64    5.20   10.16   10.90   16.10     580
    6.64    7.59    8.52    8.84    7.48   16.00     580
    7.59    8.39    9.48    7.97    6.47   15.96     579
    8.39    9.05    8.53    7.15    7.35   15.87     580
    9.05    9.63    8.21    6.54    7.67   15.88     580
    9.63   10.22   11.27    5.92    4.57   15.84     579
   10.22   10.86    7.74    5.31    8.10   15.84     580
   10.86   11.72   11.11    4.50    4.67   15.78     580
   11.72   14.63   12.28    3.48    3.59   15.87     579

Int Range: [17,20]
  LAlpha  UAlpha     ROE    DExp    DAct    Rate     Num
   -5.35    3.53    2.74   17.37   15.87   18.61     559
    3.53    5.36    2.58   14.11   16.02   18.60     559
    5.36    6.58    7.92   12.53   10.58   18.50     559
    6.58    7.56    7.57   11.44   10.94   18.50     558
    7.56    8.46    6.77   10.59   11.82   18.59     559
    8.46    9.35    9.59    9.65    8.96   18.54     559
    9.35   10.19    9.16    8.85    9.45   18.61     558
   10.19   11.09   11.10    8.00    7.52   18.62     559
   11.09   12.22   10.52    7.07    8.20   18.72     559
   12.22   16.50   13.23    5.57    5.63   18.86     558

Int Range: [20,30]
  LAlpha  UAlpha     ROE    DExp    DAct    Rate     Num
  -12.42   -0.04   -2.96   25.87   26.12   23.16     327
   -0.04    2.62   -2.70   21.22   25.34   22.65     326
    2.62    4.57    3.01   18.83   19.43   22.44     326
    4.57    5.96    2.10   17.19   20.34   22.44     327
    5.96    7.28    8.29   15.65   14.02   22.31     326
    7.28    8.40    9.17   14.23   12.91   22.08     326
    8.40    9.55    3.73   13.30   18.53   22.26     327
    9.55   10.94   12.04   11.98   10.18   22.23     326
   10.94   12.56   10.36   10.67   11.95   22.30     326
   12.56   19.09   11.49    8.79   11.36   22.85     326


MinAlpha	ROE	Count
-5	7.92	38091
-4	7.94	38051
-3	7.95	38001
-2	7.96	37918
-1	8.00	37816
0	8.02	37660
1	8.05	37428
2	8.12	37126
3	8.19	36641
4	8.29	35778
5	8.43	34005
6	8.80	30686
7	9.15	25967
8	9.48	20363
9	10.05	14314
10	10.64	8348
11	11.47	3922
12	12.47	1681
13	11.46	655
14	12.19	248
15	12.97	97

Forest Importance
('pub_rec', 0.0002191355328380163)
('delinq_2yrs', 0.00048175098257828607)
('term', 0.0018051494385009617)
('verification_status', 0.0024834027992060811)
('mths_since_last_record', 0.0029677603349918908)
('loan_amnt', 0.0034975368655064442)
('purpose', 0.0036515306404607188)
('even_loan_amnt', 0.0038352332391360061)
('mod_rate', 0.0057288277402126504)
('open_acc', 0.0097647828386282429)
('home_ownership', 0.010359647241603502)
('inq_last_6mths', 0.011802603885459655)
('fico_range_low', 0.013923940824292411)
('int_pymt', 0.014273829076741075)
('total_acc', 0.014983314536112662)
('emp_title_rank', 0.016338050295531571)
('clean_title_rank', 0.01650413552804501)
('mths_since_last_delinq', 0.017931016556738184)
('installment', 0.018131006303502978)
('revol_bal', 0.019787183415838499)
('urate', 0.020979728376796198)
('short_title_rank', 0.021178084079318042)
('zip_code', 0.021659815872904838)
('avg_urate', 0.02340499146951203)
('revol_util', 0.023656131149076984)
('dti', 0.023852750920484399)
('med_inc', 0.024581084711878476)
('tok4_capitalization_log_odds', 0.02495203291309369)
('revol_bal_pct_inc', 0.025337396522674943)
('emp_length', 0.02551203783014484)
('urate_chg', 0.026018062651588018)
('revol_bal-loan', 0.026835780462055817)
('pct_med_inc', 0.028599765419387187)
('credit_length', 0.028831513305415099)
('int_pct_inc', 0.029714193140961867)
('annual_inc', 0.03118200050102797)
('hpa4', 0.03427220388062404)
('tok4_clean_title_log_odds', 0.039156510047177025)
('pymt_pct_inc', 0.039939409405744294)
('sub_grade', 0.094086045593887585)
('int_rate', 0.19778062367032179)


Forest Parameters
oob_score: False
n_jobs: 8
verbose: 0
min_density: None
compute_importances: None
max_leaf_nodes: None
bootstrap: True
min_samples_leaf: 150
n_estimators: 400
min_samples_split: 2
random_state: None
criterion: mse
max_features: auto
max_depth: None
