Int Range: [12,15]
Percentile, Default Prob cutoff, Good default, bad default, good int_rate, bad int_rate
10, 0.0236160157822, 1.30, 5.52, 13.42, 13.54, 4397, 39566
20, 0.0283902910989, 1.52, 5.99, 13.53, 13.52, 8793, 35170
30, 0.0335206923536, 1.62, 6.59, 13.58, 13.50, 13189, 30774
40, 0.0392923464194, 1.91, 7.23, 13.59, 13.48, 17585, 26378
50, 0.0458670970091, 2.26, 7.94, 13.58, 13.47, 21982, 21981
60, 0.0530190693794, 2.61, 8.83, 13.55, 13.48, 26378, 17585
70, 0.0604632320254, 3.02, 9.96, 13.53, 13.51, 30774, 13189
80, 0.0696135737889, 3.53, 11.35, 13.52, 13.56, 35170, 8793
90, 0.0818996019565, 4.18, 13.40, 13.51, 13.67, 39566, 4397
Int Range: [15,20]
Percentile, Default Prob cutoff, Good default, bad default, good int_rate, bad int_rate
10, 0.0383268563958, 1.82, 8.68, 16.38, 17.24, 4517, 40652
20, 0.0466694141543, 2.18, 9.44, 16.63, 17.29, 9034, 36135
30, 0.0547073616573, 2.66, 10.27, 16.75, 17.33, 13551, 31618
40, 0.0628276321712, 3.23, 11.16, 16.82, 17.38, 18068, 27101
50, 0.0714299548637, 3.83, 12.15, 16.87, 17.45, 22585, 22584
60, 0.0803529796813, 4.59, 13.09, 16.91, 17.53, 27101, 18068
70, 0.0904841909535, 5.29, 14.29, 16.94, 17.67, 31618, 13551
80, 0.10207943209, 6.00, 15.96, 16.99, 17.83, 36135, 9034
90, 0.117046547391, 6.90, 17.82, 17.06, 18.06, 40652, 4517
Int Range: [20,30]
Percentile, Default Prob cutoff, Good default, bad default, good int_rate, bad int_rate
10, 0.057577962926, 2.82, 12.04, 21.79, 22.49, 1416, 12743
20, 0.0679968897373, 3.60, 13.00, 22.05, 22.51, 2832, 11327
30, 0.0773040924262, 4.73, 13.85, 22.16, 22.53, 4248, 9911
40, 0.0863596885726, 5.56, 14.82, 22.25, 22.53, 5664, 8495
50, 0.0955629074397, 6.44, 15.79, 22.29, 22.55, 7080, 7079
60, 0.104939372009, 7.44, 16.63, 22.33, 22.56, 8495, 5664
70, 0.115367437134, 8.24, 17.82, 22.35, 22.57, 9911, 4248
80, 0.127234049335, 8.96, 19.74, 22.36, 22.65, 11327, 2832
90, 0.142511968722, 9.71, 23.80, 22.38, 22.73, 12743, 1416


Forest Importance
('delinq_2yrs', 0.00048603756282293559)
('pub_rec', 0.0017214192509506627)
('even_loan_amnt', 0.0023167669848221605)
('mths_since_last_record', 0.0028023630699558523)
('term', 0.0029357255457692004)
('open_acc', 0.0033706369570090213)
('home_ownership', 0.0036628735932452538)
('mths_since_last_delinq', 0.0044289722159964453)
('is_inc_v', 0.0046383341161620323)
('title_num_words', 0.0046513531967710877)
('total_acc', 0.005035063949183482)
('emp_length', 0.0050905373192850828)
('title_upper_count', 0.0056822796396882019)
('loan_amnt', 0.0062244378860807515)
('dti', 0.0070071489459445869)
('med_inc', 0.0071163883519468297)
('revol_bal', 0.007539232099713241)
('zip_code', 0.0075979283457761485)
('title_len', 0.007869733602544832)
('title_upper_pct', 0.0095782593541759893)
('urate_range', 0.010147079221486825)
('revol_bal-loan', 0.010505252010836005)
('installment', 0.011093080769120257)
('credit_length', 0.012595445524930346)
('issue_mth', 0.012797597422199469)
('revol_util', 0.01314107883706459)
('min_urate', 0.013511247496373079)
('max_urate', 0.015233361997797698)
('fico_range_low', 0.018518724672694831)
('purpose', 0.020224754868681714)
('inq_last_6mths', 0.020778983189229584)
('title_last_word_rank', 0.022151680171176913)
('title_rank', 0.024208069736504273)
('int_pymt', 0.027883649186569794)
('annual_inc', 0.033732095376543571)
('pct_med_inc', 0.034957455788963428)
('mod_rate', 0.037943967877507763)
('urate_chg', 0.040140684730358915)
('short_title_rank', 0.041537060227201272)
('avg_urate', 0.055745373999679909)
('title_first_word_rank', 0.060565221948875238)
('urate', 0.083572095036303973)
('sub_grade', 0.11108814150702688)
('int_rate', 0.1681724064150292)


Forest Parameters
oob_score: False
n_jobs: 1
verbose: 2
min_density: 0.1
compute_importances: True
bootstrap: True
min_samples_leaf: 100
n_estimators: 4000
min_samples_split: 2
random_state: None
criterion: gini
max_features: auto
max_depth: 8
