OOS Cutoff = 2014-03-01 00:00:00
Int Range: [0,7]
  LAlpha  UAlpha     ROE    DExp    DAct    Rate     Num
   -5.47    0.09    6.34    7.47    0.00    6.34      94
    0.09    1.09    5.12    5.70    1.21    6.34      94
    1.09    1.61    6.41    5.06    0.00    6.41      94
    1.61    2.05    6.33    4.49    0.00    6.33      93
    2.05    2.46    5.14    4.09    1.21    6.36      94
    2.46    2.82    6.35    3.72    0.00    6.35      94
    2.82    3.13    5.46    3.41    0.92    6.38      93
    3.13    3.50    6.11    3.08    0.28    6.39      94
    3.50    3.91    6.48    2.77    0.00    6.48      94
    3.91    5.40    6.53    2.25    0.00    6.53      93

Int Range: [7,10]
  LAlpha  UAlpha     ROE    DExp    DAct    Rate     Num
   -4.82    1.55    6.29    8.24    2.12    8.40     547
    1.55    2.72    6.97    6.22    1.45    8.42     546
    2.72    3.50    6.43    5.23    1.94    8.37     546
    3.50    4.03    7.63    4.69    0.83    8.46     547
    4.03    4.49    7.66    4.18    0.79    8.45     546
    4.49    4.93    7.74    3.80    0.78    8.52     546
    4.93    5.36    7.14    3.58    1.58    8.72     547
    5.36    5.87    7.72    3.22    1.11    8.83     546
    5.87    6.49    8.36    3.01    0.81    9.18     546
    6.49    8.56    8.23    2.47    1.27    9.49     546

Int Range: [10,12]
  LAlpha  UAlpha     ROE    DExp    DAct    Rate     Num
   -4.69    3.65    7.91    9.11    3.47   11.38     374
    3.65    5.05    9.27    7.03    2.15   11.42     374
    5.05    5.97    9.46    5.88    1.95   11.41     374
    5.97    6.63    9.12    5.13    2.35   11.47     374
    6.63    7.15    9.21    4.54    2.25   11.46     374
    7.15    7.62   10.12    4.11    1.37   11.49     374
    7.62    8.04   10.05    3.74    1.51   11.56     374
    8.04    8.49   10.76    3.35    0.83   11.60     374
    8.49    8.99   10.81    2.93    0.83   11.65     374
    8.99   11.04   10.12    2.39    1.76   11.89     374

Int Range: [12,13.5]
  LAlpha  UAlpha     ROE    DExp    DAct    Rate     Num
   -3.44    4.78    7.38    9.55    5.36   12.75     436
    4.78    6.19    8.64    7.23    4.12   12.76     436
    6.19    7.08   10.74    6.08    2.01   12.75     436
    7.08    7.72   10.39    5.30    2.34   12.72     436
    7.72    8.30   10.97    4.70    1.76   12.73     436
    8.30    8.77   11.23    4.19    1.50   12.73     436
    8.77    9.19    9.28    3.75    3.45   12.73     436
    9.19    9.61   10.34    3.36    2.42   12.76     436
    9.61   10.14    9.58    2.94    3.21   12.79     436
   10.14   11.80   10.75    2.28    2.11   12.86     436

Int Range: [13.5,15]
  LAlpha  UAlpha     ROE    DExp    DAct    Rate     Num
   -2.25    5.31    8.40   10.38    5.76   14.17     628
    5.31    6.84    9.91    8.03    4.23   14.14     627
    6.84    7.82    9.10    6.78    5.02   14.12     628
    7.82    8.66    9.28    5.85    4.85   14.13     627
    8.66    9.28   10.81    5.14    3.31   14.12     628
    9.28    9.82   10.34    4.55    3.78   14.12     627
    9.82   10.31   10.61    4.05    3.51   14.12     628
   10.31   10.83   10.58    3.62    3.60   14.18     627
   10.83   11.40    9.48    3.12    4.74   14.22     628
   11.40   13.70   11.45    2.43    2.92   14.37     627

Int Range: [15,17]
  LAlpha  UAlpha     ROE    DExp    DAct    Rate     Num
   -6.53    5.10    7.75   12.80    8.17   15.92     581
    5.10    6.76    8.31    9.89    7.54   15.85     581
    6.76    8.13   10.86    8.39    4.98   15.84     581
    8.13    9.14   11.49    7.09    4.27   15.76     581
    9.14    9.93    9.94    6.19    5.81   15.75     581
    9.93   10.62   11.67    5.47    4.09   15.76     581
   10.62   11.20   10.58    4.82    5.17   15.75     581
   11.20   11.78   10.46    4.25    5.28   15.74     581
   11.78   12.49   12.69    3.61    3.04   15.73     581
   12.49   15.08   13.50    2.79    2.34   15.84     580

Int Range: [17,20]
  LAlpha  UAlpha     ROE    DExp    DAct    Rate     Num
  -10.23    2.97    4.90   18.18   13.76   18.67     568
    2.97    5.34    9.74   14.36    8.84   18.57     567
    5.34    6.88   10.30   12.38    8.24   18.53     568
    6.88    8.12   11.91   11.07    6.67   18.58     567
    8.12    9.19   10.72    9.89    7.84   18.56     567
    9.19   10.13   11.31    8.90    7.27   18.57     568
   10.13   11.04   11.93    8.06    6.70   18.63     567
   11.04   11.93   12.85    7.24    5.87   18.72     568
   11.93   13.06   13.47    6.33    5.32   18.79     567
   13.06   17.06   15.01    5.14    4.11   19.12     567

Int Range: [20,30]
  LAlpha  UAlpha     ROE    DExp    DAct    Rate     Num
  -17.75   -1.29    0.89   28.17   22.14   23.03     330
   -1.29    2.64   10.74   21.85   12.01   22.75     329
    2.64    5.17    7.84   18.58   14.73   22.57     330
    5.17    7.00   12.57   16.20    9.72   22.29     329
    7.00    8.43    5.49   14.56   16.82   22.31     329
    8.43    9.60   13.22   13.15    8.98   22.20     330
    9.60   10.90    9.13   12.07   13.18   22.31     329
   10.90   12.16   11.95   10.59   10.17   22.12     330
   12.16   13.71    9.83    9.22   12.27   22.10     329
   13.71   19.86   14.38    7.78    8.50   22.88     329


MinAlpha	ROE	Count
-5	9.79	35394
-4	9.79	35335
-3	9.79	35247
-2	9.81	35123
-1	9.85	34954
0	9.90	34619
1	9.95	34076
2	10.08	33121
3	10.13	31617
4	10.27	29527
5	10.52	26889
6	10.72	23928
7	10.92	20733
8	11.17	17218
9	11.33	13321
10	11.65	9269
11	12.32	5738
12	13.22	3004
13	14.24	1347
14	14.93	539
15	13.91	205

Forest Importance
('pub_rec', 0.00034123284493793772)
('delinq_2yrs', 0.00086059500509047917)
('term', 0.0027424638775919085)
('mths_since_last_record', 0.0033110465435326492)
('loan_amnt', 0.0034870734283995678)
('is_inc_v', 0.0037623822504139343)
('purpose', 0.004781366070979347)
('even_loan_amnt', 0.0055918683810398549)
('home_ownership', 0.0084818031758349711)
('mod_rate', 0.0094841789827911846)
('inq_last_6mths', 0.010033088612253377)
('open_acc', 0.010167902071442341)
('fico_range_low', 0.012495703568362947)
('tok4_capitalization_log_odds', 0.015931981157211634)
('int_pymt', 0.01620676074788957)
('total_acc', 0.017230638509380967)
('clean_title_rank', 0.017954711049539537)
('annual_inc', 0.018877152170577324)
('mths_since_last_delinq', 0.020083209023907256)
('emp_title_rank', 0.021319595285772694)
('dti', 0.021605461027146444)
('installment', 0.022303851677893928)
('revol_bal', 0.023677681346674823)
('zip_code', 0.024592788199810749)
('revol_util', 0.024689563030187066)
('pct_med_inc', 0.025717430853259182)
('avg_urate', 0.029545029305080416)
('revol_bal-loan', 0.029909089149428178)
('short_title_rank', 0.030349853554398808)
('emp_length', 0.030352119199748354)
('urate', 0.030505310366994876)
('revol_bal_pct_inc', 0.030533801956992953)
('med_inc', 0.030907320470073121)
('sub_grade', 0.032867877242985254)
('credit_length', 0.034175872650921091)
('urate_chg', 0.03428645231010681)
('hpa4', 0.037426936580687194)
('pymt_pct_inc', 0.05852620339980362)
('int_rate', 0.11153334468232083)
('tok4_clean_title_log_odds', 0.13334926023853702)


Forest Parameters
oob_score: False
n_jobs: 8
verbose: 0
min_density: None
compute_importances: None
max_leaf_nodes: None
bootstrap: True
min_samples_leaf: 100
n_estimators: 400
min_samples_split: 2
random_state: None
criterion: mse
max_features: auto
max_depth: None
