OOS Cutoff = 2014-04-01 00:00:00
Int Range: [0,7]
  LAlpha  UAlpha     ROE    DExp    DAct    Rate     Num
    1.35    4.10    3.48    2.74    2.74    6.22     128
    4.10    4.51    5.37    1.90    0.88    6.25     127
    4.51    4.80    4.87    1.54    1.35    6.22     127
    4.80    5.02    6.10    1.39    0.21    6.30     127
    5.02    5.19    6.25    1.15    0.00    6.25     127
    5.19    5.35    5.33    0.95    0.89    6.22     128
    5.35    5.50    6.26    0.83    0.00    6.26     127
    5.50    5.67    5.68    0.77    0.67    6.35     127
    5.67    5.89    5.86    0.76    0.67    6.53     127
    5.89    6.38    6.59    0.52    0.00    6.59     127

Int Range: [7,10]
  LAlpha  UAlpha     ROE    DExp    DAct    Rate     Num
    2.07    5.33    5.13    3.55    3.07    8.19     567
    5.33    5.88    5.94    2.56    2.26    8.20     566
    5.88    6.25    6.80    2.12    1.40    8.20     567
    6.25    6.55    7.55    1.85    0.70    8.25     566
    6.55    6.79    7.09    1.67    1.25    8.35     567
    6.79    7.04    6.68    1.42    1.65    8.34     566
    7.04    7.33    6.87    1.36    1.67    8.54     567
    7.33    7.72    7.21    1.37    1.68    8.89     566
    7.72    8.14    7.36    1.24    1.80    9.16     567
    8.14    9.25    7.82    0.93    1.60    9.43     566

Int Range: [10,12]
  LAlpha  UAlpha     ROE    DExp    DAct    Rate     Num
    0.75    6.75    6.24    5.29    4.80   11.05     470
    6.75    7.51    6.81    3.85    4.22   11.03     469
    7.51    7.98    8.21    3.25    2.81   11.02     469
    7.98    8.38    8.68    2.94    2.45   11.13     469
    8.38    8.71    8.63    2.60    2.53   11.16     469
    8.71    9.04    8.48    2.35    2.75   11.23     470
    9.04    9.36    7.95    2.11    3.35   11.31     469
    9.36    9.75    8.27    1.88    3.16   11.43     469
    9.75   10.18    8.44    1.58    3.10   11.54     469
   10.18   11.58    9.70    1.22    2.10   11.80     469

Int Range: [12,13.5]
  LAlpha  UAlpha     ROE    DExp    DAct    Rate     Num
   -2.84    6.39    6.91    7.86    6.06   12.96     535
    6.39    7.34    5.56    6.02    7.37   12.93     535
    7.34    7.99    8.18    5.16    4.67   12.85     535
    7.99    8.54    8.22    4.58    4.64   12.86     535
    8.54    8.95    8.29    4.07    4.53   12.82     535
    8.95    9.35   10.30    3.63    2.48   12.78     535
    9.35    9.73    8.33    3.25    4.46   12.78     535
    9.73   10.15   10.44    2.86    2.36   12.80     535
   10.15   10.67   10.87    2.38    1.90   12.77     535
   10.67   12.23    9.63    1.70    3.14   12.77     534

Int Range: [13.5,15]
  LAlpha  UAlpha     ROE    DExp    DAct    Rate     Num
   -0.78    6.00    4.89    9.57    9.41   14.30     652
    6.00    7.11    5.03    7.66    9.23   14.27     651
    7.11    7.89    7.80    6.77    6.48   14.27     652
    7.89    8.55    6.53    6.00    7.69   14.22     651
    8.55    9.12    9.59    5.40    4.65   14.24     652
    9.12    9.64    9.28    4.88    4.99   14.27     651
    9.64   10.13    8.87    4.37    5.38   14.25     652
   10.13   10.62   11.36    3.92    2.93   14.29     651
   10.62   11.28   10.22    3.32    4.04   14.26     652
   11.28   13.54   11.25    2.52    3.16   14.41     651

Int Range: [15,17]
  LAlpha  UAlpha     ROE    DExp    DAct    Rate     Num
   -5.39    5.14    5.67   12.81   10.55   16.21     580
    5.14    6.68    7.22   10.07    8.84   16.06     580
    6.68    7.69    7.06    8.78    8.93   15.99     580
    7.69    8.46    8.46    7.86    7.49   15.95     579
    8.46    9.15    8.91    7.10    7.00   15.91     580
    9.15    9.73    9.10    6.38    6.72   15.83     580
    9.73   10.37   11.51    5.80    4.35   15.86     579
   10.37   11.06    7.83    5.13    8.01   15.83     580
   11.06   11.87   10.21    4.39    5.61   15.83     580
   11.87   14.66   13.02    3.31    2.86   15.88     579

Int Range: [17,20]
  LAlpha  UAlpha     ROE    DExp    DAct    Rate     Num
   -6.87    3.16    1.14   17.53   17.48   18.61     559
    3.16    5.20    0.76   14.33   17.82   18.58     559
    5.20    6.57    9.14   12.68    9.44   18.58     559
    6.57    7.64    7.65   11.35   10.82   18.47     558
    7.64    8.54    9.30   10.50    9.29   18.59     559
    8.54    9.46    7.53    9.56   11.04   18.57     559
    9.46   10.33    9.47    8.71    9.13   18.61     558
   10.33   11.25   10.10    7.87    8.55   18.65     559
   11.25   12.38   12.97    6.92    5.73   18.70     559
   12.38   16.51   13.11    5.42    5.71   18.81     558

Int Range: [20,30]
  LAlpha  UAlpha     ROE    DExp    DAct    Rate     Num
   -9.52   -0.16   -3.47   26.00   26.75   23.29     327
   -0.16    2.54   -5.19   21.40   27.82   22.62     326
    2.54    4.52    1.84   18.76   20.53   22.36     326
    4.52    5.94    7.08   17.09   15.25   22.33     327
    5.94    7.31    5.49   15.55   16.74   22.23     326
    7.31    8.54    9.22   14.35   13.04   22.26     326
    8.54    9.81    6.87   13.01   15.33   22.20     327
    9.81   11.02    7.56   11.90   14.76   22.32     326
   11.02   12.66   14.34   10.54    7.97   22.31     326
   12.66   19.75   10.78    8.68   12.02   22.80     326


MinAlpha	ROE	Count
-5	7.92	38095
-4	7.93	38051
-3	7.94	38010
-2	7.97	37922
-1	7.98	37800
0	8.04	37642
1	8.12	37409
2	8.15	37086
3	8.25	36594
4	8.38	35764
5	8.54	34061
6	8.77	30774
7	9.13	26152
8	9.57	20617
9	10.07	14733
10	10.81	8960
11	11.82	4365
12	12.62	1882
13	12.02	729
14	12.07	284
15	17.04	95

Forest Importance
('pub_rec', 0.00025579888497959959)
('delinq_2yrs', 0.00052590263512840535)
('term', 0.0018391054257147546)
('verification_status', 0.0033555276678504352)
('loan_amnt', 0.0038408123501258479)
('mths_since_last_record', 0.003937158571195888)
('even_loan_amnt', 0.0048545313988289443)
('purpose', 0.0048760231895354465)
('home_ownership', 0.012674281203648769)
('open_acc', 0.013008252976243872)
('inq_last_6mths', 0.013927283498703227)
('fico_range_low', 0.018342512312775533)
('int_pymt', 0.019181943392903848)
('total_acc', 0.021190605424771393)
('mths_since_last_delinq', 0.021329251936957803)
('revol_bal', 0.024993256085419416)
('installment', 0.025035964154006832)
('tok4_capitalization_log_odds', 0.029147985144063741)
('dti', 0.029380235485125403)
('emp_length', 0.03023804347599458)
('revol_util', 0.030585952389839809)
('revol_bal_pct_inc', 0.032601063186336224)
('clean_title_rank', 0.032939030409727101)
('revol_bal-loan', 0.033338902595713454)
('credit_length', 0.033810701169147438)
('int_pct_inc', 0.036245707356282297)
('annual_inc', 0.03636290237957418)
('pct_med_inc', 0.037565526405095861)
('urate', 0.041228236753020724)
('pymt_pct_inc', 0.047853754027856708)
('tok4_clean_title_log_odds', 0.04984003705587179)
('sub_grade', 0.080889550297306517)
('int_rate', 0.22480416076025428)


Forest Parameters
oob_score: False
n_jobs: 8
verbose: 0
min_density: None
compute_importances: None
max_leaf_nodes: None
bootstrap: True
min_samples_leaf: 150
n_estimators: 400
min_samples_split: 2
random_state: None
criterion: mse
max_features: auto
max_depth: None
