OOS Cutoff = 2014-05-01 00:00:00
Int Range: [0,7]
  LAlpha  UAlpha     ROE    DExp    DAct    Rate     Num
    1.31    3.89    4.87    2.94    1.34    6.21     147
    3.89    4.46    4.00    2.00    2.19    6.20     147
    4.46    4.78    5.82    1.54    0.36    6.17     147
    4.78    5.01    6.20    1.30    0.00    6.20     147
    5.01    5.18    6.18    1.09    0.00    6.18     147
    5.18    5.35    6.21    0.94    0.00    6.21     147
    5.35    5.51    5.51    0.79    0.71    6.22     147
    5.51    5.66    6.24    0.67    0.00    6.24     147
    5.66    5.87    5.59    0.60    0.76    6.35     147
    5.87    6.47    6.52    0.46    0.00    6.52     146

Int Range: [7,10]
  LAlpha  UAlpha     ROE    DExp    DAct    Rate     Num
    1.37    5.23    6.33    3.56    1.72    8.05     489
    5.23    5.84    6.24    2.49    1.80    8.04     489
    5.84    6.22    6.43    1.99    1.60    8.03     488
    6.22    6.50    7.22    1.67    0.81    8.03     489
    6.50    6.78    7.12    1.47    0.99    8.12     488
    6.78    7.05    6.91    1.39    1.40    8.31     489
    7.05    7.29    8.19    1.25    0.23    8.42     489
    7.29    7.60    6.73    1.22    1.92    8.66     488
    7.60    7.96    7.67    1.12    1.21    8.88     489
    7.96    9.25    8.50    0.85    0.64    9.14     488

Int Range: [10,12]
  LAlpha  UAlpha     ROE    DExp    DAct    Rate     Num
    1.63    6.38    7.86    5.49    2.97   10.83     543
    6.38    7.25    8.80    3.97    2.03   10.83     543
    7.25    7.78    7.20    3.25    3.58   10.78     543
    7.78    8.17    9.02    2.89    1.86   10.88     542
    8.17    8.50    8.95    2.60    1.99   10.94     543
    8.50    8.82    9.52    2.32    1.47   10.98     543
    8.82    9.13    8.40    2.11    2.68   11.08     542
    9.13    9.50    9.71    1.92    1.52   11.23     543
    9.50    9.97    9.77    1.66    1.60   11.37     543
    9.97   11.44    9.42    1.22    2.16   11.59     542

Int Range: [12,13.5]
  LAlpha  UAlpha     ROE    DExp    DAct    Rate     Num
   -3.32    6.00    7.98    8.32    5.04   13.02     588
    6.00    7.06    7.71    6.40    5.27   12.98     588
    7.06    7.76    8.74    5.53    4.21   12.96     587
    7.76    8.32    8.71    4.87    4.21   12.92     588
    8.32    8.82    9.65    4.32    3.25   12.90     587
    8.82    9.24    9.89    3.84    2.99   12.88     588
    9.24    9.68   10.06    3.41    2.82   12.88     588
    9.68   10.09   11.03    3.00    1.86   12.89     587
   10.09   10.65   10.63    2.55    2.26   12.90     588
   10.65   12.22   11.20    1.89    1.79   12.99     587

Int Range: [13.5,15]
  LAlpha  UAlpha     ROE    DExp    DAct    Rate     Num
   -1.42    5.84    7.22    9.78    7.17   14.39     615
    5.84    6.98    8.72    7.97    5.70   14.42     614
    6.98    7.78    9.96    7.02    4.46   14.42     614
    7.78    8.43    8.48    6.26    5.91   14.39     614
    8.43    9.06    9.22    5.66    5.18   14.40     614
    9.06    9.61   10.32    5.08    4.09   14.41     614
    9.61   10.20   11.38    4.50    3.03   14.40     614
   10.20   10.80   12.10    3.90    2.29   14.39     614
   10.80   11.57   11.19    3.28    3.24   14.43     614
   11.57   13.86   12.19    2.36    2.38   14.57     614

Int Range: [15,17]
  LAlpha  UAlpha     ROE    DExp    DAct    Rate     Num
   -7.35    4.59    7.75   13.77    8.67   16.42     507
    4.59    6.14    8.61   10.81    7.62   16.23     507
    6.14    7.29   10.44    9.43    5.74   16.18     507
    7.29    8.09   10.70    8.48    5.47   16.17     506
    8.09    8.81   11.13    7.68    5.00   16.12     507
    8.81    9.52    8.12    6.91    7.95   16.07     507
    9.52   10.25   11.29    6.16    4.74   16.03     506
   10.25   10.98   12.13    5.46    3.95   16.07     507
   10.98   11.90   10.08    4.63    5.97   16.05     507
   11.90   14.74   12.19    3.48    3.91   16.09     506

Int Range: [17,20]
  LAlpha  UAlpha     ROE    DExp    DAct    Rate     Num
  -11.19    3.26    5.64   17.74   12.82   18.46     459
    3.26    5.24    3.38   14.08   15.03   18.42     458
    5.24    6.66    8.79   12.42    9.65   18.44     459
    6.66    7.84   10.39   11.16    8.04   18.43     458
    7.84    8.77    9.99   10.12    8.47   18.46     459
    8.77    9.65   12.91    9.22    5.53   18.44     458
    9.65   10.54   10.56    8.40    7.91   18.47     459
   10.54   11.48    9.51    7.50    8.98   18.49     458
   11.48   12.55   13.40    6.58    5.16   18.56     459
   12.55   16.67   13.63    5.17    5.07   18.70     458

Int Range: [20,30]
  LAlpha  UAlpha     ROE    DExp    DAct    Rate     Num
  -15.95   -0.13    2.41   27.38   21.19   23.60     280
   -0.13    2.95    4.62   21.34   18.29   22.91     280
    2.95    4.89    7.57   18.49   14.89   22.46     280
    4.89    6.37    3.82   16.81   18.62   22.44     279
    6.37    7.72    6.79   15.09   15.35   22.14     280
    7.72    9.00   11.74   13.75   10.38   22.12     280
    9.00   10.25    9.17   12.54   13.03   22.20     279
   10.25   11.52   11.94   11.32   10.21   22.15     280
   11.52   13.05   15.49    9.99    6.76   22.24     280
   13.05   21.23   11.79    8.22   11.11   22.90     279


MinAlpha	ROE	Count
-5	9.12	36162
-4	9.13	36115
-3	9.12	36077
-2	9.13	36016
-1	9.16	35912
0	9.20	35765
1	9.22	35598
2	9.23	35308
3	9.26	34863
4	9.33	33995
5	9.54	32231
6	9.83	28901
7	10.14	24572
8	10.58	19087
9	11.05	13364
10	11.62	8094
11	12.05	4171
12	13.16	1984
13	13.36	771
14	13.28	301
15	11.55	114

Forest Importance
('urate', 0.00011860508284447766)
('avg_urate', 0.00013299704728823075)
('urate_chg', 0.00013328439638356088)
('pub_rec', 0.00026896428591065199)
('delinq_2yrs', 0.0020384705548533045)
('term', 0.0021615442661562694)
('verification_status', 0.0034293685979661908)
('loan_amnt', 0.0038610030237438381)
('mths_since_last_record', 0.0041417109263209399)
('even_loan_amnt', 0.004400471167540004)
('purpose', 0.0049544727868183732)
('mod_rate', 0.0078530243901889715)
('home_ownership', 0.0095363916831043213)
('open_acc', 0.01200979581513442)
('inq_last_6mths', 0.012833773739021297)
('fico_range_low', 0.017105681734117525)
('total_acc', 0.019925637916574278)
('clean_title_rank', 0.020108556958583684)
('int_pymt', 0.020896757042432254)
('mths_since_last_delinq', 0.020927339976299239)
('tok4_capitalization_log_odds', 0.021377337809451617)
('emp_title_rank', 0.021507017514334138)
('emp_length', 0.024815666146560104)
('installment', 0.024928120152509194)
('revol_bal', 0.026245139253524039)
('short_title_rank', 0.02691559245215891)
('dti', 0.02905364989758577)
('annual_inc', 0.030085432569352536)
('revol_util', 0.030824266764173158)
('zip_code', 0.030882555382069073)
('credit_length', 0.032506449244743191)
('revol_bal-loan', 0.033052918531739132)
('revol_bal_pct_inc', 0.03309334223309543)
('pct_med_inc', 0.033512128205754971)
('med_inc', 0.033943941086146623)
('hpa4', 0.039550473772730334)
('sub_grade', 0.04779333365748787)
('pymt_pct_inc', 0.055529748644803485)
('tok4_clean_title_log_odds', 0.063586179890571054)
('int_rate', 0.19395885539992741)


Forest Parameters
oob_score: False
n_jobs: 8
verbose: 0
min_density: None
compute_importances: None
max_leaf_nodes: None
bootstrap: True
min_samples_leaf: 100
n_estimators: 400
min_samples_split: 2
random_state: None
criterion: mse
max_features: auto
max_depth: None
