OOS Cutoff = 2014-04-01 00:00:00
Int Range: [0,7]
  LAlpha  UAlpha     ROE    DExp    DAct    Rate     Num
    1.61    3.92    4.46    2.95    1.76    6.22     200
    3.92    4.40    4.82    2.07    1.42    6.24     199
    4.40    4.69    5.65    1.65    0.56    6.21     200
    4.69    4.94    6.08    1.39    0.13    6.21     199
    4.94    5.12    6.23    1.20    0.00    6.23     199
    5.12    5.29    6.28    1.08    0.00    6.28     200
    5.29    5.44    6.23    0.87    0.00    6.23     199
    5.44    5.63    5.64    0.75    0.65    6.29     200
    5.63    5.85    5.84    0.67    0.56    6.40     199
    5.85    6.43    6.09    0.51    0.46    6.56     199

Int Range: [7,10]
  LAlpha  UAlpha     ROE    DExp    DAct    Rate     Num
    1.87    5.27    5.97    3.45    2.10    8.07     791
    5.27    5.85    6.49    2.50    1.60    8.09     790
    5.85    6.22    6.47    2.11    1.68    8.15     791
    6.22    6.51    6.53    1.85    1.69    8.22     790
    6.51    6.77    6.96    1.63    1.31    8.27     790
    6.77    7.04    6.79    1.45    1.56    8.35     791
    7.04    7.32    7.76    1.32    0.74    8.50     790
    7.32    7.65    7.31    1.30    1.48    8.79     791
    7.65    8.07    8.07    1.22    1.00    9.08     790
    8.07    9.40    8.32    0.91    1.01    9.33     790

Int Range: [10,12]
  LAlpha  UAlpha     ROE    DExp    DAct    Rate     Num
    1.95    6.75    7.49    5.04    3.38   10.87     743
    6.75    7.48    8.35    3.79    2.59   10.94     743
    7.48    7.96    8.57    3.22    2.39   10.96     743
    7.96    8.33    8.60    2.88    2.43   11.03     743
    8.33    8.69    9.01    2.56    2.06   11.08     742
    8.69    9.02    8.55    2.24    2.54   11.09     743
    9.02    9.33    8.67    2.01    2.52   11.19     743
    9.33    9.70    9.48    1.86    1.88   11.37     743
    9.70   10.17    8.91    1.59    2.61   11.52     743
   10.17   11.64    9.87    1.18    1.86   11.73     742

Int Range: [12,13.5]
  LAlpha  UAlpha     ROE    DExp    DAct    Rate     Num
   -3.13    6.27    7.86    8.18    5.18   13.05     824
    6.27    7.23    8.23    6.15    4.72   12.95     823
    7.23    7.91    8.93    5.33    3.99   12.92     823
    7.91    8.44    7.76    4.70    5.12   12.88     823
    8.44    8.87    9.55    4.22    3.33   12.88     823
    8.87    9.31    9.66    3.74    3.17   12.84     824
    9.31    9.69    9.80    3.32    3.02   12.82     823
    9.69   10.11   11.31    2.94    1.52   12.84     823
   10.11   10.62   10.97    2.46    1.83   12.80     823
   10.62   12.41   10.44    1.80    2.40   12.84     823

Int Range: [13.5,15]
  LAlpha  UAlpha     ROE    DExp    DAct    Rate     Num
   -0.78    5.99    6.26    9.72    8.09   14.35     938
    5.99    7.09    8.79    7.73    5.51   14.30     938
    7.09    7.90    8.02    6.81    6.29   14.31     938
    7.90    8.50    8.82    6.09    5.48   14.30     938
    8.50    9.08    9.91    5.52    4.41   14.32     938
    9.08    9.61    9.81    4.95    4.49   14.30     938
    9.61   10.11   10.33    4.48    4.00   14.33     938
   10.11   10.63   11.52    3.96    2.80   14.32     938
   10.63   11.28   11.27    3.41    3.08   14.36     938
   11.28   14.05   12.27    2.56    2.19   14.47     938

Int Range: [15,17]
  LAlpha  UAlpha     ROE    DExp    DAct    Rate     Num
   -7.03    5.00    6.66   13.14    9.64   16.29     812
    5.00    6.57    9.09   10.33    7.07   16.16     812
    6.57    7.56    9.19    9.02    6.92   16.10     812
    7.56    8.36    9.67    8.04    6.34   16.01     811
    8.36    9.04    9.46    7.28    6.53   15.99     812
    9.04    9.69    9.77    6.58    6.19   15.96     812
    9.69   10.30   11.56    5.91    4.36   15.92     811
   10.30   10.95   10.62    5.29    5.29   15.91     812
   10.95   11.76   10.47    4.55    5.42   15.89     812
   11.76   14.87   12.77    3.46    3.15   15.92     811

Int Range: [17,20]
  LAlpha  UAlpha     ROE    DExp    DAct    Rate     Num
   -8.04    3.52    4.42   17.44   14.11   18.53     769
    3.52    5.32    7.07   14.02   11.45   18.51     769
    5.32    6.67    7.77   12.49   10.72   18.50     769
    6.67    7.70    8.61   11.30    9.89   18.50     768
    7.70    8.60   10.91   10.37    7.62   18.53     769
    8.60    9.44   11.43    9.49    7.09   18.52     769
    9.44   10.31    9.82    8.68    8.72   18.54     768
   10.31   11.21   11.91    7.88    6.71   18.62     769
   11.21   12.30   12.04    6.90    6.60   18.64     769
   12.30   16.67   13.60    5.49    5.23   18.83     768

Int Range: [20,30]
  LAlpha  UAlpha     ROE    DExp    DAct    Rate     Num
  -14.86    0.53    0.44   25.81   23.06   23.50     457
    0.53    3.28    2.64   20.81   20.22   22.86     456
    3.28    5.28    3.50   18.18   19.02   22.53     457
    5.28    6.63    7.60   16.45   14.82   22.42     456
    6.63    7.86    8.87   14.89   13.26   22.13     457
    7.86    8.94   11.97   13.76   10.15   22.12     456
    8.94   10.03    8.53   12.73   13.65   22.18     457
   10.03   11.19   10.69   11.63   11.56   22.25     456
   11.19   12.75   11.25   10.18   10.86   22.11     457
   12.75   19.73   14.61    8.55    8.14   22.75     456


MinAlpha	ROE	Count
-5	8.95	55238
-4	8.95	55192
-3	8.96	55138
-2	8.97	55040
-1	8.98	54908
0	9.03	54685
1	9.03	54365
2	9.06	53923
3	9.12	53270
4	9.20	52066
5	9.34	49521
6	9.62	44769
7	9.95	38074
8	10.38	29903
9	10.79	21176
10	11.35	12656
11	12.18	6047
12	13.37	2582
13	13.77	1012
14	13.23	372
15	15.18	143

Forest Importance
('pub_rec', 0.00013984828737517678)
('delinq_2yrs', 0.00071736716491180893)
('term', 0.0018246769620457351)
('verification_status', 0.0027437805669549582)
('loan_amnt', 0.0035701780697327944)
('mths_since_last_record', 0.0035982661497209827)
('even_loan_amnt', 0.0040065917787251246)
('purpose', 0.0045656073862946076)
('mod_rate', 0.006762451405741117)
('home_ownership', 0.0094498959683807053)
('inq_last_6mths', 0.011141752356693228)
('open_acc', 0.011624232100867422)
('fico_range_low', 0.015701738604417589)
('total_acc', 0.018606368452797485)
('mths_since_last_delinq', 0.018783620024041329)
('clean_title_rank', 0.018791877329212739)
('int_pymt', 0.018801712963235778)
('emp_title_rank', 0.0194240238386548)
('installment', 0.021229786737645386)
('revol_bal', 0.022409216217580973)
('tok4_capitalization_log_odds', 0.023444948007366032)
('emp_length', 0.024142412272418406)
('dti', 0.024222408819562245)
('urate', 0.02504994949248528)
('short_title_rank', 0.025201001097756554)
('zip_code', 0.025428875102972603)
('revol_util', 0.026331486235839446)
('avg_urate', 0.029554917564579022)
('credit_length', 0.02984066829300052)
('med_inc', 0.029971013329127803)
('revol_bal_pct_inc', 0.031393134291311076)
('pct_med_inc', 0.03140185806067268)
('urate_chg', 0.031448876291510122)
('annual_inc', 0.031746128432503448)
('revol_bal-loan', 0.032205867903732803)
('hpa4', 0.037485366208307357)
('tok4_clean_title_log_odds', 0.039366752047085424)
('pymt_pct_inc', 0.04561947701522942)
('sub_grade', 0.05069171531118527)
('int_rate', 0.19156015185832445)


Forest Parameters
oob_score: False
n_jobs: 8
verbose: 0
min_density: None
compute_importances: None
max_leaf_nodes: None
bootstrap: True
min_samples_leaf: 100
n_estimators: 400
min_samples_split: 2
random_state: None
criterion: mse
max_features: auto
max_depth: None
