OOS Cutoff = 2015-01-01
Int Range: [0,7]
  LAlpha  UAlpha     ROE    DExp    DAct    Rate     Num
  -20.68    4.55    5.36    2.50    1.13    6.49     526
    4.55    4.91    6.19    1.66    0.22    6.42     525
    4.91    5.15    5.57    1.38    0.86    6.42     526
    5.15    5.35    5.77    1.18    0.66    6.43     525
    5.35    5.49    5.93    1.01    0.50    6.43     525
    5.49    5.64    6.39    0.89    0.06    6.46     526
    5.64    5.80    6.29    0.85    0.28    6.56     525
    5.80    5.97    5.93    0.77    0.72    6.66     526
    5.97    6.17    6.35    0.67    0.38    6.73     525
    6.17    6.90    6.42    0.54    0.50    6.92     525

Int Range: [7,10]
  LAlpha  UAlpha     ROE    DExp    DAct    Rate     Num
    1.16    4.66    5.78    4.50    2.72    8.50    1155
    4.66    5.21    5.98    3.45    2.42    8.40    1155
    5.21    5.58    6.67    3.03    1.76    8.44    1155
    5.58    5.88    6.80    2.64    1.57    8.37    1154
    5.88    6.14    6.41    2.37    1.97    8.38    1155
    6.14    6.40    6.71    2.11    1.67    8.38    1155
    6.40    6.64    7.18    1.94    1.28    8.46    1154
    6.64    6.92    6.96    1.79    1.60    8.57    1155
    6.92    7.33    7.58    1.75    1.28    8.86    1155
    7.33    9.00    8.66    1.61    0.69    9.34    1154

Int Range: [10,12]
  LAlpha  UAlpha     ROE    DExp    DAct    Rate     Num
   -1.18    5.09    6.72    7.43    4.75   11.47     908
    5.09    5.93    7.60    5.80    3.76   11.36     907
    5.93    6.51    8.58    5.09    2.74   11.32     908
    6.51    6.96    6.79    4.49    4.44   11.24     907
    6.96    7.37    7.76    4.11    3.51   11.28     908
    7.37    7.75    8.37    3.69    2.89   11.25     907
    7.75    8.11    9.04    3.33    2.22   11.26     908
    8.11    8.49    8.10    2.95    3.14   11.25     907
    8.49    8.95    8.69    2.54    2.56   11.25     908
    8.95   10.64    8.80    2.08    2.65   11.45     907

Int Range: [12,13.5]
  LAlpha  UAlpha     ROE    DExp    DAct    Rate     Num
   -1.64    4.21    7.30    9.69    5.42   12.72     816
    4.21    5.15    7.17    7.98    5.54   12.71     816
    5.15    5.84    7.25    7.18    5.44   12.69     816
    5.84    6.42    8.01    6.54    4.67   12.67     816
    6.42    6.91    8.57    6.01    4.11   12.68     816
    6.91    7.40    7.63    5.55    5.08   12.71     816
    7.40    7.89    8.71    5.05    3.97   12.68     816
    7.89    8.42    8.69    4.58    4.03   12.72     816
    8.42    9.14    8.89    3.98    3.83   12.72     816
    9.14   11.42   10.24    3.04    2.55   12.79     816

Int Range: [13.5,15]
  LAlpha  UAlpha     ROE    DExp    DAct    Rate     Num
   -1.97    4.14    5.84   11.34    8.38   14.22     851
    4.14    5.18    7.64    9.51    6.56   14.20     850
    5.18    5.95    8.26    8.69    6.00   14.26     850
    5.95    6.62    9.30    7.96    4.94   14.24     851
    6.62    7.23    8.38    7.31    5.86   14.24     850
    7.23    7.80    9.81    6.75    4.45   14.27     850
    7.80    8.39    9.00    6.17    5.26   14.26     851
    8.39    9.08    9.99    5.57    4.31   14.30     850
    9.08    9.98   10.37    4.82    3.94   14.31     850
    9.98   12.82    9.70    3.69    4.72   14.42     850

Int Range: [15,17]
  LAlpha  UAlpha     ROE    DExp    DAct    Rate     Num
  -10.30    1.32    4.20   16.86   11.86   16.06     631
    1.32    3.18    4.75   13.75   11.32   16.07     631
    3.18    4.37    4.35   12.25   11.72   16.07     630
    4.37    5.30    7.06   11.20    9.01   16.07     631
    5.30    6.13    6.87   10.32    9.17   16.05     630
    6.13    6.92    9.76    9.50    6.27   16.03     631
    6.92    7.72    8.82    8.72    7.22   16.03     631
    7.72    8.54   11.51    7.92    4.52   16.04     630
    8.54    9.53    8.08    7.00    7.96   16.04     631
    9.53   12.77   10.34    5.68    5.73   16.07     630

Int Range: [17,20]
  LAlpha  UAlpha     ROE    DExp    DAct    Rate     Num
  -12.40   -1.22    1.18   22.73   17.70   18.88     686
   -1.22    1.13    3.24   18.46   15.30   18.54     686
    1.13    2.80    5.35   16.42   13.10   18.45     686
    2.80    4.01    5.31   14.87   12.98   18.28     685
    4.01    5.11    5.94   13.67   12.29   18.23     686
    5.11    6.10    6.69   12.65   11.55   18.24     686
    6.10    7.13    8.33   11.55    9.84   18.17     685
    7.13    8.20    6.04   10.51   12.12   18.16     686
    8.20    9.52    9.02    9.25    9.08   18.10     686
    9.52   13.81    9.76    7.51    8.44   18.20     685

Int Range: [20,30]
  LAlpha  UAlpha     ROE    DExp    DAct    Rate     Num
  -13.49   -6.18   -5.73   31.79   29.20   23.46     311
   -6.18   -3.88   -1.01   28.07   24.12   23.12     311
   -3.88   -2.06    2.55   26.27   20.75   23.30     311
   -2.06   -0.52   -2.56   24.57   25.85   23.29     311
   -0.52    0.91    5.51   22.91   17.58   23.09     311
    0.91    2.36    6.35   21.54   16.84   23.18     311
    2.36    3.81    5.28   20.00   17.76   23.04     311
    3.81    5.66    8.27   18.16   14.56   22.83     311
    5.66    7.97    8.43   16.07   14.38   22.81     311
    7.97   16.32    7.88   12.79   15.09   22.97     310


MinAlpha	ROE	Count
-5	7.37	58161
-4	7.42	57906
-3	7.45	57585
-2	7.48	57192
-1	7.52	56715
0	7.58	56072
1	7.64	55227
2	7.66	54136
3	7.73	52577
4	7.86	49838
5	8.03	43936
6	8.43	32534
7	8.86	20955
8	9.35	12057
9	9.60	5701
10	10.69	2113
11	11.95	690
12	12.91	151
13	9.93	37
14	16.38	16
15	15.39	4

Forest Importance
('purpose', 0.0019805808132004801)
('even_loan_amnt', 0.0033727514157376255)
('loan_amnt', 0.006712400376315081)
('total_acc', 0.015029592812610347)
('avg_urate', 0.01590034756131508)
('urate', 0.017119456623936834)
('home_ownership', 0.018209936614965457)
('installment', 0.020186875157923147)
('annual_inc', 0.020782063982727531)
('urate_range', 0.021004001798929962)
('revol_util', 0.021302028357104087)
('urate_chg', 0.0214509102046186)
('emp_length', 0.021639852480242402)
('clean_title_rank', 0.021700318520881279)
('pct_med_inc', 0.023569164323400012)
('revol_bal-loan', 0.023786815801817601)
('revol_bal_pct_inc', 0.02420268187387499)
('int_pct_inc', 0.025033234880452684)
('hpa4', 0.02685362814502161)
('credit_length', 0.028039109227677758)
('caploC', 0.031888148808570611)
('dti', 0.03217895291854566)
('pymt_pct_inc', 0.043340315699725317)
('ctloC', 0.053599840179219684)
('sub_grade', 0.46111699142118612)


Forest Parameters
oob_score: False
n_jobs: 8
verbose: 0
min_density: None
compute_importances: None
max_leaf_nodes: None
bootstrap: True
min_samples_leaf: 300
n_estimators: 200
min_samples_split: 2
random_state: None
criterion: mse
max_features: auto
max_depth: None
