OOS Cutoff = 2015-01-01
Int Range: [0,7]
  LAlpha  UAlpha     ROE    DExp    DAct    Rate     Num
  -20.70    4.62    5.57    2.33    0.91    6.49     526
    4.62    4.95    5.51    1.59    0.88    6.39     525
    4.95    5.16    5.89    1.31    0.48    6.37     526
    5.16    5.32    5.84    1.15    0.56    6.40     525
    5.32    5.46    6.00    1.02    0.41    6.41     525
    5.46    5.60    6.38    0.97    0.13    6.50     526
    5.60    5.74    6.09    0.92    0.50    6.59     525
    5.74    5.90    6.10    0.84    0.56    6.66     526
    5.90    6.10    6.40    0.78    0.38    6.78     525
    6.10    6.70    6.44    0.65    0.50    6.94     525

Int Range: [7,10]
  LAlpha  UAlpha     ROE    DExp    DAct    Rate     Num
    1.61    4.76    5.69    4.29    2.79    8.48    1155
    4.76    5.25    5.91    3.36    2.48    8.39    1155
    5.25    5.61    6.72    3.00    1.72    8.43    1155
    5.61    5.89    6.77    2.62    1.60    8.37    1154
    5.89    6.14    6.76    2.37    1.61    8.38    1155
    6.14    6.38    6.72    2.12    1.66    8.38    1155
    6.38    6.60    7.13    1.96    1.33    8.45    1154
    6.60    6.88    6.97    1.87    1.64    8.60    1155
    6.88    7.27    7.62    1.80    1.24    8.86    1155
    7.27    9.03    8.48    1.70    0.89    9.36    1154

Int Range: [10,12]
  LAlpha  UAlpha     ROE    DExp    DAct    Rate     Num
   -0.25    5.26    6.28    7.23    5.20   11.48     908
    5.26    6.02    7.65    5.69    3.73   11.37     907
    6.02    6.55    8.57    5.02    2.75   11.32     908
    6.55    6.99    7.30    4.48    3.96   11.26     907
    6.99    7.36    7.23    4.07    4.02   11.25     908
    7.36    7.72    8.59    3.70    2.65   11.24     907
    7.72    8.05    8.42    3.34    2.81   11.23     908
    8.05    8.44    9.37    3.02    1.90   11.27     907
    8.44    8.89    8.81    2.60    2.45   11.26     908
    8.89   10.39    8.23    2.14    3.21   11.44     907

Int Range: [12,13.5]
  LAlpha  UAlpha     ROE    DExp    DAct    Rate     Num
   -1.05    4.25    7.45    9.59    5.29   12.74     816
    4.25    5.19    6.82    7.95    5.89   12.70     816
    5.19    5.85    7.85    7.15    4.83   12.68     816
    5.85    6.39    8.62    6.54    4.04   12.67     816
    6.39    6.86    7.83    6.06    4.87   12.69     816
    6.86    7.34    7.21    5.59    5.48   12.69     816
    7.34    7.81    8.14    5.12    4.56   12.70     816
    7.81    8.35    9.54    4.63    3.17   12.70     816
    8.35    9.05    8.99    4.05    3.72   12.72     816
    9.05   11.08   10.01    3.17    2.79   12.80     816

Int Range: [13.5,15]
  LAlpha  UAlpha     ROE    DExp    DAct    Rate     Num
   -0.85    4.18    5.29   11.23    8.90   14.19     851
    4.18    5.18    8.47    9.48    5.73   14.20     850
    5.18    5.93    7.33    8.70    6.94   14.27     850
    5.93    6.59    9.77    7.97    4.47   14.23     851
    6.59    7.20    9.75    7.33    4.47   14.22     850
    7.20    7.78    8.69    6.76    5.56   14.25     850
    7.78    8.36    8.77    6.22    5.51   14.28     851
    8.36    9.02   10.39    5.64    3.92   14.31     850
    9.02    9.87    9.77    4.88    4.55   14.32     850
    9.87   12.84   10.05    3.79    4.38   14.43     850

Int Range: [15,17]
  LAlpha  UAlpha     ROE    DExp    DAct    Rate     Num
   -8.60    1.42    3.33   16.79   12.77   16.11     631
    1.42    3.35    4.27   13.59   11.79   16.06     631
    3.35    4.44    5.61   12.15   10.46   16.07     630
    4.44    5.36    6.96   11.15    9.11   16.06     631
    5.36    6.18    7.84   10.30    8.24   16.08     630
    6.18    6.93    9.31    9.44    6.71   16.02     631
    6.93    7.68    9.45    8.71    6.56   16.01     631
    7.68    8.50    9.68    7.96    6.36   16.04     630
    8.50    9.48    9.21    7.06    6.83   16.04     631
    9.48   12.38   10.07    5.74    5.96   16.04     630

Int Range: [17,20]
  LAlpha  UAlpha     ROE    DExp    DAct    Rate     Num
  -10.67   -1.04    1.77   22.36   17.12   18.89     686
   -1.04    1.21    2.88   18.42   15.71   18.59     686
    1.21    2.86    7.33   16.36   11.11   18.45     686
    2.86    4.11    4.35   14.78   13.94   18.29     685
    4.11    5.13    4.29   13.63   13.96   18.25     686
    5.13    6.17    6.19   12.55   12.01   18.20     686
    6.17    7.12    9.68   11.56    8.52   18.20     685
    7.12    8.24    5.76   10.47   12.36   18.13     686
    8.24    9.45    9.41    9.31    8.71   18.12     686
    9.45   13.34    9.20    7.61    8.96   18.16     685

Int Range: [20,30]
  LAlpha  UAlpha     ROE    DExp    DAct    Rate     Num
  -12.43   -5.45   -5.71   30.62   28.99   23.27     311
   -5.45   -3.37   -2.65   27.51   25.72   23.07     311
   -3.37   -1.77    3.49   25.82   19.83   23.33     311
   -1.77   -0.32   -0.29   24.17   23.46   23.16     311
   -0.32    0.96    7.39   23.00   15.89   23.29     311
    0.96    2.39    4.77   21.45   18.33   23.10     311
    2.39    3.82    6.13   19.92   16.89   23.02     311
    3.82    5.51    4.96   18.42   18.09   23.04     311
    5.51    7.98    8.49   16.16   14.33   22.81     311
    7.98   16.50    8.39   12.91   14.61   23.01     310


MinAlpha	ROE	Count
-5	7.37	58272
-4	7.40	58022
-3	7.44	57723
-2	7.47	57323
-1	7.50	56822
0	7.57	56156
1	7.61	55308
2	7.67	54258
3	7.69	52802
4	7.82	50246
5	8.02	44325
6	8.48	32534
7	8.83	20703
8	9.36	11725
9	9.60	5372
10	10.77	1914
11	11.00	572
12	14.62	116
13	9.04	31
14	16.88	14
15	7.53	2

Forest Importance
('purpose', 0.0010848423835368103)
('loan_amnt', 0.0051364472278326448)
('avg_urate', 0.0096320143408516676)
('total_acc', 0.010743804971291628)
('urate', 0.011108893036378192)
('clean_title_rank', 0.013776608762006559)
('urate_chg', 0.01383989071313496)
('urate_range', 0.01477619575593222)
('installment', 0.01488941497693135)
('revol_util', 0.015617038063156414)
('revol_bal-loan', 0.017550148280539444)
('pct_med_inc', 0.017703130289906607)
('revol_bal_pct_inc', 0.01811629811715746)
('annual_inc', 0.018320549857986465)
('int_pct_inc', 0.018727018370178448)
('hpa4', 0.019624296890643614)
('emp_length', 0.020199437384286357)
('home_ownership', 0.021187295590506375)
('credit_length', 0.026643250981323675)
('dti', 0.031042150724649262)
('caploC', 0.031548185740038474)
('pymt_pct_inc', 0.042051477444496971)
('ctloC', 0.054526298348704642)
('sub_grade', 0.55215531174853016)


Forest Parameters
oob_score: False
n_jobs: 8
verbose: 0
min_density: None
compute_importances: None
max_leaf_nodes: None
bootstrap: True
min_samples_leaf: 500
n_estimators: 200
min_samples_split: 2
random_state: None
criterion: mse
max_features: auto
max_depth: None
