OOS Cutoff = 2014-02-01 00:00:00
Int Range: [0,7]
  LAlpha  UAlpha     ROE    DExp    DAct    Rate     Num
   -1.59    3.46    5.19    3.64    1.10    6.29     215
    3.46    4.00    2.94    2.50    3.31    6.26     215
    4.00    4.37    6.26    2.05    0.00    6.26     215
    4.37    4.61    6.18    1.80    0.12    6.30     215
    4.61    4.83    6.29    1.57    0.00    6.29     215
    4.83    5.03    5.93    1.39    0.40    6.33     215
    5.03    5.26    4.87    1.18    1.45    6.32     215
    5.26    5.47    5.80    0.97    0.53    6.33     215
    5.47    5.73    5.50    0.83    0.93    6.42     215
    5.73    6.35    6.57    0.63    0.00    6.57     215

Int Range: [7,10]
  LAlpha  UAlpha     ROE    DExp    DAct    Rate     Num
   -0.97    4.92    5.38    4.21    2.90    8.28    1061
    4.92    5.58    6.48    2.91    1.72    8.19    1060
    5.58    6.01    6.52    2.41    1.69    8.21    1061
    6.01    6.33    6.75    2.12    1.54    8.29    1060
    6.33    6.62    6.79    1.91    1.59    8.38    1060
    6.62    6.91    7.39    1.71    1.09    8.47    1061
    6.91    7.22    7.37    1.59    1.28    8.65    1060
    7.22    7.59    7.41    1.58    1.57    8.98    1061
    7.59    8.06    6.92    1.40    2.30    9.22    1060
    8.06    9.36    8.13    1.02    1.32    9.46    1060

Int Range: [10,12]
  LAlpha  UAlpha     ROE    DExp    DAct    Rate     Num
   -0.17    6.41    6.76    5.96    4.46   11.22     823
    6.41    7.35    8.53    4.25    2.66   11.20     822
    7.35    7.92    8.38    3.54    2.82   11.19     822
    7.92    8.34    7.12    3.10    4.12   11.23     823
    8.34    8.68    8.23    2.77    3.05   11.28     822
    8.68    9.00    9.05    2.49    2.28   11.33     822
    9.00    9.33    9.19    2.24    2.21   11.40     823
    9.33    9.67    8.89    1.99    2.60   11.49     822
    9.67   10.13    8.88    1.76    2.77   11.64     822
   10.13   11.47   10.21    1.32    1.65   11.86     822

Int Range: [12,13.5]
  LAlpha  UAlpha     ROE    DExp    DAct    Rate     Num
   -3.07    6.89    6.69    7.27    6.18   12.87     873
    6.89    7.90    8.12    5.41    4.72   12.84     873
    7.90    8.51    7.01    4.60    5.81   12.82     873
    8.51    8.98    8.46    4.05    4.36   12.82     873
    8.98    9.36    7.30    3.63    5.51   12.81     873
    9.36    9.71   10.33    3.26    2.47   12.80     873
    9.71   10.06    9.35    2.88    3.42   12.77     873
   10.06   10.42    9.95    2.54    2.83   12.78     873
   10.42   10.84    9.70    2.16    3.09   12.79     873
   10.84   12.23    9.83    1.60    2.99   12.82     872

Int Range: [13.5,15]
  LAlpha  UAlpha     ROE    DExp    DAct    Rate     Num
   -3.27    5.49    5.85   10.22    8.44   14.28    1265
    5.49    6.70    7.73    8.11    6.53   14.26    1264
    6.70    7.59    6.24    7.07    7.99   14.22    1265
    7.59    8.26    8.73    6.27    5.48   14.20    1264
    8.26    8.86    8.11    5.64    6.10   14.21    1265
    8.86    9.41    8.78    5.07    5.43   14.21    1264
    9.41    9.95    9.56    4.54    4.66   14.22    1265
    9.95   10.52   10.90    3.97    3.31   14.20    1264
   10.52   11.21   10.60    3.36    3.60   14.20    1265
   11.21   13.85   11.60    2.49    2.70   14.30    1264

Int Range: [15,17]
  LAlpha  UAlpha     ROE    DExp    DAct    Rate     Num
   -9.31    4.18    6.47   13.93    9.69   16.16    1096
    4.18    5.92    6.92   10.88    9.09   16.01    1096
    5.92    6.99    7.46    9.51    8.54   15.99    1095
    6.99    7.83    8.36    8.45    7.53   15.89    1096
    7.83    8.56    9.26    7.69    6.63   15.89    1095
    8.56    9.26   10.34    6.95    5.52   15.86    1096
    9.26    9.94   10.41    6.26    5.45   15.86    1096
    9.94   10.64   10.79    5.53    5.02   15.81    1095
   10.64   11.54   11.24    4.76    4.57   15.81    1096
   11.54   14.25   12.52    3.57    3.31   15.82    1095

Int Range: [17,20]
  LAlpha  UAlpha     ROE    DExp    DAct    Rate     Num
  -11.61    2.72    1.79   18.13   16.74   18.54    1038
    2.72    4.91    4.73   14.61   13.78   18.51    1038
    4.91    6.29    7.41   12.87   11.10   18.51    1038
    6.29    7.44    8.47   11.66   10.06   18.53    1038
    7.44    8.42    9.33   10.58    9.20   18.53    1038
    8.42    9.31    8.47    9.68   10.09   18.56    1038
    9.31   10.20    8.70    8.85    9.90   18.60    1038
   10.20   11.18   11.31    7.98    7.35   18.65    1038
   11.18   12.36   11.72    7.04    7.06   18.78    1038
   12.36   17.38   13.08    5.50    5.86   18.93    1038

Int Range: [20,30]
  LAlpha  UAlpha     ROE    DExp    DAct    Rate     Num
  -15.54   -0.24   -5.33   26.96   28.71   23.38     622
   -0.24    2.84   -0.78   21.45   23.66   22.87     622
    2.84    4.67    3.40   18.91   19.30   22.70     621
    4.67    6.34    9.11   17.01   13.45   22.57     622
    6.34    7.72    7.76   15.20   14.51   22.26     621
    7.72    9.03    4.15   13.92   18.15   22.30     622
    9.03   10.29    9.11   12.40   12.97   22.08     622
   10.29   11.63    8.07   11.17   14.04   22.11     621
   11.63   13.26   12.21    9.73    9.91   22.13     622
   13.26   20.09   11.46    7.80   11.04   22.49     621


MinAlpha	ROE	Count
-5	8.20	69716
-4	8.22	69627
-3	8.24	69509
-2	8.28	69338
-1	8.30	69102
0	8.34	68772
1	8.39	68260
2	8.48	67505
3	8.53	66317
4	8.62	64276
5	8.80	60518
6	9.00	54412
7	9.37	46153
8	9.71	36713
9	10.26	26404
10	10.92	16034
11	11.72	7732
12	12.27	3419
13	11.98	1488
14	14.00	672
15	15.62	268

Forest Importance
('pub_rec', 0.00022051234365919083)
('delinq_2yrs', 0.00056360821587868608)
('term', 0.0015355559575740843)
('mths_since_last_record', 0.0030728423149793444)
('loan_amnt', 0.0045457986208971143)
('verification_status', 0.0045602268426055857)
('purpose', 0.0053063670961070045)
('even_loan_amnt', 0.0062893098794800061)
('home_ownership', 0.010911585614615835)
('inq_last_6mths', 0.012951856879336367)
('open_acc', 0.015445242154428256)
('total_acc', 0.020827182891358889)
('mths_since_last_delinq', 0.021918836213161774)
('int_pymt', 0.023262014886083562)
('installment', 0.024465599770142558)
('revol_bal', 0.026099359930010353)
('dti', 0.028155528751780182)
('emp_length', 0.030370953964654848)
('tok4_capitalization_log_odds', 0.031189011305566665)
('revol_util', 0.031415577823328322)
('short_title_rank', 0.032960439721919525)
('credit_length', 0.033687956312431079)
('urate', 0.03458270190469024)
('annual_inc', 0.035276451210223977)
('pct_med_inc', 0.036572088931322827)
('revol_bal-loan', 0.038769396400598462)
('avg_urate', 0.039830321859487081)
('revol_bal_pct_inc', 0.041191650105627968)
('urate_chg', 0.042613864445396506)
('tok4_clean_title_log_odds', 0.049296038137416717)
('pymt_pct_inc', 0.063667052011672262)
('sub_grade', 0.099956398451146053)
('int_rate', 0.14848866905241881)


Forest Parameters
oob_score: False
n_jobs: 8
verbose: 0
min_density: None
compute_importances: None
max_leaf_nodes: None
bootstrap: True
min_samples_leaf: 100
n_estimators: 400
min_samples_split: 2
random_state: None
criterion: mse
max_features: auto
max_depth: None
