OOS Cutoff = 2014-04-01 00:00:00
Int Range: [0,7]
  LAlpha  UAlpha     ROE    DExp    DAct    Rate     Num
    1.47    4.06    3.50    2.87    2.74    6.25     128
    4.06    4.50    5.35    1.94    0.88    6.23     127
    4.50    4.76    4.89    1.60    1.35    6.24     127
    4.76    4.97    6.24    1.37    0.00    6.24     127
    4.97    5.17    6.08    1.21    0.21    6.28     127
    5.17    5.32    5.33    0.98    0.89    6.22     128
    5.32    5.48    6.27    0.87    0.00    6.27     127
    5.48    5.63    5.67    0.80    0.67    6.35     127
    5.63    5.88    6.52    0.77    0.00    6.52     127
    5.88    6.32    5.91    0.53    0.67    6.59     127

Int Range: [7,10]
  LAlpha  UAlpha     ROE    DExp    DAct    Rate     Num
    2.12    5.30    4.81    3.53    3.36    8.17     567
    5.30    5.86    6.26    2.57    1.92    8.18     566
    5.86    6.24    6.72    2.16    1.50    8.22     567
    6.24    6.53    7.75    1.87    0.52    8.26     566
    6.53    6.79    7.12    1.67    1.22    8.33     567
    6.79    7.05    6.65    1.46    1.72    8.37     566
    7.05    7.33    6.82    1.33    1.70    8.52     567
    7.33    7.71    7.44    1.38    1.46    8.90     566
    7.71    8.15    7.10    1.22    2.05    9.15     567
    8.15    9.28    7.78    0.92    1.65    9.43     566

Int Range: [10,12]
  LAlpha  UAlpha     ROE    DExp    DAct    Rate     Num
    1.18    6.77    6.12    5.26    4.92   11.04     470
    6.77    7.56    6.79    3.80    4.21   11.00     469
    7.56    8.02    8.45    3.24    2.57   11.02     469
    8.02    8.40    7.69    2.91    3.43   11.12     469
    8.40    8.75    9.17    2.59    2.00   11.16     469
    8.75    9.04    8.25    2.36    3.00   11.25     470
    9.04    9.38    8.73    2.10    2.58   11.31     469
    9.38    9.77    8.08    1.87    3.35   11.43     469
    9.77   10.19    8.49    1.58    3.06   11.55     469
   10.19   11.57    9.65    1.21    2.15   11.80     469

Int Range: [12,13.5]
  LAlpha  UAlpha     ROE    DExp    DAct    Rate     Num
   -3.20    6.41    6.85    7.87    6.11   12.96     535
    6.41    7.35    7.29    6.01    5.65   12.95     535
    7.35    7.99    6.64    5.20    6.23   12.87     535
    7.99    8.55    7.08    4.57    5.77   12.85     535
    8.55    8.97   10.55    4.04    2.25   12.80     535
    8.97    9.37    8.25    3.63    4.55   12.80     535
    9.37    9.74    8.95    3.22    3.82   12.77     535
    9.74   10.16    9.97    2.85    2.83   12.80     535
   10.16   10.68   11.46    2.36    1.31   12.77     535
   10.68   12.14    9.68    1.69    3.10   12.77     534

Int Range: [13.5,15]
  LAlpha  UAlpha     ROE    DExp    DAct    Rate     Num
   -1.18    6.02    4.89    9.61    9.40   14.29     652
    6.02    7.14    6.50    7.66    7.77   14.27     651
    7.14    7.89    6.31    6.74    7.96   14.26     652
    7.89    8.53    7.48    6.03    6.76   14.24     651
    8.53    9.11    8.30    5.40    5.93   14.23     652
    9.11    9.63    9.82    4.89    4.44   14.26     651
    9.63   10.12    8.79    4.39    5.47   14.26     652
   10.12   10.63   10.51    3.90    3.75   14.26     651
   10.63   11.27   10.70    3.36    3.59   14.29     652
   11.27   13.69   11.51    2.51    2.89   14.40     651

Int Range: [15,17]
  LAlpha  UAlpha     ROE    DExp    DAct    Rate     Num
   -5.54    5.10    5.13   12.95   11.10   16.22     580
    5.10    6.68    7.09   10.09    8.97   16.06     580
    6.68    7.70    8.55    8.77    7.45   15.99     580
    7.70    8.47    8.35    7.85    7.60   15.95     579
    8.47    9.14    7.34    7.07    8.54   15.88     580
    9.14    9.78    9.71    6.42    6.16   15.87     580
    9.78   10.37    9.91    5.76    5.92   15.83     579
   10.37   11.03   10.75    5.17    5.10   15.86     580
   11.03   11.85    9.44    4.37    6.35   15.79     580
   11.85   14.89   12.71    3.33    3.18   15.89     579

Int Range: [17,20]
  LAlpha  UAlpha     ROE    DExp    DAct    Rate     Num
   -5.92    3.23    0.53   17.53   18.07   18.60     559
    3.23    5.25    1.31   14.29   17.29   18.60     559
    5.25    6.63    8.74   12.60    9.82   18.57     559
    6.63    7.65    9.52   11.35    8.98   18.50     558
    7.65    8.63    8.22   10.37   10.31   18.54     559
    8.63    9.48    7.35    9.56   11.26   18.61     559
    9.48   10.38   10.37    8.71    8.26   18.63     558
   10.38   11.29    9.19    7.85    9.45   18.64     559
   11.29   12.45   12.63    6.86    6.07   18.70     559
   12.45   16.48   13.32    5.35    5.47   18.79     558

Int Range: [20,30]
  LAlpha  UAlpha     ROE    DExp    DAct    Rate     Num
  -11.19   -0.40   -2.24   26.05   25.42   23.17     327
   -0.40    2.43   -5.11   21.48   27.75   22.64     326
    2.43    4.37    0.17   19.02   22.27   22.44     326
    4.37    5.91    2.16   17.20   20.21   22.37     327
    5.91    7.18   11.52   15.60   10.62   22.14     326
    7.18    8.44   10.77   14.23   11.26   22.03     326
    8.44    9.72    5.82   13.25   16.53   22.34     327
    9.72   10.89    6.61   11.98   15.63   22.25     326
   10.89   12.55   12.88   10.70    9.53   22.41     326
   12.55   19.75   11.93    8.88   10.98   22.91     326


MinAlpha	ROE	Count
-5	7.92	38088
-4	7.93	38052
-3	7.93	37994
-2	7.96	37898
-1	8.01	37783
0	8.04	37596
1	8.07	37405
2	8.15	37078
3	8.26	36535
4	8.40	35710
5	8.51	33990
6	8.83	30763
7	9.15	26177
8	9.50	20681
9	10.05	14753
10	10.87	8955
11	11.68	4347
12	12.64	1907
13	13.08	744
14	13.15	280
15	18.41	91

Forest Importance
('pub_rec', 0.00030903364840833094)
('delinq_2yrs', 0.00057719985458978991)
('term', 0.0020862515323577828)
('verification_status', 0.0033467923538734123)
('mths_since_last_record', 0.0036287318838703268)
('loan_amnt', 0.0040946258715905005)
('purpose', 0.0047807131820911189)
('even_loan_amnt', 0.0055085013134477312)
('home_ownership', 0.012395175720000613)
('inq_last_6mths', 0.013684094392232225)
('open_acc', 0.013985916112481133)
('int_pymt', 0.019737280749008039)
('total_acc', 0.020530375086885183)
('mths_since_last_delinq', 0.022281172776897319)
('installment', 0.024881113133849508)
('revol_bal', 0.027085689031042536)
('dti', 0.029544919689495703)
('tok4_capitalization_log_odds', 0.030080112026608891)
('emp_length', 0.030178284970204024)
('revol_util', 0.032780847749077816)
('clean_title_rank', 0.033299381417352933)
('revol_bal_pct_inc', 0.033528566951080682)
('credit_length', 0.034917823964412745)
('revol_bal-loan', 0.03535636798202707)
('annual_inc', 0.036656156251297103)
('int_pct_inc', 0.037911636274696507)
('pct_med_inc', 0.039193611179618844)
('urate', 0.04157957073959178)
('pymt_pct_inc', 0.046848848816530821)
('tok4_clean_title_log_odds', 0.050259729391053137)
('sub_grade', 0.090320630038023014)
('int_rate', 0.21863084591630358)


Forest Parameters
oob_score: False
n_jobs: 8
verbose: 0
min_density: None
compute_importances: None
max_leaf_nodes: None
bootstrap: True
min_samples_leaf: 150
n_estimators: 400
min_samples_split: 2
random_state: None
criterion: mse
max_features: auto
max_depth: None
