OOS Cutoff = 2014-10-01 00:00:00
Int Range: [0,7]
  LAlpha  UAlpha     ROE    DExp    DAct    Rate     Num
   -9.58    4.92    5.08    1.67    1.09    6.17     393
    4.92    5.09    5.39    1.17    0.80    6.18     392
    5.09    5.22    5.16    0.93    0.93    6.09     393
    5.22    5.32    5.33    0.88    0.83    6.16     392
    5.32    5.42    5.72    0.85    0.50    6.22     393
    5.42    5.54    5.24    0.89    1.13    6.37     392
    5.54    5.66    4.51    0.90    1.99    6.50     393
    5.66    5.77    6.09    0.80    0.43    6.52     392
    5.77    5.94    4.89    0.72    1.67    6.56     393
    5.94    6.51    6.44    0.78    0.51    6.95     392

Int Range: [7,10]
  LAlpha  UAlpha     ROE    DExp    DAct    Rate     Num
    2.12    5.08    5.91    3.74    2.40    8.31    1106
    5.08    5.48    6.23    2.93    2.00    8.23    1106
    5.48    5.79    5.93    2.53    2.24    8.17    1106
    5.79    6.01    6.09    2.23    2.04    8.13    1106
    6.01    6.21    6.92    1.91    1.09    8.01    1106
    6.21    6.38    6.63    1.57    1.23    7.86    1106
    6.38    6.55    6.67    1.55    1.35    8.01    1106
    6.55    6.79    6.93    1.65    1.38    8.31    1106
    6.79    7.21    7.38    1.73    1.34    8.72    1106
    7.21    8.29    7.87    1.54    1.24    9.10    1105

Int Range: [10,12]
  LAlpha  UAlpha     ROE    DExp    DAct    Rate     Num
    1.94    5.97    8.40    5.85    2.59   10.99    1021
    5.97    6.62    7.26    4.61    3.69   10.95    1020
    6.62    7.06    8.62    4.18    2.40   11.02    1020
    7.06    7.42    8.35    3.78    2.68   11.03    1020
    7.42    7.72    7.22    3.44    3.80   11.02    1020
    7.72    8.04    8.07    3.17    2.97   11.05    1021
    8.04    8.34    8.42    2.89    2.66   11.07    1020
    8.34    8.65    8.58    2.65    2.57   11.14    1020
    8.65    9.04    8.05    2.46    3.24   11.29    1020
    9.04   10.25    9.59    2.14    1.96   11.55    1020

Int Range: [12,13.5]
  LAlpha  UAlpha     ROE    DExp    DAct    Rate     Num
   -0.05    5.04    6.43    8.95    6.48   12.91    1024
    5.04    5.95    8.21    7.35    4.66   12.87    1024
    5.95    6.51    6.21    6.63    6.65   12.87    1024
    6.51    7.01    6.94    6.10    5.92   12.86    1023
    7.01    7.43    8.98    5.64    3.88   12.86    1024
    7.43    7.89    8.30    5.22    4.58   12.87    1024
    7.89    8.31    9.26    4.77    3.62   12.88    1023
    8.31    8.77    9.10    4.35    3.79   12.89    1024
    8.77    9.34    9.32    3.85    3.57   12.89    1024
    9.34   11.17   10.54    3.18    2.45   12.99    1023

Int Range: [13.5,15]
  LAlpha  UAlpha     ROE    DExp    DAct    Rate     Num
    0.39    5.17    7.30   10.42    7.04   14.35    1033
    5.17    6.14    6.39    8.61    7.93   14.32    1033
    6.14    6.82    6.91    7.87    7.46   14.37    1033
    6.82    7.40    6.33    7.24    8.02   14.35    1033
    7.40    7.93    6.24    6.73    8.15   14.39    1033
    7.93    8.43    6.42    6.18    7.93   14.36    1033
    8.43    8.95    9.22    5.73    5.20   14.42    1033
    8.95    9.48    7.28    5.22    7.14   14.43    1033
    9.48   10.17    8.10    4.66    6.35   14.45    1033
   10.17   12.39   10.58    3.75    3.96   14.54    1032

Int Range: [15,17]
  LAlpha  UAlpha     ROE    DExp    DAct    Rate     Num
   -3.04    3.36    4.59   14.62   11.69   16.28     727
    3.36    4.86    4.96   12.02   11.27   16.23     726
    4.86    5.79    6.79   10.82    9.37   16.16     726
    5.79    6.56    8.51    9.94    7.62   16.13     726
    6.56    7.26    6.03    9.15   10.03   16.07     726
    7.26    7.88    6.01    8.55   10.11   16.12     726
    7.88    8.46    8.54    8.00    7.62   16.16     726
    8.46    9.05    8.79    7.37    7.32   16.11     726
    9.05    9.91    9.82    6.64    6.26   16.09     726
    9.91   12.52    8.88    5.39    7.17   16.05     726

Int Range: [17,20]
  LAlpha  UAlpha     ROE    DExp    DAct    Rate     Num
   -4.51    1.57    2.57   18.76   16.18   18.75     669
    1.57    3.35    2.70   16.03   15.84   18.54     668
    3.35    4.72    5.86   14.35   12.54   18.40     668
    4.72    5.72    7.40   13.08   10.92   18.32     668
    5.72    6.53    6.84   12.20   11.51   18.34     668
    6.53    7.41    5.76   11.45   12.67   18.42     669
    7.41    8.24    6.62   10.44   11.64   18.26     668
    8.24    9.08    6.16    9.62   12.11   18.28     668
    9.08   10.01    6.73    8.77   11.56   18.29     668
   10.01   13.66    7.09    7.44   11.34   18.43     668

Int Range: [20,30]
  LAlpha  UAlpha     ROE    DExp    DAct    Rate     Num
   -4.73   -1.56   -1.12   24.25   22.87   21.75     406
   -1.56   -0.29    1.06   23.72   21.77   22.83     405
   -0.29    0.66    1.79   22.65   21.06   22.85     405
    0.66    1.60    3.99   21.76   18.91   22.90     406
    1.60    2.66    2.14   21.17   21.15   23.29     405
    2.66    3.86    0.96   19.62   21.90   22.86     405
    3.86    5.25    0.40   18.20   22.33   22.73     406
    5.25    6.84    3.75   15.72   18.02   21.78     405
    6.84    8.50    7.89   14.81   14.53   22.42     405
    8.50   13.75    4.51   12.98   18.47   22.98     405


MinAlpha	ROE	Count
-5	6.95	63751
-4	6.95	63723
-3	6.97	63633
-2	6.99	63414
-1	7.04	63030
0	7.08	62467
1	7.14	61652
2	7.22	60655
3	7.26	59418
4	7.37	57541
5	7.45	53504
6	7.71	42458
7	8.06	29609
8	8.43	18618
9	8.75	8926
10	9.09	3060
11	10.41	878
12	13.17	128
13	21.55	16
14	nan	0
15	nan	0

Forest Importance
('pub_rec', 0.0)
('delinq_2yrs', 0.0)
('purpose', 7.6922774812673785e-05)
('mths_since_last_major_derog', 0.00014528686532795025)
('verification_status', 0.00019346292160911664)
('loan_amnt', 0.0005207467313987676)
('open_acc', 0.00078227270948541539)
('term', 0.00096772283202181968)
('mths_since_last_record', 0.0012810269305898268)
('total_acc', 0.0013682064434824518)
('int_pymt', 0.0015631237031765719)
('urate', 0.0019540382194124985)
('revol_bal_pct_inc', 0.0020705858320473496)
('installment', 0.0020794848707461045)
('clean_title_rank', 0.0021549149579942507)
('even_loan_amnt', 0.0025906928361136838)
('mths_since_last_delinq', 0.0027911827696929818)
('revol_bal', 0.0029795907513308129)
('revol_bal-loan', 0.0033835585026182418)
('revol_util', 0.003665768564573354)
('inq_last_6mths', 0.0043918605781712826)
('pct_med_inc', 0.0074995901106796534)
('dti', 0.014559764416994414)
('emp_length', 0.01647897416070437)
('int_pct_inc', 0.017112727285717257)
('credit_length', 0.021007212477315452)
('home_ownership', 0.021923930195066724)
('tok4_capitalization_log_odds', 0.02733183067422993)
('annual_inc', 0.028095897648726772)
('pymt_pct_inc', 0.038144953257304957)
('tok4_clean_title_log_odds', 0.054030441810571761)
('int_rate', 0.23865582018695736)
('sub_grade', 0.48019840798112617)


Forest Parameters
oob_score: False
n_jobs: 8
verbose: 0
min_density: None
compute_importances: None
max_leaf_nodes: None
bootstrap: True
min_samples_leaf: 2000
n_estimators: 100
min_samples_split: 2
random_state: None
criterion: mse
max_features: auto
max_depth: None
