OOS Cutoff = 2014-03-01 00:00:00
Int Range: [0,7]
  LAlpha  UAlpha     ROE    DExp    DAct    Rate     Num
    0.77    4.06    6.31    2.78    0.00    6.31      94
    4.06    4.50    6.29    1.99    0.00    6.29      94
    4.50    4.72    6.41    1.79    0.00    6.41      94
    4.72    4.92    5.06    1.44    1.23    6.28      93
    4.92    5.05    6.21    1.23    0.00    6.21      94
    5.05    5.15    6.28    1.17    0.00    6.28      94
    5.15    5.31    6.03    1.09    0.28    6.32      93
    5.31    5.53    6.57    1.14    0.00    6.57      94
    5.53    5.71    5.41    1.00    1.21    6.62      94
    5.71    6.00    5.70    0.82    0.92    6.62      93

Int Range: [7,10]
  LAlpha  UAlpha     ROE    DExp    DAct    Rate     Num
    2.19    5.45    6.57    3.44    1.71    8.28     547
    5.45    5.93    6.63    2.56    1.63    8.26     546
    5.93    6.31    7.40    2.09    0.82    8.22     546
    6.31    6.59    7.48    1.75    0.73    8.21     547
    6.59    6.80    6.45    1.59    1.83    8.28     546
    6.80    7.04    7.53    1.54    0.92    8.45     546
    7.04    7.42    8.02    1.83    1.03    9.04     547
    7.42    7.78    8.15    1.65    1.11    9.26     546
    7.78    8.17    7.98    1.24    1.21    9.19     546
    8.17    8.98    7.97    1.18    1.68    9.65     546

Int Range: [10,12]
  LAlpha  UAlpha     ROE    DExp    DAct    Rate     Num
    4.54    7.35    9.34    4.43    1.85   11.18     374
    7.35    7.99    9.33    3.71    2.08   11.41     374
    7.99    8.33    9.85    3.14    1.45   11.30     374
    8.33    8.64    8.42    2.86    2.93   11.34     374
    8.64    8.90    9.17    2.61    2.21   11.37     374
    8.90    9.19   10.17    2.49    1.37   11.54     374
    9.19    9.40   10.25    2.29    1.34   11.59     374
    9.40    9.70    9.68    2.12    1.98   11.66     374
    9.70   10.13    9.67    2.04    2.26   11.93     374
   10.13   10.92   10.98    1.60    1.01   11.99     374

Int Range: [12,13.5]
  LAlpha  UAlpha     ROE    DExp    DAct    Rate     Num
    3.19    7.57    8.82    6.10    4.10   12.92     436
    7.57    8.18    8.96    4.93    3.87   12.82     436
    8.18    8.62    9.23    4.38    3.55   12.78     436
    8.62    9.01   10.09    3.98    2.72   12.81     436
    9.01    9.35   10.62    3.59    2.16   12.77     436
    9.35    9.66    9.49    3.21    3.21   12.70     436
    9.66    9.96    9.77    2.89    2.92   12.69     436
    9.96   10.25   10.17    2.59    2.52   12.69     436
   10.25   10.62   11.40    2.27    1.29   12.70     436
   10.62   11.46   10.77    1.82    1.93   12.70     436

Int Range: [13.5,15]
  LAlpha  UAlpha     ROE    DExp    DAct    Rate     Num
    2.96    7.18    8.58    7.97    5.63   14.22     628
    7.18    7.95   10.06    6.52    4.04   14.11     627
    7.95    8.50    9.47    5.91    4.67   14.14     628
    8.50    9.00   10.05    5.39    4.10   14.14     627
    9.00    9.44    8.75    4.91    5.39   14.13     628
    9.44    9.83    9.99    4.51    4.16   14.15     627
    9.83   10.22    9.30    4.12    4.85   14.15     628
   10.22   10.69   11.85    3.73    2.32   14.17     627
   10.69   11.29   10.03    3.21    4.15   14.18     628
   11.29   12.85   11.87    2.58    2.41   14.28     627

Int Range: [15,17]
  LAlpha  UAlpha     ROE    DExp    DAct    Rate     Num
    1.64    6.89    9.98   10.28    5.99   15.97     581
    6.89    7.94   10.50    8.40    5.36   15.86     581
    7.94    8.61    8.26    7.52    7.56   15.82     581
    8.61    9.17    8.68    6.91    7.12   15.80     581
    9.17    9.68   10.96    6.38    4.84   15.79     581
    9.68   10.16   10.31    5.82    5.43   15.74     581
   10.16   10.67   11.47    5.31    4.26   15.74     581
   10.67   11.16   11.81    4.78    3.89   15.69     581
   11.16   11.79   12.04    4.27    3.70   15.73     581
   11.79   13.70   13.07    3.47    2.69   15.77     580

Int Range: [17,20]
  LAlpha  UAlpha     ROE    DExp    DAct    Rate     Num
   -0.70    4.78    6.71   15.09   11.73   18.43     568
    4.78    6.39    7.67   12.91   10.88   18.55     567
    6.39    7.49   11.05   11.57    7.51   18.56     568
    7.49    8.31   11.65   10.63    6.90   18.55     567
    8.31    9.02   12.10    9.89    6.45   18.54     567
    9.02    9.67   12.41    9.27    6.22   18.63     568
    9.67   10.37   10.33    8.66    8.34   18.67     567
   10.37   11.08   12.01    7.97    6.69   18.69     568
   11.08   12.09   13.76    7.40    5.19   18.94     567
   12.09   15.23   14.44    6.22    4.73   19.17     567

Int Range: [20,30]
  LAlpha  UAlpha     ROE    DExp    DAct    Rate     Num
   -1.44    2.09   -0.85   22.48   24.17   23.32     330
    2.09    4.54    5.62   19.99   17.71   23.32     329
    4.54    6.88   10.64   16.50   11.57   22.20     330
    6.88    8.05   11.34   14.75   10.95   22.29     329
    8.05    8.83    9.21   14.10   13.31   22.52     329
    8.83    9.56   10.98   13.24   11.44   22.43     330
    9.56   10.37   13.28   12.64    9.31   22.59     329
   10.37   11.34   10.64   11.24   11.41   22.05     330
   11.34   12.86   11.55    9.67   10.19   21.74     329
   12.86   16.38   13.44    8.19    8.65   22.10     329


MinAlpha	ROE	Count
-5	9.73	35560
-4	9.73	35560
-3	9.73	35560
-2	9.73	35560
-1	9.73	35554
0	9.74	35487
1	9.78	35363
2	9.84	35175
3	9.89	34885
4	9.93	34439
5	10.02	33252
6	10.22	31011
7	10.46	27375
8	10.62	22569
9	11.12	16225
10	11.66	9573
11	12.52	4310
12	13.42	1636
13	13.88	544
14	15.02	187
15	15.81	32

Forest Importance
('pub_rec', 0.0)
('delinq_2yrs', 3.2111598363785805e-05)
('purpose', 9.8986556850107804e-05)
('is_inc_v', 0.00032374050631074793)
('mths_since_last_record', 0.00037740048060914424)
('loan_amnt', 0.00046697675428941936)
('mod_rate', 0.00091028294960531354)
('term', 0.0010612223610189052)
('inq_last_6mths', 0.0021789628205542782)
('total_acc', 0.0022091558288819379)
('avg_urate', 0.0022355881269652228)
('open_acc', 0.0024087757688813181)
('int_pymt', 0.002443897900250222)
('even_loan_amnt', 0.0025950395206356235)
('installment', 0.0026672859045236237)
('urate', 0.0027721868813963698)
('fico_range_low', 0.0033893108042466992)
('emp_title_rank', 0.0035694465619770916)
('revol_bal-loan', 0.0036054534961543643)
('revol_bal', 0.0039107393013750351)
('revol_util', 0.0040279510235828988)
('med_inc', 0.0041816285322019081)
('zip_code', 0.0047053941338909581)
('short_title_rank', 0.0048768633347316577)
('clean_title_rank', 0.0049036817751558562)
('urate_chg', 0.0053578894978170933)
('revol_bal_pct_inc', 0.0056826886030526989)
('hpa4', 0.0063932608240816913)
('mths_since_last_delinq', 0.0076897018988397389)
('pct_med_inc', 0.01319521478051704)
('home_ownership', 0.013551975626475095)
('tok4_capitalization_log_odds', 0.014540758731707078)
('emp_length', 0.017474593212428117)
('annual_inc', 0.018804981564318632)
('dti', 0.020064401576821548)
('credit_length', 0.023319843540649102)
('pymt_pct_inc', 0.035240334943272306)
('tok4_clean_title_log_odds', 0.11683421514918528)
('sub_grade', 0.12369765931358677)
('int_rate', 0.51820039781479488)


Forest Parameters
oob_score: False
n_jobs: 8
verbose: 0
min_density: None
compute_importances: None
max_leaf_nodes: None
bootstrap: True
min_samples_leaf: 1000
n_estimators: 400
min_samples_split: 2
random_state: None
criterion: mse
max_features: auto
max_depth: None
