OOS Cutoff = 2014-10-01 00:00:00
Int Range: [0,7]
  LAlpha  UAlpha     ROE    DExp    DAct    Rate     Num
  -14.88    3.58    4.95    4.18    1.39    6.34     393
    3.58    4.51    5.54    2.24    0.80    6.34     392
    4.51    5.05    5.58    1.54    0.75    6.33     393
    5.05    5.42    5.87    1.06    0.43    6.30     392
    5.42    5.68    5.58    0.75    0.73    6.31     393
    5.68    5.87    5.46    0.49    0.80    6.26     392
    5.87    6.03    5.36    0.40    0.98    6.34     300
    6.03    6.18    5.54    0.17    0.68    6.22     485
    6.18    6.49    4.58    0.28    2.02    6.60     378
    6.49    6.99    5.01    0.09    1.65    6.66     346

Int Range: [7,10]
  LAlpha  UAlpha     ROE    DExp    DAct    Rate     Num
   -9.02    3.10    5.91    6.91    2.42    8.33    1106
    3.10    4.38    5.80    4.47    2.48    8.28    1106
    4.38    5.14    6.18    3.40    1.99    8.18    1106
    5.14    5.72    6.54    2.70    1.61    8.15    1106
    5.72    6.18    6.79    2.17    1.33    8.13    1106
    6.18    6.58    6.44    1.68    1.63    8.07    1105
    6.58    6.96    7.03    1.30    1.04    8.07    1107
    6.96    7.33    6.86    0.99    1.27    8.13    1106
    7.33    7.90    7.57    0.95    0.98    8.54    1106
    7.90    9.49    7.42    0.60    1.56    8.98    1089

Int Range: [10,12]
  LAlpha  UAlpha     ROE    DExp    DAct    Rate     Num
  -11.69    3.44    7.69    9.82    3.45   11.14    1021
    3.44    5.11    7.03    6.69    4.03   11.06    1020
    5.11    6.17    9.00    5.39    2.06   11.07    1020
    6.17    6.98    7.66    4.45    3.39   11.05    1020
    6.98    7.67    8.43    3.70    2.61   11.04    1020
    7.67    8.25    8.27    3.07    2.76   11.03    1021
    8.25    8.81    7.99    2.51    3.05   11.04    1020
    8.81    9.39    9.06    1.98    2.02   11.08    1020
    9.39   10.11    9.15    1.42    2.00   11.15    1020
   10.11   11.99    8.28    0.81    3.18   11.46    1020

Int Range: [12,13.5]
  LAlpha  UAlpha     ROE    DExp    DAct    Rate     Num
  -13.26    2.71    7.17   12.65    5.73   12.90    1024
    2.71    4.66    6.87    9.11    6.01   12.88    1024
    4.66    5.86    7.35    7.55    5.51   12.86    1024
    5.86    6.80    7.70    6.52    5.17   12.87    1023
    6.80    7.62    9.60    5.65    3.28   12.88    1024
    7.62    8.35    8.10    4.89    4.78   12.87    1024
    8.35    9.06    9.68    4.21    3.24   12.91    1023
    9.06    9.85    8.49    3.43    4.39   12.88    1024
    9.85   10.72    8.30    2.62    4.59   12.89    1024
   10.72   13.35   10.04    1.51    2.91   12.96    1023

Int Range: [13.5,15]
  LAlpha  UAlpha     ROE    DExp    DAct    Rate     Num
  -14.10    2.21    3.43   14.96   10.98   14.41    1033
    2.21    4.29    6.62   11.03    7.76   14.38    1033
    4.29    5.73    7.64    9.36    6.77   14.40    1033
    5.73    6.81    6.82    8.11    7.56   14.39    1033
    6.81    7.85    6.77    7.07    7.63   14.40    1033
    7.85    8.72    7.70    6.08    6.67   14.37    1033
    8.72    9.60    8.64    5.23    5.75   14.39    1033
    9.60   10.49    8.73    4.35    5.67   14.39    1033
   10.49   11.55    9.46    3.36    4.91   14.38    1033
   11.55   14.99    8.96    2.01    5.49   14.45    1032

Int Range: [15,17]
  LAlpha  UAlpha     ROE    DExp    DAct    Rate     Num
  -21.25    0.30    4.36   19.40   11.88   16.24     727
    0.30    3.04    3.48   14.37   12.71   16.19     726
    3.04    4.65    7.63   12.28    8.53   16.16     726
    4.65    5.98    6.39   10.74    9.71   16.10     726
    5.98    7.12    9.89    9.58    6.24   16.13     726
    7.12    8.12    6.11    8.44    9.98   16.09     726
    8.12    9.24    7.95    7.40    8.15   16.10     726
    9.24   10.32    8.18    6.33    7.94   16.11     726
   10.32   11.82    8.53    5.07    7.57   16.10     726
   11.82   16.59   10.41    3.24    5.78   16.19     726

Int Range: [17,20]
  LAlpha  UAlpha     ROE    DExp    DAct    Rate     Num
  -26.24   -2.60    0.37   25.74   18.30   18.68     669
   -2.60    0.65    3.08   19.39   15.50   18.59     668
    0.65    2.93    3.97   16.60   14.46   18.44     668
    2.93    4.72    5.56   14.57   12.86   18.42     668
    4.72    6.24    7.02   12.90   11.36   18.38     668
    6.24    7.63    6.59   11.34   11.70   18.29     669
    7.63    8.93    8.16   10.05   10.17   18.32     668
    8.93   10.37    7.14    8.66   11.15   18.30     668
   10.37   12.22    7.45    7.04   10.84   18.29     668
   12.22   18.16    8.38    4.62    9.95   18.33     668

Int Range: [20,30]
  LAlpha  UAlpha     ROE    DExp    DAct    Rate     Num
  -35.30   -9.60   -2.25   37.75   25.37   23.13     406
   -9.60   -5.29    0.40   30.11   22.47   22.87     405
   -5.29   -2.12    3.50   26.47   19.28   22.79     405
   -2.12    0.34   -1.12   23.61   23.87   22.75     406
    0.34    2.51   -0.21   21.09   22.70   22.49     405
    2.51    4.45    3.83   19.08   18.72   22.55     405
    4.45    6.42    5.84   17.00   16.56   22.40     406
    6.42    8.78    5.10   14.89   17.37   22.47     405
    8.78   11.48    5.12   12.47   17.36   22.49     405
   11.48   22.04    5.17    8.35   17.30   22.47     405


MinAlpha	ROE	Count
-5	7.10	62212
-4	7.15	61858
-3	7.18	61428
-2	7.21	60852
-1	7.26	60157
0	7.31	59122
1	7.41	57764
2	7.47	56007
3	7.58	53500
4	7.69	50043
5	7.80	45077
6	7.91	37716
7	8.26	29023
8	8.48	21472
9	8.58	14851
10	8.77	9453
11	8.86	5211
12	9.33	2584
13	9.38	1239
14	7.78	537
15	7.53	236

Forest Importance
('pub_rec', 0.00063253617261822836)
('term', 0.0019710890300324033)
('delinq_2yrs', 0.0022577513136889408)
('even_loan_amnt', 0.0052039582137367903)
('loan_amnt', 0.0061777572026132446)
('verification_status', 0.0068570327449256193)
('mths_since_last_record', 0.0082564769315069658)
('purpose', 0.0086804969565140132)
('home_ownership', 0.0093443834560817465)
('mths_since_last_major_derog', 0.013518734265210273)
('inq_last_6mths', 0.015677550568748283)
('open_acc', 0.02225813948534415)
('emp_length', 0.024881776986380489)
('tok4_capitalization_log_odds', 0.025472001609478857)
('mths_since_last_delinq', 0.027115206073809257)
('int_pymt', 0.028472510576572109)
('installment', 0.033266127213418054)
('annual_inc', 0.034486916766761994)
('revol_bal', 0.036337475134753688)
('total_acc', 0.037961258327857725)
('dti', 0.038587835219268639)
('credit_length', 0.038676902655509104)
('revol_bal-loan', 0.043657524694195593)
('revol_bal_pct_inc', 0.04414612568558695)
('int_pct_inc', 0.045051305331501632)
('pymt_pct_inc', 0.048543719544860482)
('revol_util', 0.049065594164225623)
('pct_med_inc', 0.050333557474996626)
('clean_title_rank', 0.051590493504056645)
('tok4_clean_title_log_odds', 0.055582687594079409)
('int_rate', 0.057007639903781347)
('urate', 0.059795948340229547)
('sub_grade', 0.069131486857655508)


Forest Parameters
oob_score: False
n_jobs: 8
verbose: 0
min_density: None
compute_importances: None
max_leaf_nodes: None
bootstrap: True
min_samples_leaf: 20
n_estimators: 32
min_samples_split: 2
random_state: None
criterion: mse
max_features: auto
max_depth: None
