OOS Cutoff = 2014-05-01 00:00:00
Int Range: [0,7]
  LAlpha  UAlpha     ROE    DExp    DAct    Rate     Num
    1.08    3.85    6.19    3.06    0.00    6.19      75
    3.85    4.50    5.12    2.05    1.14    6.26      75
    4.50    4.86    3.88    1.47    2.28    6.16      75
    4.86    5.15    5.88    1.21    0.35    6.24      74
    5.15    5.34    4.65    0.92    1.52    6.17      75
    5.34    5.51    6.22    0.78    0.00    6.22      75
    5.51    5.64    6.23    0.65    0.00    6.23      74
    5.64    5.78    6.27    0.55    0.00    6.27      75
    5.78    5.99    5.29    0.55    1.14    6.43      75
    5.99    6.43    6.54    0.39    0.00    6.54      74

Int Range: [7,10]
  LAlpha  UAlpha     ROE    DExp    DAct    Rate     Num
    1.83    5.11    6.26    3.81    1.86    8.13     265
    5.11    5.81    5.89    2.65    2.27    8.16     265
    5.81    6.23    7.49    2.20    0.74    8.23     265
    6.23    6.53    6.89    1.77    1.27    8.16     264
    6.53    6.81    6.97    1.55    1.25    8.22     265
    6.81    7.04    7.52    1.35    0.75    8.28     265
    7.04    7.30    7.47    1.15    0.85    8.33     264
    7.30    7.64    6.46    1.13    2.13    8.59     265
    7.64    8.02    7.85    1.07    1.03    8.88     265
    8.02    9.12    8.18    0.88    1.03    9.21     264

Int Range: [10,12]
  LAlpha  UAlpha     ROE    DExp    DAct    Rate     Num
    1.73    6.28    6.43    5.58    4.44   10.86     270
    6.28    7.22    6.52    4.03    4.33   10.84     269
    7.22    7.72    9.80    3.40    1.08   10.89     269
    7.72    8.16    6.63    3.01    4.33   10.95     269
    8.16    8.50    7.53    2.63    3.43   10.96     269
    8.50    8.85    8.45    2.34    2.57   11.02     269
    8.85    9.16    9.38    2.13    1.75   11.13     269
    9.16    9.54    9.12    1.80    2.03   11.15     269
    9.54   10.02    8.70    1.61    2.67   11.36     269
   10.02   11.43    8.82    1.19    2.82   11.64     269

Int Range: [12,13.5]
  LAlpha  UAlpha     ROE    DExp    DAct    Rate     Num
   -2.99    5.97    4.89    8.48    8.05   12.94     300
    5.97    6.95    7.11    6.42    5.82   12.93     299
    6.95    7.70    8.85    5.56    4.05   12.90     299
    7.70    8.30    8.21    4.88    4.69   12.90     300
    8.30    8.78    6.67    4.33    6.21   12.88     299
    8.78    9.26    9.13    3.87    3.74   12.87     299
    9.26    9.66    9.55    3.38    3.28   12.84     300
    9.66   10.09   11.81    2.99    1.05   12.86     299
   10.09   10.64   10.02    2.53    2.86   12.89     299
   10.64   12.43    9.24    1.85    3.72   12.96     299

Int Range: [13.5,15]
  LAlpha  UAlpha     ROE    DExp    DAct    Rate     Num
   -1.32    5.76    4.97   10.06    9.44   14.41     328
    5.76    6.90    7.91    8.03    6.47   14.39     328
    6.90    7.77    4.73    6.99    9.62   14.35     327
    7.77    8.42    9.47    6.26    4.88   14.35     328
    8.42    9.08    8.21    5.59    6.13   14.34     327
    9.08    9.61    7.82    5.01    6.54   14.36     328
    9.61   10.11   11.27    4.51    3.09   14.36     328
   10.11   10.69    9.86    3.93    4.46   14.32     327
   10.69   11.47   11.41    3.34    2.97   14.38     328
   11.47   13.83   10.94    2.38    3.60   14.53     327

Int Range: [15,17]
  LAlpha  UAlpha     ROE    DExp    DAct    Rate     Num
   -7.01    4.68    7.50   13.65    8.80   16.30     275
    4.68    6.31    7.42   10.63    8.76   16.17     275
    6.31    7.33    7.85    9.25    8.27   16.11     275
    7.33    8.06    9.35    8.34    6.72   16.07     274
    8.06    8.79    9.07    7.59    6.96   16.03     275
    8.79    9.50    7.43    6.90    8.60   16.03     275
    9.50   10.16    8.66    6.22    7.38   16.04     274
   10.16   10.92   12.69    5.46    3.33   16.01     275
   10.92   11.87   12.24    4.69    3.84   16.08     275
   11.87   14.49    9.95    3.38    6.06   16.01     274

Int Range: [17,20]
  LAlpha  UAlpha     ROE    DExp    DAct    Rate     Num
   -7.47    3.45    3.55   17.63   14.96   18.51     249
    3.45    5.42    2.11   13.97   16.37   18.49     248
    5.42    6.80    3.68   12.32   14.81   18.49     249
    6.80    7.74    6.99   11.18   11.45   18.44     248
    7.74    8.68    8.65   10.21    9.78   18.43     249
    8.68    9.56    7.37    9.33   11.08   18.45     248
    9.56   10.42    9.99    8.48    8.48   18.47     249
   10.42   11.32    7.98    7.70   10.59   18.57     248
   11.32   12.60   10.55    6.63    8.03   18.57     249
   12.60   15.92   13.96    5.22    4.79   18.75     248

Int Range: [20,30]
  LAlpha  UAlpha     ROE    DExp    DAct    Rate     Num
  -11.69   -0.46   -6.07   26.96   29.55   23.48     150
   -0.46    2.52   -2.40   21.49   25.03   22.63     149
    2.52    4.13    4.46   19.16   17.97   22.43     150
    4.13    5.68   -2.57   17.54   25.04   22.47     149
    5.68    6.96   10.39   15.65   11.59   21.98     150
    6.96    8.27    8.30   14.47   13.75   22.05     149
    8.27    9.52    4.05   13.40   18.22   22.27     150
    9.52   11.03   14.34   12.21    8.07   22.41     149
   11.03   12.83   10.13   10.52   12.25   22.38     150
   12.83   20.48    8.68    8.64   14.37   23.05     149


MinAlpha	ROE	Count
-5	7.89	19038
-4	7.90	19015
-3	7.90	18988
-2	7.96	18946
-1	7.98	18899
0	8.05	18812
1	8.06	18709
2	8.09	18551
3	8.11	18277
4	8.26	17767
5	8.44	16888
6	8.81	15180
7	9.11	12748
8	9.50	9864
9	10.14	6906
10	10.52	4143
11	10.55	2085
12	11.21	997
13	11.79	422
14	10.26	152
15	15.23	45

Forest Importance
('pub_rec', 0.00026993906856298078)
('delinq_2yrs', 0.00099985708008446038)
('term', 0.0024561850906289449)
('verification_status', 0.0035743608745452816)
('loan_amnt', 0.0047031575003109631)
('mths_since_last_record', 0.0048860773946721196)
('purpose', 0.0050083172634178118)
('even_loan_amnt', 0.0051318440359000546)
('home_ownership', 0.010368580896507516)
('open_acc', 0.014482844007441724)
('inq_last_6mths', 0.014606022578057242)
('total_acc', 0.023329851673847005)
('mths_since_last_delinq', 0.023928718251919619)
('int_pymt', 0.024386206925760816)
('tok4_capitalization_log_odds', 0.026060624536498031)
('installment', 0.026243574859803675)
('emp_length', 0.02652188747450358)
('revol_bal', 0.028228592753169211)
('dti', 0.029485179483452445)
('urate', 0.032464922869073515)
('credit_length', 0.034394311348444548)
('revol_util', 0.035149179447887355)
('avg_urate', 0.03532717827210171)
('clean_title_rank', 0.036182774450166634)
('revol_bal_pct_inc', 0.036433479535137321)
('revol_bal-loan', 0.03659554089245691)
('annual_inc', 0.036753608806584272)
('pct_med_inc', 0.041192525737565919)
('urate_chg', 0.041353323972979597)
('tok4_clean_title_log_odds', 0.050112451573832623)
('pymt_pct_inc', 0.060713416007566065)
('sub_grade', 0.071476909809376821)
('int_rate', 0.1771785555277432)


Forest Parameters
oob_score: False
n_jobs: 8
verbose: 0
min_density: None
compute_importances: None
max_leaf_nodes: None
bootstrap: True
min_samples_leaf: 100
n_estimators: 400
min_samples_split: 2
random_state: None
criterion: mse
max_features: auto
max_depth: None
