OOS Cutoff = 2014-03-01 00:00:00
Int Range: [0,7]
  LAlpha  UAlpha     ROE    DExp    DAct    Rate     Num
   -0.69    3.74    5.18    3.64    1.21    6.39      94
    3.74    4.32    6.32    2.26    0.00    6.32      94
    4.32    4.71    6.28    1.73    0.00    6.28      94
    4.71    4.96    5.96    1.41    0.28    6.24      93
    4.96    5.14    6.36    1.30    0.00    6.36      94
    5.14    5.32    6.31    1.08    0.00    6.31      94
    5.32    5.52    6.39    0.96    0.00    6.39      93
    5.52    5.70    4.35    0.86    2.12    6.47      94
    5.70    5.93    6.54    0.73    0.00    6.54      94
    5.93    6.54    6.61    0.47    0.00    6.61      93

Int Range: [7,10]
  LAlpha  UAlpha     ROE    DExp    DAct    Rate     Num
   -1.02    5.04    6.43    4.45    1.97    8.41     547
    5.04    5.80    7.65    2.86    0.68    8.33     546
    5.80    6.23    7.66    2.25    0.62    8.28     546
    6.23    6.56    6.69    1.95    1.66    8.35     547
    6.56    6.85    6.25    1.65    2.10    8.35     546
    6.85    7.14    7.60    1.51    0.90    8.50     546
    7.14    7.47    7.53    1.40    1.18    8.71     547
    7.47    7.86    7.32    1.44    1.78    9.10     546
    7.86    8.35    8.30    1.24    1.02    9.32     546
    8.35    9.57    8.74    0.78    0.76    9.50     546

Int Range: [10,12]
  LAlpha  UAlpha     ROE    DExp    DAct    Rate     Num
    0.55    6.55    9.36    6.01    2.00   11.36     374
    6.55    7.61    8.63    4.22    2.75   11.38     374
    7.61    8.14   10.65    3.52    0.76   11.41     374
    8.14    8.57    9.77    3.07    1.64   11.42     374
    8.57    8.95    8.69    2.70    2.79   11.47     374
    8.95    9.30   10.41    2.35    1.06   11.47     374
    9.30    9.64    9.08    2.12    2.50   11.58     374
    9.64   10.02    9.33    1.81    2.30   11.63     374
   10.02   10.48    9.61    1.45    2.08   11.69     374
   10.48   11.79   11.31    1.00    0.60   11.91     374

Int Range: [12,13.5]
  LAlpha  UAlpha     ROE    DExp    DAct    Rate     Num
    0.52    6.73    8.91    7.34    3.94   12.85     436
    6.73    7.77    8.31    5.50    4.50   12.81     436
    7.77    8.41    7.87    4.66    4.91   12.78     436
    8.41    8.94    9.68    4.08    3.09   12.78     436
    8.94    9.35   11.55    3.60    1.20   12.75     436
    9.35    9.77   10.55    3.18    2.19   12.73     436
    9.77   10.15    9.77    2.75    2.94   12.71     436
   10.15   10.56   10.96    2.37    1.77   12.73     436
   10.56   11.10   10.42    1.92    2.32   12.74     436
   11.10   12.38   11.30    1.22    1.42   12.72     436

Int Range: [13.5,15]
  LAlpha  UAlpha     ROE    DExp    DAct    Rate     Num
   -1.51    6.07    9.01    9.53    5.22   14.22     628
    6.07    7.23    9.64    7.46    4.52   14.16     627
    7.23    8.15    8.84    6.41    5.29   14.12     628
    8.15    8.89    9.58    5.62    4.56   14.14     627
    8.89    9.52    8.62    4.91    5.50   14.12     628
    9.52   10.10   11.04    4.32    3.09   14.13     627
   10.10   10.62   11.21    3.80    2.94   14.16     628
   10.62   11.18   10.28    3.27    3.89   14.17     627
   11.18   11.82   10.56    2.71    3.62   14.18     628
   11.82   13.71   11.18    1.94    3.09   14.27     627

Int Range: [15,17]
  LAlpha  UAlpha     ROE    DExp    DAct    Rate     Num
   -8.96    5.39    6.70   12.49    9.25   15.96     581
    5.39    7.08   10.60    9.53    5.27   15.86     581
    7.08    8.08   10.40    8.20    5.41   15.81     581
    8.08    9.05    9.81    7.20    5.96   15.76     581
    9.05    9.81   10.32    6.33    5.46   15.77     581
    9.81   10.45   10.22    5.60    5.52   15.74     581
   10.45   11.06   11.90    4.97    3.83   15.73     581
   11.06   11.72   11.63    4.37    4.13   15.76     581
   11.72   12.46   12.43    3.63    3.28   15.71     581
   12.46   15.21   13.24    2.78    2.58   15.82     580

Int Range: [17,20]
  LAlpha  UAlpha     ROE    DExp    DAct    Rate     Num
  -13.47    2.58    6.47   19.18   12.11   18.58     568
    2.58    5.30    8.99   14.58    9.63   18.61     567
    5.30    6.91   10.61   12.45    7.99   18.60     568
    6.91    8.17    9.65   11.00    8.91   18.57     567
    8.17    9.29   12.60    9.87    6.00   18.60     567
    9.29   10.30   10.63    8.84    8.00   18.63     568
   10.30   11.16   12.75    7.93    5.91   18.66     567
   11.16   12.21   11.68    6.91    6.92   18.60     568
   12.21   13.32   14.22    6.06    4.59   18.80     567
   13.32   17.57   14.51    4.83    4.56   19.07     567

Int Range: [20,30]
  LAlpha  UAlpha     ROE    DExp    DAct    Rate     Num
  -16.92   -0.75    1.85   27.80   21.26   23.12     330
   -0.75    2.92    6.41   21.60   16.46   22.87     329
    2.92    5.42   10.29   18.32   12.28   22.57     330
    5.42    7.26   11.92   16.15   10.59   22.51     329
    7.26    8.71    9.87   14.29   12.46   22.33     329
    8.71    9.89    8.02   12.98   14.23   22.26     330
    9.89   11.21   10.44   11.56   11.70   22.14     329
   11.21   12.57   12.22   10.15    9.78   22.01     330
   12.57   14.07   11.62    8.77   10.46   22.08     329
   14.07   20.46   13.20    7.29    9.48   22.68     329


MinAlpha	ROE	Count
-5	9.80	35384
-4	9.80	35333
-3	9.81	35254
-2	9.83	35170
-1	9.84	35042
0	9.86	34864
1	9.90	34657
2	9.92	34339
3	9.93	33854
4	9.98	33077
5	10.07	31666
6	10.24	29074
7	10.50	25344
8	10.88	20943
9	11.19	16171
10	11.72	11364
11	12.31	6740
12	13.14	3476
13	13.46	1591
14	13.41	679
15	14.46	271

Forest Importance
('pub_rec', 0.00026364828628012114)
('delinq_2yrs', 0.0014138367562115534)
('term', 0.0018614753009872048)
('is_inc_v', 0.0028754901789838855)
('mths_since_last_record', 0.0030003295131118381)
('purpose', 0.0040341007504428308)
('even_loan_amnt', 0.0042559233835511075)
('mod_rate', 0.0069346969297140685)
('home_ownership', 0.0079704780519964571)
('loan_amnt', 0.0083744213124584306)
('inq_last_6mths', 0.0091337872325400176)
('open_acc', 0.011355209756381695)
('tok4_capitalization_log_odds', 0.013725354013841425)
('fico_range_low', 0.014688827778428235)
('clean_title_rank', 0.016419296897829814)
('int_pymt', 0.016786654034557664)
('mths_since_last_delinq', 0.016813316424857765)
('total_acc', 0.017551360115454315)
('annual_inc', 0.019384677339396864)
('emp_title_rank', 0.019431776915979977)
('installment', 0.019806381048207936)
('revol_bal', 0.020990099802445764)
('revol_util', 0.024563787239493311)
('zip_code', 0.025102744417315054)
('pct_med_inc', 0.02553486309904681)
('dti', 0.025729121634382061)
('emp_length', 0.026884853304993749)
('short_title_rank', 0.029305021834552872)
('revol_bal_pct_inc', 0.029998627012373248)
('revol_bal-loan', 0.031028219031727592)
('med_inc', 0.031150176137828715)
('urate_chg', 0.031188945096023053)
('hpa4', 0.035591198843878298)
('credit_length', 0.048606732992528066)
('pymt_pct_inc', 0.049963696233580483)
('sub_grade', 0.053021840139056087)
('tok4_clean_title_log_odds', 0.10795590394123636)
('int_rate', 0.18730312721832548)


Forest Parameters
oob_score: False
n_jobs: 8
verbose: 0
min_density: None
compute_importances: None
max_leaf_nodes: None
bootstrap: True
min_samples_leaf: 100
n_estimators: 400
min_samples_split: 2
random_state: None
criterion: mse
max_features: auto
max_depth: None
