OOS Cutoff = 2014-01-01 00:00:00
Int Range: [0,7]
  LAlpha  UAlpha     ROE    DExp    DAct    Rate     Num
    0.45    4.02    5.23    3.06    1.08    6.30      93
    4.02    4.52    5.44    1.95    0.82    6.25      92
    4.52    4.79    5.49    1.64    0.81    6.30      93
    4.79    4.99    4.37    1.39    1.90    6.27      92
    4.99    5.19    5.23    1.23    1.09    6.32      92
    5.19    5.38    6.32    1.03    0.00    6.32      93
    5.38    5.52    6.39    0.94    0.00    6.39      92
    5.52    5.69    5.93    0.82    0.49    6.42      93
    5.69    5.92    5.88    0.71    0.63    6.51      92
    5.92    6.54    6.62    0.49    0.00    6.62      92

Int Range: [7,10]
  LAlpha  UAlpha     ROE    DExp    DAct    Rate     Num
    0.88    5.62    6.78    3.32    1.36    8.14     518
    5.62    6.21    7.01    2.16    1.10    8.11     518
    6.21    6.55    6.90    1.74    1.24    8.13     518
    6.55    6.84    7.21    1.57    1.06    8.27     518
    6.84    7.09    7.14    1.33    1.16    8.30     518
    7.09    7.37    7.51    1.33    1.05    8.56     518
    7.37    7.72    8.52    1.40    0.43    8.95     518
    7.72    8.10    8.09    1.30    1.12    9.21     518
    8.10    8.48    7.50    1.04    1.83    9.33     518
    8.48    9.58    7.84    0.77    1.75    9.59     517

Int Range: [10,12]
  LAlpha  UAlpha     ROE    DExp    DAct    Rate     Num
    3.81    7.74    9.61    4.54    1.75   11.36     369
    7.74    8.46    8.08    3.19    3.26   11.34     369
    8.46    8.85    9.89    2.67    1.44   11.33     369
    8.85    9.22    8.59    2.40    2.85   11.44     369
    9.22    9.51   10.39    2.04    1.01   11.41     368
    9.51    9.78   10.16    1.82    1.30   11.46     369
    9.78   10.05   11.09    1.60    0.43   11.52     369
   10.05   10.37   10.73    1.45    0.93   11.66     369
   10.37   10.77   10.80    1.27    1.03   11.83     369
   10.77   11.80   11.22    0.89    0.77   11.99     368

Int Range: [12,13.5]
  LAlpha  UAlpha     ROE    DExp    DAct    Rate     Num
    5.57    8.45    8.98    5.07    3.85   12.83     238
    8.45    9.15    9.12    4.00    3.71   12.83     237
    9.15    9.61   10.98    3.40    1.82   12.80     237
    9.61    9.96    9.74    3.02    3.08   12.81     237
    9.96   10.28   11.82    2.67    0.98   12.80     237
   10.28   10.56   12.06    2.37    0.74   12.79     238
   10.56   10.80   10.73    2.14    2.09   12.82     237
   10.80   11.11   11.76    1.86    1.05   12.81     237
   11.11   11.50   10.71    1.52    2.10   12.81     237
   11.50   12.48   11.70    1.07    1.16   12.86     237

Int Range: [13.5,15]
  LAlpha  UAlpha     ROE    DExp    DAct    Rate     Num
    5.03    8.73    9.86    6.22    4.25   14.12     683
    8.73    9.56   11.68    4.93    2.43   14.11     682
    9.56   10.15   10.94    4.26    3.20   14.14     682
   10.15   10.59   11.89    3.76    2.25   14.14     682
   10.59   10.96   11.90    3.40    2.27   14.17     682
   10.96   11.30   12.32    3.02    1.83   14.15     683
   11.30   11.65   11.92    2.74    2.29   14.21     682
   11.65   12.01   13.01    2.42    1.24   14.25     682
   12.01   12.50   11.71    2.16    2.68   14.39     682
   12.50   14.20   12.66    1.72    2.00   14.66     682

Int Range: [15,17]
  LAlpha  UAlpha     ROE    DExp    DAct    Rate     Num
    4.71    8.71   10.98    8.43    5.11   16.09     472
    8.71    9.69   11.80    6.85    4.29   16.10     472
    9.69   10.35   13.06    6.09    3.07   16.13     471
   10.35   10.95   11.93    5.44    4.16   16.08     472
   10.95   11.44   13.58    4.92    2.52   16.11     471
   11.44   11.89   14.03    4.38    2.02   16.05     472
   11.89   12.35   13.78    3.99    2.34   16.12     472
   12.35   12.83   14.11    3.46    1.94   16.05     471
   12.83   13.35   12.34    3.07    3.81   16.15     472
   13.35   15.10   14.58    2.54    1.76   16.34     471

Int Range: [17,20]
  LAlpha  UAlpha     ROE    DExp    DAct    Rate     Num
    3.00    9.69   11.04    9.54    7.08   18.12     411
    9.69   10.81   12.08    7.92    6.14   18.22     411
   10.81   11.51   13.46    7.16    4.88   18.34     411
   11.51   12.12   13.20    6.66    5.27   18.47     411
   12.12   12.63   13.57    6.10    4.92   18.49     411
   12.63   13.11   14.71    5.75    3.91   18.62     411
   13.11   13.63   13.36    5.19    5.20   18.57     411
   13.63   14.22   15.08    4.76    3.60   18.68     411
   14.22   14.97   17.05    4.33    1.83   18.88     411
   14.97   17.97   17.43    3.72    1.98   19.40     410

Int Range: [20,30]
  LAlpha  UAlpha     ROE    DExp    DAct    Rate     Num
    4.28   10.42   14.09   13.64    8.63   22.72     281
   10.42   11.76   13.25   11.41    9.33   22.59     281
   11.76   12.61   15.52   10.15    6.82   22.34     281
   12.61   13.35   15.49    9.39    6.89   22.38     281
   13.35   14.01   15.76    8.58    6.50   22.26     280
   14.01   14.67   17.06    7.68    4.96   22.02     281
   14.67   15.38   16.22    7.34    6.13   22.35     281
   15.38   16.10   16.28    6.75    6.21   22.49     281
   16.10   17.14   18.07    6.20    4.73   22.80     281
   17.14   21.87   19.07    5.92    5.00   24.07     280


Forest Importance
('pub_rec', 7.9874088510579306e-05)
('term', 0.0011165055247417573)
('delinq_2yrs', 0.0011332049987556839)
('mths_since_last_record', 0.0012590929952089203)
('loan_amnt', 0.0028623676891055463)
('issue_mth', 0.0028971514833411498)
('title_upper_count', 0.0032082653765525644)
('is_inc_v', 0.0042248777013694271)
('caps_per_word', 0.0043701629533165406)
('even_loan_amnt', 0.004831750114591222)
('purpose', 0.0056734663665729979)
('home_ownership', 0.0071657273862356981)
('mod_rate', 0.0073482964038151218)
('inq_last_6mths', 0.007884434892297662)
('title_first_word_rank', 0.0086018369160626006)
('title_last_word_rank', 0.0087391649285653954)
('open_acc', 0.011087729938627331)
('fico_range_low', 0.013906350645572677)
('int_pymt', 0.015189622503259869)
('total_acc', 0.015721311382797695)
('installment', 0.016637673426078203)
('mths_since_last_delinq', 0.017024338036765573)
('emp_title_rank', 0.017459868182959418)
('short_title_rank', 0.018005477923404845)
('emp_length', 0.01814212907678843)
('annual_inc', 0.019219696773063309)
('zip_code', 0.019316726724447938)
('revol_util', 0.01998854754750173)
('tok4_emp_title_log_odds', 0.020306250214421017)
('clean_title_rank', 0.020389130996784872)
('med_inc', 0.02120596716063524)
('urate', 0.021975027613087211)
('revol_bal', 0.022208029658371323)
('title_upper_pct', 0.022905244359991209)
('tok4_capitalization_log_odds', 0.023207686025623415)
('dti', 0.024704794377394815)
('credit_length', 0.024763713134607145)
('pct_med_inc', 0.026039411363835183)
('emp_name/title_log_odds', 0.026054008264312128)
('avg_urate', 0.026479985074885238)
('revol_bal-loan', 0.026572044015264428)
('urate_chg', 0.028227828621818326)
('urate_range', 0.030003458207352129)
('pymt_pct_inc', 0.053184759160495476)
('sub_grade', 0.055736462706831427)
('tok4_clean_title_log_odds', 0.066616155972890112)
('int_rate', 0.18632439109108931)


Forest Parameters
oob_score: False
n_jobs: 8
verbose: 0
min_density: None
compute_importances: None
max_leaf_nodes: None
bootstrap: True
min_samples_leaf: 100
n_estimators: 400
min_samples_split: 2
random_state: None
criterion: mse
max_features: auto
max_depth: None
