OOS Cutoff = 2014-03-01 00:00:00
Int Range: [0,7]
  LAlpha  UAlpha     ROE    DExp    DAct    Rate     Num
   -0.21    3.63    5.17    3.65    1.21    6.39      94
    3.63    4.21    6.33    2.40    0.00    6.33      94
    4.21    4.58    6.31    1.91    0.00    6.31      94
    4.58    4.88    6.34    1.58    0.00    6.34      93
    4.88    5.08    6.01    1.29    0.28    6.29      94
    5.08    5.27    6.31    1.14    0.00    6.31      94
    5.27    5.45    5.17    1.03    1.23    6.39      93
    5.45    5.71    6.43    0.85    0.00    6.43      94
    5.71    5.95    6.51    0.69    0.00    6.51      94
    5.95    6.53    5.70    0.49    0.92    6.62      93

Int Range: [7,10]
  LAlpha  UAlpha     ROE    DExp    DAct    Rate     Num
   -1.25    5.01    6.51    4.33    1.81    8.32     547
    5.01    5.72    6.91    2.98    1.46    8.37     546
    5.72    6.19    7.22    2.34    1.10    8.32     546
    6.19    6.54    6.95    1.95    1.37    8.32     547
    6.54    6.83    6.88    1.76    1.57    8.45     546
    6.83    7.12    7.38    1.48    1.09    8.46     546
    7.12    7.44    8.12    1.40    0.55    8.67     547
    7.44    7.82    7.81    1.48    1.29    9.10     546
    7.82    8.28    7.78    1.27    1.53    9.31     546
    8.28    9.49    8.62    0.88    0.90    9.52     546

Int Range: [10,12]
  LAlpha  UAlpha     ROE    DExp    DAct    Rate     Num
    0.66    6.68    9.16    5.88    2.17   11.34     374
    6.68    7.60    9.63    4.17    1.74   11.37     374
    7.60    8.18    9.90    3.49    1.51   11.40     374
    8.18    8.61    9.54    3.01    1.88   11.42     374
    8.61    8.97    9.37    2.66    2.07   11.44     374
    8.97    9.31    8.82    2.36    2.68   11.50     374
    9.31    9.62    9.64    2.10    1.92   11.56     374
    9.62   10.01    9.36    1.84    2.28   11.64     374
   10.01   10.43   10.42    1.54    1.31   11.74     374
   10.43   11.71   11.01    1.08    0.91   11.92     374

Int Range: [12,13.5]
  LAlpha  UAlpha     ROE    DExp    DAct    Rate     Num
    0.64    6.80    9.62    7.18    3.23   12.85     436
    6.80    7.79    7.25    5.49    5.58   12.82     436
    7.79    8.40    9.87    4.67    2.92   12.79     436
    8.40    8.91    9.97    4.10    2.80   12.77     436
    8.91    9.35    9.80    3.60    2.94   12.74     436
    9.35    9.76   10.38    3.18    2.35   12.74     436
    9.76   10.13   10.75    2.77    1.96   12.70     436
   10.13   10.51    9.82    2.41    2.91   12.73     436
   10.51   11.01   11.34    1.97    1.39   12.72     436
   11.01   12.33   10.52    1.35    2.20   12.72     436

Int Range: [13.5,15]
  LAlpha  UAlpha     ROE    DExp    DAct    Rate     Num
    0.36    6.22    8.91    9.23    5.30   14.21     628
    6.22    7.34    9.40    7.37    4.77   14.17     627
    7.34    8.17    9.45    6.35    4.67   14.12     628
    8.17    8.85    9.84    5.62    4.31   14.15     627
    8.85    9.47    9.44    4.96    4.68   14.13     628
    9.47   10.03   10.25    4.39    3.89   14.13     627
   10.03   10.52   10.71    3.86    3.42   14.13     628
   10.52   11.04   10.18    3.41    4.00   14.18     627
   11.04   11.66   10.43    2.82    3.74   14.17     628
   11.66   13.48   11.35    2.09    2.93   14.28     627

Int Range: [15,17]
  LAlpha  UAlpha     ROE    DExp    DAct    Rate     Num
   -6.39    5.69    7.69   12.06    8.29   15.99     581
    5.69    7.07    9.55    9.41    6.29   15.84     581
    7.07    8.12    9.32    8.21    6.49   15.81     581
    8.12    8.96   10.29    7.22    5.48   15.77     581
    8.96    9.68   10.50    6.44    5.28   15.78     581
    9.68   10.33   10.55    5.80    5.25   15.80     581
   10.33   10.97   11.50    5.09    4.23   15.73     581
   10.97   11.60   12.05    4.44    3.68   15.73     581
   11.60   12.35   12.50    3.79    3.25   15.74     581
   12.35   14.89   13.29    2.81    2.44   15.74     580

Int Range: [17,20]
  LAlpha  UAlpha     ROE    DExp    DAct    Rate     Num
  -10.41    3.08    5.56   18.24   13.04   18.60     568
    3.08    5.50    9.37   14.14    9.20   18.57     567
    5.50    7.01   10.92   12.27    7.63   18.56     568
    7.01    8.16   11.74   11.01    6.88   18.62     567
    8.16    9.19   10.71    9.88    7.87   18.58     567
    9.19   10.09   10.81    9.00    7.82   18.63     568
   10.09   10.89   10.58    8.16    8.06   18.65     567
   10.89   11.85   14.29    7.30    4.38   18.67     568
   11.85   12.90   13.80    6.43    4.98   18.78     567
   12.90   16.77   14.54    5.30    4.56   19.10     567

Int Range: [20,30]
  LAlpha  UAlpha     ROE    DExp    DAct    Rate     Num
  -14.82   -0.54    0.90   27.84   22.39   23.29     330
   -0.54    3.39    7.06   21.13   15.68   22.74     329
    3.39    5.85   10.87   17.99   11.81   22.68     330
    5.85    7.40   10.95   15.78   11.50   22.45     329
    7.40    8.69   12.17   14.22   10.10   22.28     329
    8.69    9.83   10.63   12.93   11.57   22.20     330
    9.83   10.96    9.50   11.79   12.70   22.20     329
   10.96   12.15    9.03   10.46   13.01   22.04     330
   12.15   13.65   11.94    9.19   10.10   22.04     329
   13.65   19.53   12.81    7.56    9.84   22.65     329


MinAlpha	ROE	Count
-5	9.79	35405
-4	9.80	35362
-3	9.81	35308
-2	9.82	35224
-1	9.83	35120
0	9.86	34986
1	9.89	34810
2	9.91	34523
3	9.93	34080
4	9.95	33313
5	10.07	31894
6	10.24	29323
7	10.51	25475
8	10.78	20973
9	11.09	16069
10	11.57	10956
11	12.26	6179
12	12.99	2990
13	13.84	1227
14	13.77	479
15	15.16	187

Forest Importance
('pub_rec', 0.00020723437219699988)
('delinq_2yrs', 0.0013554437741793712)
('term', 0.0020606850804571284)
('mths_since_last_record', 0.0028135439795798547)
('is_inc_v', 0.0031922964889643823)
('loan_amnt', 0.0032800275092257658)
('even_loan_amnt', 0.0036254375199727285)
('purpose', 0.0041761892542171086)
('mod_rate', 0.0064394069620430372)
('home_ownership', 0.0073769221950332345)
('inq_last_6mths', 0.0091489107723443496)
('open_acc', 0.010821355107439009)
('fico_range_low', 0.013222282515986949)
('mths_since_last_delinq', 0.015471604303522154)
('tok4_capitalization_log_odds', 0.01552829045425478)
('total_acc', 0.016583386675778789)
('clean_title_rank', 0.016678577433447604)
('int_pymt', 0.017508342745884815)
('emp_title_rank', 0.018296307453098112)
('annual_inc', 0.01964288679656789)
('installment', 0.020174722426939865)
('revol_bal', 0.020210385122093055)
('zip_code', 0.020879216203343601)
('revol_util', 0.022662763014290668)
('urate', 0.023290598704512586)
('avg_urate', 0.023610075777077189)
('dti', 0.024742360612583027)
('emp_length', 0.024755121502765584)
('pct_med_inc', 0.025844070032655014)
('med_inc', 0.026845736250159374)
('short_title_rank', 0.027399775433607387)
('credit_length', 0.027850297691783588)
('urate_chg', 0.028185054904145551)
('revol_bal_pct_inc', 0.028743980091711439)
('revol_bal-loan', 0.029452405899817187)
('hpa4', 0.029499542377434608)
('urate_range', 0.030809233681604299)
('pymt_pct_inc', 0.045815083950642953)
('sub_grade', 0.058034123589537974)
('tok4_clean_title_log_odds', 0.090068575707840465)
('int_rate', 0.18369774563126043)


Forest Parameters
oob_score: False
n_jobs: 8
verbose: 0
min_density: None
compute_importances: None
max_leaf_nodes: None
bootstrap: True
min_samples_leaf: 100
n_estimators: 400
min_samples_split: 2
random_state: None
criterion: mse
max_features: auto
max_depth: None
