OOS Cutoff = 2014-04-01 00:00:00
Int Range: [0,7]
  LAlpha  UAlpha     ROE    DExp    DAct    Rate     Num
    1.52    3.95    4.04    2.95    2.18    6.22     200
    3.95    4.43    5.25    2.03    0.99    6.24     199
    4.43    4.73    6.10    1.65    0.13    6.23     200
    4.73    4.96    6.22    1.38    0.00    6.22     199
    4.96    5.15    6.10    1.17    0.13    6.23     199
    5.15    5.33    6.24    1.00    0.00    6.24     200
    5.33    5.51    5.66    0.81    0.56    6.22     199
    5.51    5.66    5.35    0.71    0.95    6.29     200
    5.66    5.88    6.29    0.65    0.13    6.42     199
    5.88    6.42    6.09    0.49    0.46    6.55     199

Int Range: [7,10]
  LAlpha  UAlpha     ROE    DExp    DAct    Rate     Num
    1.09    5.25    5.86    3.54    2.25    8.11     791
    5.25    5.85    6.32    2.51    1.78    8.10     790
    5.85    6.25    7.17    2.07    0.96    8.13     791
    6.25    6.55    7.35    1.77    0.83    8.18     790
    6.55    6.80    5.57    1.59    2.70    8.27     790
    6.80    7.06    7.21    1.42    1.14    8.35     791
    7.06    7.33    7.09    1.30    1.41    8.50     790
    7.33    7.66    7.42    1.32    1.39    8.81     791
    7.66    8.07    8.42    1.21    0.64    9.06     790
    8.07    9.39    8.25    0.94    1.08    9.34     790

Int Range: [10,12]
  LAlpha  UAlpha     ROE    DExp    DAct    Rate     Num
   -0.78    6.79    8.18    5.11    2.71   10.89     743
    6.79    7.53    8.02    3.72    2.92   10.93     743
    7.53    8.04    7.66    3.15    3.28   10.95     743
    8.04    8.41    9.35    2.76    1.64   10.99     743
    8.41    8.74    8.75    2.49    2.32   11.07     742
    8.74    9.07    9.10    2.19    1.99   11.10     743
    9.07    9.38    8.86    2.01    2.37   11.23     743
    9.38    9.72    8.77    1.81    2.59   11.35     743
    9.72   10.17    9.22    1.60    2.31   11.53     743
   10.17   11.58    9.76    1.21    1.98   11.74     742

Int Range: [12,13.5]
  LAlpha  UAlpha     ROE    DExp    DAct    Rate     Num
   -3.93    6.26    8.33    8.23    4.71   13.04     824
    6.26    7.29    8.40    6.13    4.57   12.97     823
    7.29    7.98    8.80    5.29    4.13   12.93     823
    7.98    8.49    8.37    4.65    4.52   12.89     823
    8.49    8.95    9.04    4.13    3.82   12.86     823
    8.95    9.34   10.73    3.69    2.11   12.84     824
    9.34    9.70    8.89    3.31    3.93   12.83     823
    9.70   10.10   10.77    2.91    2.03   12.81     823
   10.10   10.59   10.64    2.46    2.15   12.80     823
   10.59   12.15   10.55    1.83    2.30   12.84     823

Int Range: [13.5,15]
  LAlpha  UAlpha     ROE    DExp    DAct    Rate     Num
   -1.67    6.07    6.65    9.70    7.70   14.34     938
    6.07    7.19    8.45    7.63    5.87   14.31     938
    7.19    7.92    9.17    6.71    5.11   14.28     938
    7.92    8.58    8.54    6.06    5.77   14.31     938
    8.58    9.13    9.15    5.45    5.16   14.31     938
    9.13    9.66   10.17    4.90    4.14   14.30     938
    9.66   10.11   10.58    4.44    3.75   14.33     938
   10.11   10.63   11.00    3.97    3.33   14.33     938
   10.63   11.27   10.75    3.42    3.60   14.36     938
   11.27   13.64   12.55    2.60    1.93   14.48     938

Int Range: [15,17]
  LAlpha  UAlpha     ROE    DExp    DAct    Rate     Num
   -5.69    5.17    5.71   13.03   10.57   16.28     812
    5.17    6.62    9.64   10.20    6.52   16.15     812
    6.62    7.65   10.76    8.93    5.34   16.10     812
    7.65    8.42    9.02    7.98    7.00   16.03     811
    8.42    9.11    8.25    7.22    7.73   15.99     812
    9.11    9.76   10.18    6.53    5.78   15.96     812
    9.76   10.33   12.36    5.86    3.55   15.90     811
   10.33   11.01   10.17    5.23    5.73   15.91     812
   11.01   11.79   10.91    4.51    4.98   15.89     812
   11.79   14.82   12.25    3.45    3.70   15.95     811

Int Range: [17,20]
  LAlpha  UAlpha     ROE    DExp    DAct    Rate     Num
   -7.70    3.54    4.78   17.16   13.74   18.51     769
    3.54    5.39    5.93   13.97   12.59   18.52     769
    5.39    6.66    9.15   12.46    9.38   18.53     769
    6.66    7.75    9.22   11.26    9.26   18.48     768
    7.75    8.66   10.57   10.33    7.96   18.52     769
    8.66    9.51   10.84    9.46    7.71   18.55     769
    9.51   10.27    7.44    8.66   11.11   18.55     768
   10.27   11.15   13.68    7.90    4.93   18.61     769
   11.15   12.25   12.62    6.99    6.04   18.66     769
   12.25   16.62   13.34    5.43    5.43   18.77     768

Int Range: [20,30]
  LAlpha  UAlpha     ROE    DExp    DAct    Rate     Num
  -12.48    0.89    0.52   25.34   23.00   23.52     457
    0.89    3.41    4.00   20.70   18.93   22.93     456
    3.41    5.22    1.55   18.15   20.97   22.53     457
    5.22    6.64    6.44   16.47   15.97   22.41     456
    6.64    7.76   10.42   14.99   11.79   22.21     457
    7.76    8.84    8.59   13.78   13.50   22.09     456
    8.84    9.95   12.78   12.84    9.45   22.23     457
    9.95   11.12    9.56   11.62   12.57   22.13     456
   11.12   12.76   12.47   10.27    9.69   22.16     457
   12.76   18.23   13.78    8.47    8.86   22.64     456


MinAlpha	ROE	Count
-5	8.94	55255
-4	8.95	55218
-3	8.97	55160
-2	8.98	55073
-1	8.99	54949
0	9.01	54760
1	9.05	54462
2	9.06	54028
3	9.11	53334
4	9.20	52089
5	9.38	49583
6	9.65	44977
7	9.95	38469
8	10.28	30320
9	10.83	21545
10	11.45	12732
11	12.13	5989
12	12.95	2543
13	13.56	1015
14	13.82	387
15	14.63	137

Forest Importance
('pub_rec', 0.00033721436531439762)
('delinq_2yrs', 0.0018083715157119606)
('term', 0.0018446370244439539)
('verification_status', 0.0030588246832408041)
('mths_since_last_record', 0.0034142367759954838)
('loan_amnt', 0.0038284432191083907)
('even_loan_amnt', 0.0042500306512468396)
('purpose', 0.0049125400904733553)
('mod_rate', 0.0080050356577233972)
('home_ownership', 0.010227981850154798)
('inq_last_6mths', 0.011730989648021351)
('open_acc', 0.012588057209784226)
('fico_range_low', 0.017224007309879271)
('mths_since_last_delinq', 0.018216850321185279)
('total_acc', 0.019339463785299528)
('int_pymt', 0.020987549680342946)
('installment', 0.022589440227489935)
('revol_bal', 0.024448248427364466)
('emp_length', 0.025446277861442462)
('tok4_capitalization_log_odds', 0.025960916948502506)
('dti', 0.026433259470726007)
('urate', 0.027537484405208014)
('clean_title_rank', 0.02818575910188038)
('short_title_rank', 0.02867856477327213)
('revol_util', 0.029050005542885903)
('zip_code', 0.030478801052900285)
('credit_length', 0.030865013849070734)
('avg_urate', 0.030909356108659494)
('tok4_clean_title_log_odds', 0.031127339086406934)
('med_inc', 0.032711915018462094)
('revol_bal_pct_inc', 0.033128038957559537)
('annual_inc', 0.033229244296736529)
('pct_med_inc', 0.033511897073635638)
('revol_bal-loan', 0.033996637061275647)
('urate_chg', 0.035697214429433057)
('pymt_pct_inc', 0.049540865723756052)
('sub_grade', 0.054510531522832736)
('int_rate', 0.19018895527257348)


Forest Parameters
oob_score: False
n_jobs: 8
verbose: 0
min_density: None
compute_importances: None
max_leaf_nodes: None
bootstrap: True
min_samples_leaf: 100
n_estimators: 400
min_samples_split: 2
random_state: None
criterion: mse
max_features: auto
max_depth: None
