
Int Range: [0,7]
  LAlpha  UAlpha     ROE    DExp    DAct    Rate     Num
   -2.82    0.84    2.10    5.69    3.89    5.99     745
    0.84    1.38    3.12    5.09    3.09    6.21     745
    1.38    1.75    4.23    4.69    2.01    6.24     745
    1.75    2.09    5.11    4.40    1.21    6.32     745
    2.09    2.41    5.12    4.08    1.21    6.33     744
    2.41    2.72    5.54    3.78    0.81    6.34     745
    2.72    3.05    4.89    3.48    1.48    6.36     745
    3.05    3.34    4.83    3.11    1.48    6.30     745
    3.34    3.65    5.76    2.82    0.54    6.30     745
    3.65    4.69    5.92    2.64    0.67    6.60     744

Int Range: [7,10]
  LAlpha  UAlpha     ROE    DExp    DAct    Rate     Num
   -0.02    2.87    2.04    5.49    5.69    7.73    2319
    2.87    3.52    3.82    4.79    4.18    8.01    2318
    3.52    3.98    4.51    4.42    3.67    8.18    2319
    3.98    4.35    5.79    4.17    2.55    8.34    2318
    4.35    4.69    6.02    3.87    2.37    8.39    2318
    4.69    5.02    6.67    3.66    1.85    8.53    2319
    5.02    5.34    6.27    3.46    2.37    8.64    2318
    5.34    5.74    7.31    3.38    1.60    8.90    2319
    5.74    6.23    8.08    3.17    1.08    9.15    2318
    6.23    7.73    8.14    2.85    1.34    9.47    2318

Int Range: [10,12]
  LAlpha  UAlpha     ROE    DExp    DAct    Rate     Num
    2.26    4.89    2.75    6.29    7.88   10.63    2170
    4.89    5.47    4.82    5.62    5.99   10.82    2169
    5.47    5.92    5.51    5.20    5.39   10.91    2170
    5.92    6.35    6.09    4.84    4.89   10.98    2169
    6.35    6.77    7.66    4.46    3.37   11.02    2169
    6.77    7.17    7.99    4.05    3.04   11.03    2170
    7.17    7.58    8.82    3.70    2.26   11.08    2169
    7.58    8.06    9.53    3.56    1.84   11.38    2170
    8.06    8.48   10.47    3.12    0.92   11.39    2169
    8.48    9.55   10.29    2.95    1.52   11.81    2169

Int Range: [12,13.5]
  LAlpha  UAlpha     ROE    DExp    DAct    Rate     Num
    3.83    6.03    0.82    6.94   11.66   12.47    2162
    6.03    6.60    2.83    6.26    9.76   12.59    2162
    6.60    7.08    6.10    5.78    6.52   12.62    2161
    7.08    7.51    6.95    5.44    5.78   12.73    2162
    7.51    7.95    7.40    5.04    5.37   12.77    2161
    7.95    8.41    8.98    4.64    3.84   12.82    2162
    8.41    8.88   10.04    4.22    2.82   12.86    2162
    8.88    9.31   10.89    3.77    1.99   12.88    2161
    9.31    9.74   11.22    3.36    1.67   12.88    2162
    9.74   10.46   11.76    3.08    1.34   13.10    2161

Int Range: [13.5,15]
  LAlpha  UAlpha     ROE    DExp    DAct    Rate     Num
    4.35    7.15    1.91    7.61   12.26   14.17    2235
    7.15    7.87    5.59    6.60    8.55   14.14    2234
    7.87    8.38    6.22    6.01    7.92   14.14    2235
    8.38    8.88    9.04    5.50    5.10   14.14    2234
    8.88    9.35   10.23    5.05    3.94   14.16    2235
    9.35    9.78   10.17    4.59    3.98   14.15    2234
    9.78   10.19   10.92    4.20    3.27   14.18    2235
   10.19   10.59   11.58    3.88    2.69   14.26    2234
   10.59   11.06   12.53    3.58    1.88   14.41    2235
   11.06   12.20   13.15    3.32    1.61   14.76    2234

Int Range: [15,17]
  LAlpha  UAlpha     ROE    DExp    DAct    Rate     Num
    4.01    7.36    1.67    9.33   14.29   15.96    2288
    7.36    8.13    4.57    8.14   11.32   15.89    2287
    8.13    8.71    5.59    7.43   10.27   15.86    2288
    8.71    9.21    7.66    6.88    8.18   15.84    2287
    9.21    9.72   10.10    6.41    5.77   15.87    2287
    9.72   10.21    9.80    5.92    6.08   15.88    2288
   10.21   10.68   11.58    5.46    4.33   15.91    2287
   10.68   11.16   12.22    4.97    3.67   15.89    2288
   11.16   11.65   13.52    4.57    2.45   15.97    2287
   11.65   13.10   14.39    4.25    1.92   16.31    2287

Int Range: [17,20]
  LAlpha  UAlpha     ROE    DExp    DAct    Rate     Num
    5.02    7.86    1.21   10.74   16.77   17.98    2230
    7.86    8.67    3.21    9.92   14.98   18.20    2229
    8.67    9.34    7.19    9.21   11.04   18.23    2229
    9.34    9.95    6.68    8.58   11.57   18.25    2230
    9.95   10.52    8.15    8.06   10.14   18.29    2229
   10.52   11.14   10.67    7.56    7.72   18.39    2229
   11.14   11.75   12.03    6.95    6.37   18.39    2230
   11.75   12.37   13.15    6.39    5.29   18.44    2229
   12.37   13.10   14.30    5.89    4.31   18.60    2229
   13.10   15.48   15.69    5.53    3.63   19.33    2229

Int Range: [20,30]
  LAlpha  UAlpha     ROE    DExp    DAct    Rate     Num
    7.27   10.76    3.32   11.13   17.73   21.04    1416
   10.76   11.77    6.26   10.28   15.32   21.59    1416
   11.77   12.52    8.32    9.45   13.28   21.60    1416
   12.52   13.20    9.60    8.97   12.22   21.82    1416
   13.20   13.87   10.51    8.41   11.45   21.95    1415
   13.87   14.50   12.17    7.87    9.89   22.06    1416
   14.50   15.19   13.73    7.50    8.62   22.34    1416
   15.19   16.04   14.23    7.39    8.76   22.99    1416
   16.04   17.25   16.26    7.25    7.56   23.82    1416
   17.25   20.34   18.62    6.67    6.36   24.98    1415


Forest Importance
('delinq_2yrs', 0.0)
('zip3_charity_pct', 0.00015082819005093374)
('total_acc', 0.00022298888417161087)
('med_inc', 0.00023363539329496473)
('open_acc', 0.00043387095322549441)
('mths_since_last_delinq', 0.00046131984384431503)
('emp_length', 0.00046976654370274774)
('revol_bal', 0.00053075146869518074)
('zip_code', 0.00066117909546247172)
('dti', 0.00088654797756431119)
('urate_range', 0.00095494403657282495)
('revol_bal-loan', 0.0012544679426695722)
('even_loan_amnt', 0.0013954364967277712)
('mths_since_last_record', 0.0015650480338683728)
('loan_amnt', 0.0016301209025488895)
('pub_rec', 0.0016417263246639)
('installment', 0.0016740930681185433)
('min_urate', 0.0019717269584060681)
('title_upper_count', 0.0020236913791685388)
('term', 0.0023777939455646387)
('title_num_words', 0.0026776472843989658)
('max_urate', 0.0027418488388999311)
('home_ownership', 0.0034647672650277091)
('title_upper_pct', 0.0036542949278708346)
('title_len', 0.0038455607514324515)
('issue_mth', 0.0053934415191797648)
('is_inc_v', 0.0054058367266289738)
('credit_length', 0.0097152976308624781)
('revol_util', 0.0099361086548450123)
('title_last_word_rank', 0.017954987857564119)
('fico_range_low', 0.020384297020545339)
('purpose', 0.021647205156313985)
('pct_med_inc', 0.023916316299477044)
('int_pymt', 0.024181698247165241)
('title_rank', 0.024837769851658274)
('annual_inc', 0.025485451909442056)
('inq_last_6mths', 0.026042031917073133)
('urate_chg', 0.029295547508225744)
('mod_rate', 0.03942111271235358)
('short_title_rank', 0.055014498308736899)
('avg_urate', 0.061679781516152436)
('title_first_word_rank', 0.083273467874662263)
('urate', 0.097911908517113802)
('sub_grade', 0.16277420178043783)
('int_rate', 0.21880498248561103)


Forest Parameters
oob_score: False
n_jobs: 1
verbose: 2
min_density: None
compute_importances: None
max_leaf_nodes: None
bootstrap: True
min_samples_leaf: 100
n_estimators: 400
min_samples_split: 2
random_state: None
criterion: gini
max_features: auto
max_depth: 4
