OOS Cutoff = 2014-10-01 00:00:00
Int Range: [0,7]
  LAlpha  UAlpha     ROE    DExp    DAct    Rate     Num
   -8.91    4.24    5.13    2.70    1.16    6.29     354
    4.24    4.77    4.55    1.79    1.77    6.32     354
    4.77    5.10    6.08    1.36    0.24    6.32     354
    5.10    5.31    6.02    1.05    0.24    6.26     353
    5.31    5.49    5.43    0.87    0.84    6.27     354
    5.49    5.63    5.15    0.71    1.12    6.27     354
    5.63    5.77    5.74    0.61    0.56    6.31     353
    5.77    5.93    5.66    0.52    0.71    6.37     354
    5.93    6.16    4.80    0.53    1.76    6.57     354
    6.16    6.89    6.11    0.39    0.65    6.76     353

Int Range: [7,10]
  LAlpha  UAlpha     ROE    DExp    DAct    Rate     Num
   -1.07    4.61    5.73    4.34    2.48    8.21     990
    4.61    5.26    6.03    3.18    2.12    8.15     989
    5.26    5.68    6.43    2.60    1.65    8.08     990
    5.68    5.99    5.74    2.24    2.34    8.08     989
    5.99    6.24    6.62    1.92    1.42    8.04     989
    6.24    6.47    6.48    1.71    1.58    8.06     990
    6.47    6.70    7.34    1.49    0.74    8.08     989
    6.70    6.98    6.94    1.46    1.36    8.30     990
    6.98    7.40    7.67    1.48    0.98    8.65     989
    7.40    8.82    7.43    1.31    1.68    9.11     989

Int Range: [10,12]
  LAlpha  UAlpha     ROE    DExp    DAct    Rate     Num
   -1.31    5.40    7.87    6.81    3.19   11.06     902
    5.40    6.28    7.66    5.12    3.35   11.01     902
    6.28    6.89    7.70    4.43    3.34   11.03     902
    6.89    7.36    8.41    3.86    2.59   11.00     902
    7.36    7.77    7.72    3.48    3.33   11.05     901
    7.77    8.14    8.37    3.10    2.70   11.06     902
    8.14    8.47    7.65    2.75    3.40   11.05     902
    8.47    8.84    8.97    2.44    2.12   11.09     902
    8.84    9.30    9.17    2.17    2.05   11.23     902
    9.30   11.18    9.52    1.73    1.96   11.48     901

Int Range: [12,13.5]
  LAlpha  UAlpha     ROE    DExp    DAct    Rate     Num
   -4.30    4.72    7.08    9.55    5.78   12.86     899
    4.72    5.79    7.57    7.55    5.29   12.86     898
    5.79    6.55    7.62    6.69    5.26   12.88     899
    6.55    7.17    5.78    5.99    7.08   12.86     898
    7.17    7.72    8.63    5.42    4.23   12.86     899
    7.72    8.21    9.21    4.89    3.65   12.86     898
    8.21    8.68    8.95    4.46    3.95   12.91     899
    8.68    9.20    9.19    3.97    3.72   12.91     898
    9.20    9.86   10.17    3.39    2.74   12.91     899
    9.86   12.20   10.91    2.53    2.09   13.00     898

Int Range: [13.5,15]
  LAlpha  UAlpha     ROE    DExp    DAct    Rate     Num
   -3.70    4.59    5.33   11.18    9.07   14.39     899
    4.59    5.79    5.94    9.15    8.45   14.40     898
    5.79    6.68    6.61    8.12    7.76   14.37     899
    6.68    7.37    7.50    7.38    6.90   14.40     898
    7.37    7.97    8.02    6.69    6.35   14.37     899
    7.97    8.56    7.57    6.12    6.82   14.39     898
    8.56    9.16    7.19    5.54    7.21   14.40     899
    9.16    9.83    7.64    4.88    6.74   14.38     898
    9.83   10.65    9.06    4.18    5.34   14.39     899
   10.65   13.12   10.21    3.15    4.26   14.47     898

Int Range: [15,17]
  LAlpha  UAlpha     ROE    DExp    DAct    Rate     Num
   -9.12    3.21    3.05   15.00   13.22   16.27     631
    3.21    4.79    6.76   12.11    9.40   16.16     631
    4.79    5.82    7.68   10.80    8.44   16.12     631
    5.82    6.65    5.60    9.90   10.55   16.15     631
    6.65    7.44    5.40    9.04   10.70   16.11     631
    7.44    8.15    7.74    8.30    8.36   16.10     631
    8.15    8.91    8.41    7.57    7.69   16.10     631
    8.91    9.72   10.42    6.82    5.69   16.11     631
    9.72   10.63    8.04    5.94    8.06   16.10     631
   10.63   13.98   10.67    4.73    5.50   16.17     631

Int Range: [17,20]
  LAlpha  UAlpha     ROE    DExp    DAct    Rate     Num
  -11.69    0.98    0.23   20.16   18.46   18.70     582
    0.98    3.13    3.70   16.29   14.76   18.45     581
    3.13    4.61    6.21   14.52   12.20   18.41     582
    4.61    5.78    5.99   13.16   12.38   18.36     581
    5.78    6.75    6.08   12.06   12.27   18.35     581
    6.75    7.72    6.07   11.06   12.23   18.30     582
    7.72    8.64    8.50   10.18    9.86   18.36     581
    8.64    9.56    7.67    9.22   10.64   18.31     582
    9.56   10.71    6.91    8.23   11.45   18.36     581
   10.71   15.06   10.01    6.54    8.32   18.33     581

Int Range: [20,30]
  LAlpha  UAlpha     ROE    DExp    DAct    Rate     Num
  -13.27   -5.36   -7.03   30.98   30.31   23.28     351
   -5.36   -2.60    3.44   26.87   19.57   23.01     350
   -2.60   -0.68    2.91   24.42   19.88   22.80     350
   -0.68    1.23    0.67   22.44   22.11   22.78     350
    1.23    2.99    5.02   20.44   17.59   22.60     350
    2.99    4.55    1.20   18.74   21.31   22.51     350
    4.55    6.01    4.00   17.06   18.37   22.37     350
    6.01    7.75    6.25   15.58   16.21   22.47     350
    7.75    9.77    2.39   13.63   19.87   22.27     350
    9.77   18.47    9.30   10.57   12.92   22.21     350


MinAlpha	ROE	Count
-5	7.17	55616
-4	7.17	55457
-3	7.21	55266
-2	7.22	55008
-1	7.26	54684
0	7.30	54313
1	7.35	53779
2	7.39	53038
3	7.47	51784
4	7.56	49518
5	7.69	45241
6	8.00	36759
7	8.44	26717
8	8.76	18098
9	9.22	10291
10	10.05	4889
11	10.62	1848
12	11.39	546
13	10.63	129
14	10.07	48
15	9.13	20

Forest Importance
('pub_rec', 0.00032789501508332665)
('delinq_2yrs', 0.00068140329853633001)
('term', 0.0029473192194412225)
('loan_amnt', 0.0041966803538574489)
('verification_status', 0.0044858209678572403)
('purpose', 0.0045769178321264595)
('even_loan_amnt', 0.0048193300889438663)
('mths_since_last_record', 0.0057166257980398524)
('mths_since_last_major_derog', 0.0065735904238996088)
('home_ownership', 0.013975067128147611)
('open_acc', 0.015115045677519806)
('inq_last_6mths', 0.015409754588733679)
('mths_since_last_delinq', 0.019483254464637664)
('int_pymt', 0.020194929601162155)
('total_acc', 0.023578472694729659)
('installment', 0.025177799861133762)
('emp_length', 0.025259850471403854)
('revol_bal', 0.026101827256164185)
('tok4_capitalization_log_odds', 0.031544636534556185)
('annual_inc', 0.032523471179833841)
('revol_bal-loan', 0.03275151198051586)
('revol_bal_pct_inc', 0.032942517597073312)
('dti', 0.033762271414648971)
('revol_util', 0.034801819245818211)
('credit_length', 0.035692148651199865)
('pct_med_inc', 0.038088017139826819)
('int_pct_inc', 0.038816354978886032)
('urate', 0.040161805579826675)
('pymt_pct_inc', 0.047217082405251826)
('reg_tok4_clean_title_log_odds', 0.055153211790447125)
('int_rate', 0.13345209983035)
('sub_grade', 0.19447146693034745)


Forest Parameters
oob_score: False
n_jobs: 8
verbose: 0
min_density: None
compute_importances: None
max_leaf_nodes: None
bootstrap: True
min_samples_leaf: 150
n_estimators: 400
min_samples_split: 2
random_state: None
criterion: mse
max_features: auto
max_depth: None
