OOS Cutoff = 2014-03-01 00:00:00
Int Range: [0,7]
  LAlpha  UAlpha     ROE    DExp    DAct    Rate     Num
   -0.03    3.76    5.14    3.30    1.21    6.35      94
    3.76    4.33    6.33    2.27    0.00    6.33      94
    4.33    4.69    6.29    1.77    0.00    6.29      94
    4.69    4.93    6.28    1.46    0.00    6.28      93
    4.93    5.10    6.32    1.31    0.00    6.32      94
    5.10    5.30    4.86    1.16    1.49    6.36      94
    5.30    5.52    6.39    0.98    0.00    6.39      93
    5.52    5.71    6.43    0.83    0.00    6.43      94
    5.71    5.95    6.53    0.70    0.00    6.53      94
    5.95    6.48    5.70    0.51    0.92    6.62      93

Int Range: [7,10]
  LAlpha  UAlpha     ROE    DExp    DAct    Rate     Num
   -0.87    5.22    6.48    3.94    1.82    8.30     547
    5.22    5.88    7.44    2.69    0.84    8.28     546
    5.88    6.30    6.64    2.23    1.68    8.33     546
    6.30    6.62    7.60    1.86    0.73    8.33     547
    6.62    6.89    7.32    1.61    1.05    8.38     546
    6.89    7.15    6.73    1.48    1.77    8.50     546
    7.15    7.48    7.44    1.43    1.30    8.73     547
    7.48    7.86    8.30    1.48    0.85    9.15     546
    7.86    8.29    7.62    1.24    1.69    9.31     546
    8.29    9.43    8.59    0.93    0.95    9.54     546

Int Range: [10,12]
  LAlpha  UAlpha     ROE    DExp    DAct    Rate     Num
    0.65    6.99    8.54    5.52    2.78   11.32     374
    6.99    7.76   10.49    3.92    0.83   11.32     374
    7.76    8.22    9.81    3.38    1.59   11.40     374
    8.22    8.63    9.04    2.96    2.36   11.39     374
    8.63    8.90   10.06    2.69    1.40   11.46     374
    8.90    9.22   10.63    2.40    0.82   11.46     374
    9.22    9.52    8.89    2.24    2.72   11.61     374
    9.52    9.85    9.76    2.00    1.92   11.67     374
    9.85   10.27    8.52    1.70    3.22   11.74     374
   10.27   11.57   11.10    1.28    0.83   11.94     374

Int Range: [12,13.5]
  LAlpha  UAlpha     ROE    DExp    DAct    Rate     Num
    1.53    7.00   10.22    6.98    2.65   12.87     436
    7.00    7.86    7.69    5.35    5.14   12.83     436
    7.86    8.43    9.12    4.63    3.67   12.78     436
    8.43    8.89    9.16    4.08    3.58   12.75     436
    8.89    9.25   10.10    3.67    2.63   12.74     436
    9.25    9.59   10.50    3.30    2.23   12.73     436
    9.59    9.96   10.34    2.93    2.36   12.71     436
    9.96   10.33   10.40    2.61    2.35   12.75     436
   10.33   10.75   10.53    2.18    2.18   12.71     436
   10.75   12.09   11.25    1.60    1.48   12.73     436

Int Range: [13.5,15]
  LAlpha  UAlpha     ROE    DExp    DAct    Rate     Num
    0.27    6.48    8.68    8.87    5.51   14.19     628
    6.48    7.53    9.00    7.12    5.16   14.16     627
    7.53    8.29    9.44    6.23    4.70   14.14     628
    8.29    8.88   10.08    5.56    4.06   14.14     627
    8.88    9.42    9.05    5.00    5.10   14.15     628
    9.42    9.94    9.89    4.47    4.25   14.14     627
    9.94   10.41   10.52    3.96    3.62   14.14     628
   10.41   10.89   11.25    3.52    2.92   14.17     627
   10.89   11.48   11.07    3.01    3.10   14.17     628
   11.48   13.23   10.97    2.32    3.31   14.27     627

Int Range: [15,17]
  LAlpha  UAlpha     ROE    DExp    DAct    Rate     Num
   -3.31    6.05    7.57   11.55    8.41   15.98     581
    6.05    7.32    8.89    9.15    7.00   15.89     581
    7.32    8.22    7.99    8.05    7.86   15.85     581
    8.22    8.98   10.59    7.19    5.21   15.80     581
    8.98    9.56   10.53    6.51    5.25   15.78     581
    9.56   10.12   12.15    5.91    3.59   15.75     581
   10.12   10.70   11.69    5.33    4.05   15.73     581
   10.70   11.26   12.33    4.73    3.39   15.72     581
   11.26   11.96   12.17    4.09    3.52   15.69     581
   11.96   14.61   13.33    3.20    2.41   15.74     580

Int Range: [17,20]
  LAlpha  UAlpha     ROE    DExp    DAct    Rate     Num
   -9.75    3.94    5.59   16.97   13.02   18.61     568
    3.94    5.89    8.50   13.51   10.02   18.53     567
    5.89    7.16   12.40   11.97    6.10   18.50     568
    7.16    8.16    9.69   10.94    8.92   18.61     567
    8.16    9.01   10.82    9.96    7.74   18.56     567
    9.01    9.78   11.70    9.26    6.94   18.64     568
    9.78   10.61   12.41    8.49    6.26   18.67     567
   10.61   11.47   12.19    7.69    6.53   18.73     568
   11.47   12.65   14.35    6.86    4.53   18.88     567
   12.65   16.23   14.46    5.45    4.55   19.02     567

Int Range: [20,30]
  LAlpha  UAlpha     ROE    DExp    DAct    Rate     Num
  -11.41    0.27   -3.79   26.45   27.21   23.42     330
    0.27    3.53    9.25   20.96   13.78   23.03     329
    3.53    5.63   15.65   17.99    6.96   22.61     330
    5.63    7.12    7.80   16.07   14.69   22.49     329
    7.12    8.31    9.44   14.70   12.99   22.43     329
    8.31    9.49   12.38   13.11    9.64   22.02     330
    9.49   10.51    6.22   12.19   15.98   22.20     329
   10.51   11.67   11.66   10.94   10.31   21.97     330
   11.67   13.15   13.65    9.68    8.42   22.07     329
   13.15   19.26   13.59    7.92    8.73   22.31     329


MinAlpha	ROE	Count
-5	9.78	35490
-4	9.79	35451
-3	9.80	35403
-2	9.82	35331
-1	9.85	35234
0	9.88	35134
1	9.91	34983
2	9.93	34757
3	9.95	34361
4	9.96	33703
5	10.02	32382
6	10.20	29857
7	10.49	26035
8	10.89	21205
9	11.24	15681
10	11.82	9987
11	12.75	5141
12	13.79	2213
13	14.30	879
14	13.14	310
15	15.67	108

Forest Importance
('pub_rec', 0.00018499738386681434)
('delinq_2yrs', 0.0018190858407298269)
('term', 0.0022420919806474256)
('mths_since_last_record', 0.0023692239213848787)
('is_inc_v', 0.0031023651056404943)
('purpose', 0.0039379680699826699)
('even_loan_amnt', 0.0048017435074768008)
('mod_rate', 0.0072268920178757134)
('home_ownership', 0.0079139744836141963)
('inq_last_6mths', 0.0098193908670096176)
('loan_amnt', 0.010011590640252508)
('open_acc', 0.01214757986226693)
('fico_range_low', 0.015933160396342988)
('int_pymt', 0.017263098783931036)
('mths_since_last_delinq', 0.017437384266490202)
('total_acc', 0.01753063530246023)
('clean_title_rank', 0.019418083537820173)
('emp_title_rank', 0.019653028777298104)
('installment', 0.02021176658316266)
('revol_bal', 0.022314530733799177)
('zip_code', 0.025196961371466223)
('dti', 0.025409564303961289)
('revol_util', 0.025545719182609415)
('short_title_rank', 0.025669962667994161)
('annual_inc', 0.026592620972533232)
('tok4_capitalization_log_odds', 0.026850235053736828)
('emp_length', 0.026909148712939764)
('pct_med_inc', 0.030037776169398889)
('revol_bal_pct_inc', 0.032451428682719524)
('med_inc', 0.032915199174423974)
('urate_chg', 0.033367415585774482)
('revol_bal-loan', 0.034914953650456458)
('hpa4', 0.039214083347172177)
('tok4_clean_title_log_odds', 0.048654670875044485)
('credit_length', 0.049724677248532412)
('pymt_pct_inc', 0.052650444559740862)
('sub_grade', 0.054346398945850527)
('int_rate', 0.19421014743359269)


Forest Parameters
oob_score: False
n_jobs: 8
verbose: 0
min_density: None
compute_importances: None
max_leaf_nodes: None
bootstrap: True
min_samples_leaf: 100
n_estimators: 400
min_samples_split: 2
random_state: None
criterion: mse
max_features: auto
max_depth: None
