OOS Cutoff = 2014-10-01 00:00:00
Int Range: [0,7]
  LAlpha  UAlpha     ROE    DExp    DAct    Rate     Num
  -10.30    4.60    4.40    2.20    1.84    6.24     393
    4.60    4.98    5.50    1.49    0.80    6.30     392
    4.98    5.21    6.07    1.18    0.21    6.28     393
    5.21    5.38    5.30    0.98    0.97    6.27     392
    5.38    5.52    4.94    0.79    1.30    6.24     393
    5.52    5.64    5.47    0.69    0.80    6.27     392
    5.64    5.76    5.33    0.62    0.98    6.31     393
    5.76    5.93    5.69    0.58    0.73    6.42     392
    5.93    6.14    6.01    0.57    0.59    6.59     393
    6.14    6.93    5.13    0.45    1.67    6.79     392

Int Range: [7,10]
  LAlpha  UAlpha     ROE    DExp    DAct    Rate     Num
   -1.04    4.83    6.25    4.04    1.96    8.21    1106
    4.83    5.35    6.25    3.05    1.91    8.16    1106
    5.35    5.71    5.42    2.63    2.74    8.17    1106
    5.71    5.99    6.45    2.23    1.65    8.09    1106
    5.99    6.23    6.42    1.94    1.63    8.05    1106
    6.23    6.44    6.83    1.73    1.23    8.06    1106
    6.44    6.65    6.61    1.52    1.45    8.07    1106
    6.65    6.91    7.33    1.49    0.94    8.27    1106
    6.91    7.32    7.07    1.56    1.59    8.66    1106
    7.32    8.87    7.91    1.38    1.20    9.11    1105

Int Range: [10,12]
  LAlpha  UAlpha     ROE    DExp    DAct    Rate     Num
   -0.88    5.51    7.98    6.54    3.10   11.07    1021
    5.51    6.34    7.94    5.03    3.06   11.00    1020
    6.34    6.88    7.38    4.36    3.60   10.98    1020
    6.88    7.31    7.47    3.91    3.54   11.01    1020
    7.31    7.68    9.11    3.55    1.93   11.04    1020
    7.68    8.04    7.53    3.23    3.57   11.09    1021
    8.04    8.40    8.53    2.88    2.57   11.10    1020
    8.40    8.76    8.15    2.56    2.97   11.13    1020
    8.76    9.24    8.77    2.23    2.45   11.21    1020
    9.24   10.78    9.70    1.80    1.78   11.48    1020

Int Range: [12,13.5]
  LAlpha  UAlpha     ROE    DExp    DAct    Rate     Num
   -1.81    4.86    6.27    9.23    6.62   12.89    1024
    4.86    5.86    7.22    7.47    5.67   12.89    1024
    5.86    6.52    7.13    6.64    5.72   12.85    1024
    6.52    7.10    8.30    6.04    4.55   12.85    1023
    7.10    7.60    7.78    5.51    5.09   12.87    1024
    7.60    8.09    7.78    5.02    5.09   12.87    1024
    8.09    8.56    9.71    4.55    3.17   12.88    1023
    8.56    9.06    8.80    4.09    4.08   12.88    1024
    9.06    9.70    9.78    3.57    3.15   12.93    1024
    9.70   11.97   10.53    2.70    2.45   12.98    1023

Int Range: [13.5,15]
  LAlpha  UAlpha     ROE    DExp    DAct    Rate     Num
   -2.30    4.67    6.13   11.09    8.24   14.37    1033
    4.67    5.76    6.86    9.12    7.51   14.37    1033
    5.76    6.55    5.69    8.21    8.68   14.38    1033
    6.55    7.21    6.83    7.48    7.54   14.37    1033
    7.21    7.88    6.69    6.82    7.68   14.38    1033
    7.88    8.48    7.63    6.19    6.74   14.38    1033
    8.48    9.08    7.79    5.61    6.59   14.38    1033
    9.08    9.71    7.91    5.01    6.49   14.40    1033
    9.71   10.51    8.98    4.32    5.43   14.41    1033
   10.51   13.15   10.26    3.34    4.26   14.52    1032

Int Range: [15,17]
  LAlpha  UAlpha     ROE    DExp    DAct    Rate     Num
   -7.71    3.19    4.42   15.06   11.85   16.27     727
    3.19    4.79    2.99   12.07   13.15   16.14     726
    4.79    5.80    6.10   10.80   10.02   16.12     726
    5.80    6.59    8.19    9.93    7.94   16.13     726
    6.59    7.32    7.38    9.16    8.74   16.12     726
    7.32    8.01    7.38    8.43    8.73   16.11     726
    8.01    8.79    8.13    7.73    8.00   16.13     726
    8.79    9.54    9.10    6.98    7.03   16.13     726
    9.54   10.52    7.90    6.08    8.19   16.09     726
   10.52   13.69   11.33    4.86    4.82   16.15     726

Int Range: [17,20]
  LAlpha  UAlpha     ROE    DExp    DAct    Rate     Num
  -10.69    0.59    0.59   20.67   18.23   18.82     669
    0.59    2.77    2.41   16.65   16.05   18.47     668
    2.77    4.22    6.01   14.92   12.42   18.43     668
    4.22    5.44    6.05   13.53   12.33   18.38     668
    5.44    6.43    6.46   12.43   11.91   18.37     668
    6.43    7.37    6.18   11.45   12.17   18.36     669
    7.37    8.31    6.76   10.41   11.50   18.26     668
    8.31    9.26    6.73    9.48   11.54   18.27     668
    9.26   10.46    6.84    8.49   11.48   18.32     668
   10.46   14.83    9.69    6.84    8.65   18.35     668

Int Range: [20,30]
  LAlpha  UAlpha     ROE    DExp    DAct    Rate     Num
  -12.96   -4.93   -3.78   30.03   26.91   23.12     406
   -4.93   -2.46    3.97   26.46   18.84   22.82     405
   -2.46   -0.66    1.13   24.34   21.68   22.82     405
   -0.66    1.05   -1.53   22.70   24.42   22.89     406
    1.05    2.78    2.92   20.76   19.80   22.71     405
    2.78    4.37    3.51   19.06   19.17   22.67     405
    4.37    5.77    3.54   17.32   18.85   22.39     406
    5.77    7.36    1.38   15.76   20.99   22.37     405
    7.36    9.41    5.37   13.89   16.82   22.18     405
    9.41   17.28    8.89   11.21   13.53   22.42     405


MinAlpha	ROE	Count
-5	7.02	63300
-4	7.05	63094
-3	7.06	62854
-2	7.09	62535
-1	7.13	62147
0	7.21	61627
1	7.25	61019
2	7.29	60183
3	7.36	58871
4	7.41	56698
5	7.59	51858
6	7.89	41556
7	8.34	29488
8	8.82	19494
9	9.25	10846
10	9.96	4853
11	10.51	1753
12	10.74	444
13	10.89	105
14	10.46	30
15	24.05	12

Forest Importance
('pub_rec', 0.00011138010312255595)
('delinq_2yrs', 0.00026696913928226225)
('purpose', 0.0025221439965651283)
('term', 0.0028014889229538795)
('loan_amnt', 0.0029964410182612678)
('verification_status', 0.0031906191984412764)
('mths_since_last_major_derog', 0.004060427896225214)
('mths_since_last_record', 0.0042761221476747416)
('even_loan_amnt', 0.0049108599408698621)
('open_acc', 0.0090474637783398565)
('total_acc', 0.013696997334410908)
('mths_since_last_delinq', 0.013931360599773436)
('inq_last_6mths', 0.014084571685872977)
('int_pymt', 0.014188915413930936)
('installment', 0.017482846314667712)
('revol_bal', 0.018172494262025968)
('home_ownership', 0.019418769858675487)
('revol_util', 0.021185533801468627)
('revol_bal_pct_inc', 0.022125587715397445)
('clean_title_rank', 0.023051291772977125)
('revol_bal-loan', 0.023673206362565452)
('pct_med_inc', 0.024377165162927632)
('urate', 0.024968003328088618)
('emp_length', 0.025638395636799326)
('dti', 0.025838096406871069)
('annual_inc', 0.028368968917549756)
('tok4_capitalization_log_odds', 0.031771036056481156)
('int_pct_inc', 0.032352024288074016)
('credit_length', 0.032725888918993994)
('pymt_pct_inc', 0.043071664185068484)
('tok4_clean_title_log_odds', 0.059154485883564575)
('int_rate', 0.15330503293702066)
('sub_grade', 0.28323374701505855)


Forest Parameters
oob_score: False
n_jobs: 8
verbose: 0
min_density: None
compute_importances: None
max_leaf_nodes: None
bootstrap: True
min_samples_leaf: 300
n_estimators: 100
min_samples_split: 2
random_state: None
criterion: mse
max_features: auto
max_depth: None
