OOS Cutoff = 2014-03-01 00:00:00
Int Range: [0,7]
  LAlpha  UAlpha     ROE    DExp    DAct    Rate     Num
   -2.50    3.58    5.16    3.85    1.21    6.37      94
    3.58    4.11    6.38    2.52    0.00    6.38      94
    4.11    4.48    6.06    2.04    0.28    6.34      94
    4.48    4.80    6.25    1.62    0.00    6.25      93
    4.80    5.03    6.29    1.37    0.00    6.29      94
    5.03    5.22    6.35    1.23    0.00    6.35      94
    5.22    5.41    5.40    1.02    0.92    6.32      93
    5.41    5.64    6.40    0.88    0.00    6.40      94
    5.64    5.92    6.57    0.80    0.00    6.57      94
    5.92    6.51    5.39    0.48    1.23    6.62      93

Int Range: [7,10]
  LAlpha  UAlpha     ROE    DExp    DAct    Rate     Num
   -1.12    4.83    6.88    4.63    1.50    8.39     547
    4.83    5.63    6.09    3.06    2.25    8.34     546
    5.63    6.14    6.96    2.40    1.35    8.31     546
    6.14    6.53    7.44    2.01    0.89    8.34     547
    6.53    6.83    7.16    1.74    1.26    8.42     546
    6.83    7.15    7.88    1.51    0.62    8.50     546
    7.15    7.49    7.78    1.34    0.87    8.65     547
    7.49    7.92    8.07    1.39    1.01    9.08     546
    7.92    8.43    7.86    1.11    1.43    9.29     546
    8.43    9.54    8.04    0.73    1.49    9.54     546

Int Range: [10,12]
  LAlpha  UAlpha     ROE    DExp    DAct    Rate     Num
   -1.61    6.35    8.77    6.34    2.61   11.39     374
    6.35    7.41    8.00    4.41    3.38   11.38     374
    7.41    8.08    9.73    3.67    1.72   11.44     374
    8.08    8.54   10.39    3.08    1.02   11.41     374
    8.54    8.96   10.32    2.69    1.14   11.46     374
    8.96    9.36    9.27    2.40    2.28   11.55     374
    9.36    9.73    9.41    2.00    2.15   11.55     374
    9.73   10.18    9.51    1.61    2.06   11.57     374
   10.18   10.66   10.49    1.23    1.13   11.62     374
   10.66   11.87   10.95    0.83    0.99   11.94     374

Int Range: [12,13.5]
  LAlpha  UAlpha     ROE    DExp    DAct    Rate     Num
   -0.06    6.36    8.08    7.72    4.75   12.83     436
    6.36    7.61    8.22    5.74    4.57   12.78     436
    7.61    8.42   10.24    4.76    2.55   12.79     436
    8.42    9.00    9.63    4.06    3.12   12.76     436
    9.00    9.53   11.04    3.46    1.69   12.73     436
    9.53    9.97    9.79    2.98    2.94   12.72     436
    9.97   10.41    9.74    2.55    2.99   12.73     436
   10.41   10.91   10.64    2.10    2.12   12.76     436
   10.91   11.40   10.26    1.61    2.51   12.77     436
   11.40   12.69   11.68    0.97    1.04   12.72     436

Int Range: [13.5,15]
  LAlpha  UAlpha     ROE    DExp    DAct    Rate     Num
   -4.49    5.66    8.78   10.15    5.45   14.23     628
    5.66    7.11    8.76    7.70    5.39   14.14     627
    7.11    8.11    9.88    6.54    4.27   14.15     628
    8.11    8.95    9.90    5.61    4.26   14.16     627
    8.95    9.67   10.44    4.78    3.68   14.11     628
    9.67   10.34    9.33    4.13    4.80   14.13     627
   10.34   10.90   10.81    3.52    3.32   14.13     628
   10.90   11.45   10.60    2.97    3.54   14.13     627
   11.45   12.06   10.60    2.43    3.58   14.18     628
   12.06   13.84   10.86    1.74    3.43   14.29     627

Int Range: [15,17]
  LAlpha  UAlpha     ROE    DExp    DAct    Rate     Num
  -11.44    4.75    7.21   13.34    8.74   15.95     581
    4.75    6.55   11.41   10.14    4.46   15.87     581
    6.55    7.87    8.58    8.55    7.21   15.79     581
    7.87    8.90   10.05    7.36    5.71   15.76     581
    8.90    9.82   11.57    6.42    4.20   15.77     581
    9.82   10.58   11.24    5.50    4.49   15.73     581
   10.58   11.34   10.27    4.80    5.50   15.77     581
   11.34   12.07   10.14    4.00    5.57   15.71     581
   12.07   12.83   12.68    3.30    3.05   15.73     581
   12.83   15.13   14.09    2.46    1.75   15.84     580

Int Range: [17,20]
  LAlpha  UAlpha     ROE    DExp    DAct    Rate     Num
  -15.75    2.26    5.62   19.62   12.97   18.59     568
    2.26    4.84    7.61   14.90   10.99   18.60     567
    4.84    6.54   10.86   12.89    7.75   18.61     568
    6.54    8.01   12.25   11.30    6.34   18.59     567
    8.01    9.32   12.97    9.94    5.66   18.63     567
    9.32   10.52   12.69    8.72    5.97   18.66     568
   10.52   11.65   12.61    7.57    6.04   18.65     567
   11.65   12.83   11.82    6.40    6.82   18.64     568
   12.83   14.12   12.26    5.28    6.49   18.76     567
   14.12   17.91   13.43    3.96    5.60   19.03     567

Int Range: [20,30]
  LAlpha  UAlpha     ROE    DExp    DAct    Rate     Num
  -21.09   -1.74    2.23   30.19   20.93   23.16     330
   -1.74    2.53    7.45   21.94   15.14   22.60     329
    2.53    5.15    7.78   18.70   14.83   22.61     330
    5.15    7.21   10.27   16.27   12.21   22.48     329
    7.21    8.77   11.66   14.38   10.71   22.37     329
    8.77   10.11   11.91   12.74   10.28   22.19     330
   10.11   11.48   11.11   11.35   11.05   22.16     329
   11.48   12.97   12.44    9.98    9.78   22.22     330
   12.97   14.71   10.76    8.30   11.37   22.13     329
   14.71   21.10   10.24    6.50   12.41   22.65     329


MinAlpha	ROE	Count
-5	9.81	35300
-4	9.81	35237
-3	9.80	35160
-2	9.83	35048
-1	9.83	34935
0	9.86	34768
1	9.88	34514
2	9.89	34138
3	9.92	33563
4	9.97	32640
5	10.14	30930
6	10.34	28301
7	10.60	24682
8	10.86	20652
9	11.19	16330
10	11.33	12104
11	11.63	7920
12	12.07	4391
13	12.69	2261
14	12.12	1144
15	12.79	545

Forest Importance
('pub_rec', 0.00015883800229832767)
('delinq_2yrs', 0.0014717539070047848)
('term', 0.0017740995916010111)
('purpose', 0.0030260464906163792)
('mths_since_last_record', 0.0030788025291528368)
('is_inc_v', 0.0031983885114315823)
('loan_amnt', 0.0032567420875042039)
('even_loan_amnt', 0.0038445327262939429)
('mod_rate', 0.0052269604586775266)
('home_ownership', 0.0078529950383106374)
('inq_last_6mths', 0.0083374909285130489)
('open_acc', 0.0097797021771840187)
('tok4_capitalization_log_odds', 0.011477716889087634)
('mths_since_last_delinq', 0.015213872521443583)
('total_acc', 0.015378569397571257)
('fico_range_low', 0.015549704150236624)
('int_pymt', 0.015656773959980483)
('clean_title_rank', 0.016479669631759633)
('emp_title_rank', 0.016998276763005641)
('annual_inc', 0.017667184011496827)
('revol_bal', 0.018671246607950227)
('installment', 0.019355141938861828)
('revol_util', 0.019802248069587615)
('zip_code', 0.02186346815815645)
('dti', 0.021964279604584299)
('pct_med_inc', 0.023321334143269166)
('avg_urate', 0.023882302313083005)
('urate', 0.025112508819453722)
('med_inc', 0.025768649079978345)
('short_title_rank', 0.026432505143672715)
('emp_length', 0.026500368215975536)
('revol_bal-loan', 0.026822482274673824)
('urate_chg', 0.028129106747956909)
('credit_length', 0.028219704869708154)
('revol_bal_pct_inc', 0.02943046277122319)
('hpa4', 0.031331579118973531)
('pymt_pct_inc', 0.044153080091297481)
('sub_grade', 0.053706304950202434)
('tok4_clean_title_log_odds', 0.15305188787703453)
('int_rate', 0.17705321943118707)


Forest Parameters
oob_score: False
n_jobs: 8
verbose: 0
min_density: None
compute_importances: None
max_leaf_nodes: None
bootstrap: True
min_samples_leaf: 100
n_estimators: 400
min_samples_split: 2
random_state: None
criterion: mse
max_features: auto
max_depth: None
