OOS Cutoff = 2014-04-01 00:00:00
Int Range: [0,7]
  LAlpha  UAlpha     ROE    DExp    DAct    Rate     Num
    1.21    4.03    3.33    2.81    2.92    6.25     127
    4.03    4.49    3.83    1.95    2.41    6.23     127
    4.49    4.76    6.23    1.61    0.00    6.23     127
    4.76    4.98    5.64    1.38    0.61    6.25     127
    4.98    5.18    6.24    1.16    0.00    6.24     127
    5.18    5.32    6.26    1.01    0.00    6.26     127
    5.32    5.46    5.40    0.90    0.90    6.29     127
    5.46    5.60    5.72    0.81    0.61    6.33     127
    5.60    5.87    6.52    0.78    0.00    6.52     127
    5.87    6.34    5.37    0.56    1.22    6.59     127

Int Range: [7,10]
  LAlpha  UAlpha     ROE    DExp    DAct    Rate     Num
    1.97    5.31    5.05    3.54    3.13    8.18     567
    5.31    5.89    6.14    2.50    2.00    8.14     566
    5.89    6.25    7.46    2.11    0.74    8.20     566
    6.25    6.53    7.00    1.85    1.26    8.25     567
    6.53    6.79    6.82    1.71    1.55    8.37     566
    6.79    7.04    6.61    1.44    1.75    8.35     566
    7.04    7.33    6.57    1.35    1.95    8.53     567
    7.33    7.70    7.51    1.43    1.43    8.93     566
    7.70    8.13    7.35    1.25    1.82    9.17     566
    8.13    9.29    7.74    0.92    1.68    9.42     566

Int Range: [10,12]
  LAlpha  UAlpha     ROE    DExp    DAct    Rate     Num
    0.43    6.71    5.27    5.38    5.78   11.05     469
    6.71    7.50    8.63    3.82    2.34   10.97     469
    7.50    7.98    7.48    3.28    3.55   11.03     469
    7.98    8.36    7.76    2.94    3.35   11.11     469
    8.36    8.66    8.29    2.64    2.87   11.16     469
    8.66    8.99    9.30    2.43    1.95   11.26     469
    8.99    9.32    7.59    2.17    3.73   11.32     469
    9.32    9.70    8.34    1.94    3.12   11.45     469
    9.70   10.16    8.20    1.63    3.34   11.54     469
   10.16   11.54    9.55    1.24    2.25   11.79     469

Int Range: [12,13.5]
  LAlpha  UAlpha     ROE    DExp    DAct    Rate     Num
   -2.81    6.22    5.24    8.13    7.72   12.96     535
    6.22    7.18    4.49    6.15    8.42   12.92     535
    7.18    7.86    8.15    5.34    4.73   12.87     534
    7.86    8.41    7.27    4.70    5.58   12.85     535
    8.41    8.86    9.47    4.16    3.33   12.80     534
    8.86    9.23    7.21    3.73    5.56   12.77     535
    9.23    9.62   10.37    3.37    2.42   12.80     535
    9.62   10.07   10.27    2.94    2.51   12.78     534
   10.07   10.59    9.98    2.46    2.80   12.78     535
   10.59   12.09    9.59    1.78    3.21   12.80     534

Int Range: [13.5,15]
  LAlpha  UAlpha     ROE    DExp    DAct    Rate     Num
   -0.47    5.82    4.34    9.82    9.95   14.29     652
    5.82    7.00    6.72    7.81    7.54   14.26     651
    7.00    7.75    5.61    6.85    8.63   14.24     651
    7.75    8.44    6.20    6.16    8.06   14.26     652
    8.44    9.01    8.98    5.49    5.25   14.22     651
    9.01    9.54    9.65    4.97    4.60   14.25     651
    9.54   10.08    8.81    4.46    5.46   14.28     652
   10.08   10.61   10.21    3.94    4.07   14.28     651
   10.61   11.26   10.51    3.38    3.78   14.29     651
   11.26   13.38   11.64    2.52    2.75   14.39     651

Int Range: [15,17]
  LAlpha  UAlpha     ROE    DExp    DAct    Rate     Num
   -5.73    4.81    4.16   13.35   12.07   16.23     580
    4.81    6.40    7.37   10.47    8.77   16.14     579
    6.40    7.43    6.33    9.04    9.64   15.98     580
    7.43    8.26    9.27    8.11    6.69   15.97     579
    8.26    8.93    9.83    7.28    6.06   15.89     579
    8.93    9.57    8.60    6.56    7.21   15.81     580
    9.57   10.24   10.68    5.95    5.18   15.86     579
   10.24   10.93    9.88    5.23    5.93   15.81     580
   10.93   11.73    9.56    4.53    6.28   15.84     579
   11.73   14.76   12.37    3.34    3.46   15.83     579

Int Range: [17,20]
  LAlpha  UAlpha     ROE    DExp    DAct    Rate     Num
   -6.71    3.14    0.50   17.75   18.12   18.62     559
    3.14    5.07    0.70   14.39   17.85   18.55     558
    5.07    6.43    7.62   12.84   10.97   18.60     558
    6.43    7.54    9.16   11.50    9.30   18.46     558
    7.54    8.46    6.64   10.54   11.90   18.54     558
    8.46    9.36    9.80    9.68    8.81   18.61     559
    9.36   10.27    8.42    8.79   10.18   18.60     558
   10.27   11.22   10.70    7.96    7.99   18.69     558
   11.22   12.40   11.38    6.90    7.28   18.66     558
   12.40   17.01   13.49    5.38    5.35   18.84     558

Int Range: [20,30]
  LAlpha  UAlpha     ROE    DExp    DAct    Rate     Num
  -11.02   -0.27   -4.53   26.03   27.70   23.18     326
   -0.27    2.30   -5.46   21.58   28.13   22.66     326
    2.30    4.19    1.33   19.17   21.14   22.47     326
    4.19    5.79    2.70   17.25   19.56   22.26     326
    5.79    7.18   10.32   15.79   11.93   22.26     326
    7.18    8.44    8.77   14.51   13.51   22.27     326
    8.44    9.69    5.15   13.11   17.03   22.18     326
    9.69   10.85    7.10   11.98   15.15   22.25     326
   10.85   12.51   14.04   10.72    8.31   22.35     326
   12.51   19.40   13.34    8.85    9.48   22.82     326


MinAlpha	ROE	Count
-5	7.73	38064
-4	7.74	38015
-3	7.75	37964
-2	7.79	37871
-1	7.83	37741
0	7.88	37561
1	7.92	37317
2	7.99	36967
3	8.06	36428
4	8.22	35476
5	8.42	33691
6	8.73	30339
7	9.03	25645
8	9.44	20111
9	10.06	14124
10	10.85	8497
11	11.86	4119
12	12.77	1803
13	13.04	735
14	13.95	279
15	17.02	102

Forest Importance
('pub_rec', 0.00021465843561841824)
('delinq_2yrs', 0.00056864901203579658)
('term', 0.0016715358136226821)
('verification_status', 0.00352785617890412)
('mths_since_last_record', 0.0039287842430953956)
('loan_amnt', 0.0040378437851915248)
('even_loan_amnt', 0.0047747294192454267)
('purpose', 0.005177474484372435)
('mths_since_last_major_derog', 0.0065108927977958943)
('home_ownership', 0.013588524149196601)
('inq_last_6mths', 0.013594862422117051)
('open_acc', 0.013657745948205733)
('mths_since_last_delinq', 0.020019216074385254)
('int_pymt', 0.020421310080535639)
('total_acc', 0.020971064317320102)
('revol_bal', 0.025352825755176268)
('installment', 0.026065591764782736)
('emp_length', 0.029800360267746066)
('dti', 0.029964134514442468)
('tok4_capitalization_log_odds', 0.030492969180725193)
('revol_util', 0.031730180922688082)
('clean_title_rank', 0.033819456589360232)
('credit_length', 0.034102916746890789)
('revol_bal-loan', 0.034397754952787227)
('revol_bal_pct_inc', 0.034434809329996444)
('int_pct_inc', 0.037241978162061845)
('annual_inc', 0.037938862526583614)
('pct_med_inc', 0.039390584917925665)
('urate', 0.040761443362522048)
('tok4_clean_title_log_odds', 0.047548143114195217)
('pymt_pct_inc', 0.048795761086374422)
('sub_grade', 0.099863806260399729)
('int_rate', 0.20563327338369974)


Forest Parameters
oob_score: False
n_jobs: 8
verbose: 0
min_density: None
compute_importances: None
max_leaf_nodes: None
bootstrap: True
min_samples_leaf: 150
n_estimators: 400
min_samples_split: 2
random_state: None
criterion: mse
max_features: auto
max_depth: None
