OOS Cutoff = 2015-01-01
Int Range: [0,7]
  LAlpha  UAlpha     ROE    DExp    DAct    Rate     Num
  -19.87    4.60    6.00    2.34    0.48    6.48     526
    4.60    4.96    5.16    1.63    1.26    6.42     525
    4.96    5.17    5.86    1.35    0.55    6.42     526
    5.17    5.33    6.12    1.12    0.25    6.37     525
    5.33    5.47    5.93    1.01    0.48    6.41     525
    5.47    5.61    5.91    0.93    0.56    6.47     526
    5.61    5.75    6.07    0.90    0.50    6.58     525
    5.75    5.91    6.32    0.83    0.34    6.67     526
    5.91    6.11    6.00    0.75    0.76    6.76     525
    6.11    6.74    6.60    0.65    0.34    6.94     525

Int Range: [7,10]
  LAlpha  UAlpha     ROE    DExp    DAct    Rate     Num
    0.74    4.72    5.31    4.36    3.18    8.49    1155
    4.72    5.20    6.19    3.43    2.23    8.42    1155
    5.20    5.57    7.18    2.98    1.19    8.37    1155
    5.57    5.87    6.77    2.65    1.60    8.37    1154
    5.87    6.13    6.54    2.41    1.87    8.41    1155
    6.13    6.37    6.76    2.15    1.64    8.40    1155
    6.37    6.61    6.75    1.97    1.71    8.46    1154
    6.61    6.89    7.42    1.84    1.15    8.58    1155
    6.89    7.29    7.41    1.78    1.44    8.85    1155
    7.29    8.92    8.40    1.67    0.94    9.35    1154

Int Range: [10,12]
  LAlpha  UAlpha     ROE    DExp    DAct    Rate     Num
   -0.19    5.29    6.73    7.15    4.71   11.44     908
    5.29    6.06    7.98    5.62    3.35   11.33     907
    6.06    6.59    7.95    4.99    3.38   11.32     908
    6.59    7.02    8.07    4.43    3.18   11.25     907
    7.02    7.40    7.64    4.07    3.65   11.29     908
    7.40    7.74    8.28    3.66    2.95   11.23     907
    7.74    8.09    8.05    3.36    3.22   11.27     908
    8.09    8.45    8.87    3.00    2.40   11.26     907
    8.45    8.89    8.38    2.66    2.94   11.32     908
    8.89   10.15    8.52    2.13    2.90   11.42     907

Int Range: [12,13.5]
  LAlpha  UAlpha     ROE    DExp    DAct    Rate     Num
   -1.40    4.38    6.81    9.48    5.93   12.74     816
    4.38    5.22    7.95    7.85    4.75   12.69     816
    5.22    5.87    8.79    7.15    3.91   12.70     816
    5.87    6.41    6.89    6.55    5.80   12.69     816
    6.41    6.89    8.34    6.01    4.32   12.66     816
    6.89    7.36    8.09    5.56    4.60   12.69     816
    7.36    7.86    9.07    5.08    3.62   12.69     816
    7.86    8.39    7.61    4.58    5.09   12.70     816
    8.39    9.02    9.14    4.03    3.58   12.71     816
    9.02   11.16    9.79    3.24    3.03   12.82     816

Int Range: [13.5,15]
  LAlpha  UAlpha     ROE    DExp    DAct    Rate     Num
   -1.65    4.27    6.34   11.17    7.88   14.22     851
    4.27    5.30    8.22    9.38    5.99   14.21     850
    5.30    5.98    8.22    8.56    6.00   14.22     850
    5.98    6.57    8.28    7.98    5.98   14.26     851
    6.57    7.16    9.66    7.40    4.60   14.26     850
    7.16    7.76    8.68    6.80    5.57   14.25     850
    7.76    8.35    9.15    6.25    5.15   14.30     851
    8.35    9.06    9.71    5.58    4.58   14.28     850
    9.06    9.91    9.86    4.83    4.44   14.30     850
    9.91   12.66   10.18    3.78    4.24   14.42     850

Int Range: [15,17]
  LAlpha  UAlpha     ROE    DExp    DAct    Rate     Num
   -6.41    1.78    5.60   16.31   10.47   16.07     631
    1.78    3.46    1.99   13.38   14.08   16.07     631
    3.46    4.50    8.39   12.02    7.64   16.03     630
    4.50    5.30    8.44   11.17    7.62   16.06     631
    5.30    6.03    6.69   10.38    9.36   16.05     630
    6.03    6.78    7.38    9.65    8.67   16.04     631
    6.78    7.53    9.75    8.89    6.28   16.03     631
    7.53    8.41    8.56    8.08    7.48   16.04     630
    8.41    9.46   10.82    7.14    5.23   16.05     631
    9.46   12.73    8.16    5.78    7.89   16.06     630

Int Range: [17,20]
  LAlpha  UAlpha     ROE    DExp    DAct    Rate     Num
  -11.14   -0.85    3.83   22.16   15.04   18.87     686
   -0.85    1.47    3.55   18.22   15.07   18.62     686
    1.47    3.14    3.48   16.05   14.94   18.43     686
    3.14    4.23    4.20   14.62   14.14   18.34     685
    4.23    5.17    7.94   13.49   10.26   18.20     686
    5.17    6.11    6.81   12.53   11.36   18.17     686
    6.11    7.08    4.96   11.58   13.22   18.18     685
    7.08    8.09    7.28   10.60   10.87   18.15     686
    8.09    9.40    9.43    9.38    8.67   18.10     686
    9.40   13.53    9.37    7.62    8.84   18.21     685

Int Range: [20,30]
  LAlpha  UAlpha     ROE    DExp    DAct    Rate     Num
  -11.75   -5.43   -6.03   30.87   29.65   23.62     311
   -5.43   -3.45   -0.07   27.49   23.17   23.11     311
   -3.45   -1.86    3.97   25.91   19.37   23.34     311
   -1.86   -0.56    4.48   24.55   18.85   23.33     311
   -0.56    0.80    1.40   23.01   21.71   23.11     311
    0.80    2.14    4.06   21.53   18.90   22.95     311
    2.14    3.68    6.30   20.13   16.74   23.04     311
    3.68    5.35    2.15   18.45   20.79   22.93     311
    5.35    7.89   10.52   16.11   12.19   22.71     311
    7.89   16.40    8.30   12.84   14.66   22.96     310


MinAlpha	ROE	Count
-5	7.35	58309
-4	7.37	58066
-3	7.40	57776
-2	7.42	57365
-1	7.46	56839
0	7.49	56212
1	7.51	55465
2	7.61	54442
3	7.70	52965
4	7.78	50434
5	7.94	44494
6	8.29	32469
7	8.72	20684
8	9.11	11697
9	9.36	5335
10	9.79	1881
11	11.33	593
12	11.83	135
13	10.87	36
14	12.40	14
15	-29.41	3

Forest Importance
('avg_urate', 0.012413748700354159)
('urate', 0.013291914932658144)
('clean_title_rank', 0.016926768759424983)
('urate_chg', 0.01708128194521439)
('urate_range', 0.01846814953465116)
('revol_util', 0.019051821317199055)
('revol_bal-loan', 0.019285601226445633)
('revol_bal_pct_inc', 0.020105371891210623)
('hpa4', 0.024432834626116486)
('int_pct_inc', 0.025029508956618606)
('caploC', 0.031225843612755041)
('credit_length', 0.034170442770095427)
('dti', 0.035173333043117434)
('pct_med_inc', 0.035258556950032341)
('pymt_pct_inc', 0.050742506178835009)
('ctloC', 0.060244719007541893)
('sub_grade', 0.56709759654772962)


Forest Parameters
oob_score: False
n_jobs: 8
verbose: 0
min_density: None
compute_importances: None
max_leaf_nodes: None
bootstrap: True
min_samples_leaf: 500
n_estimators: 200
min_samples_split: 2
random_state: None
criterion: mse
max_features: auto
max_depth: None
