OOS Cutoff = 2014-04-01 00:00:00
Int Range: [0,7]
  LAlpha  UAlpha     ROE    DExp    DAct    Rate     Num
    1.09    3.91    3.61    2.97    2.61    6.22     200
    3.91    4.41    6.11    2.04    0.13    6.24     199
    4.41    4.68    5.68    1.69    0.56    6.24     200
    4.68    4.91    6.08    1.41    0.13    6.21     199
    4.91    5.11    6.23    1.22    0.00    6.23     199
    5.11    5.30    6.25    1.04    0.00    6.25     200
    5.30    5.47    6.12    0.87    0.13    6.26     199
    5.47    5.64    5.31    0.71    0.95    6.26     200
    5.64    5.86    5.99    0.68    0.43    6.42     199
    5.86    6.45    5.95    0.50    0.60    6.55     199

Int Range: [7,10]
  LAlpha  UAlpha     ROE    DExp    DAct    Rate     Num
    1.18    5.27    5.76    3.47    2.31    8.07     791
    5.27    5.85    6.72    2.49    1.36    8.08     790
    5.85    6.24    6.66    2.13    1.53    8.18     791
    6.24    6.54    6.69    1.75    1.45    8.14     790
    6.54    6.80    6.19    1.60    2.09    8.27     790
    6.80    7.06    7.40    1.46    0.99    8.39     791
    7.06    7.33    7.32    1.31    1.17    8.49     790
    7.33    7.69    7.21    1.29    1.59    8.79     791
    7.69    8.10    8.29    1.20    0.79    9.08     790
    8.10    9.39    8.43    0.91    0.90    9.33     790

Int Range: [10,12]
  LAlpha  UAlpha     ROE    DExp    DAct    Rate     Num
    0.63    6.78    8.53    5.04    2.33   10.86     743
    6.78    7.51    7.83    3.75    3.11   10.93     743
    7.51    7.96    7.99    3.22    2.98   10.96     743
    7.96    8.34    8.21    2.85    2.79   11.00     743
    8.34    8.68    9.44    2.54    1.62   11.06     742
    8.68    9.00    9.37    2.31    1.78   11.15     743
    9.00    9.30    8.57    2.03    2.60   11.17     743
    9.30    9.66    8.98    1.91    2.40   11.38     743
    9.66   10.09    8.86    1.66    2.67   11.53     743
   10.09   11.61    9.74    1.26    2.00   11.74     742

Int Range: [12,13.5]
  LAlpha  UAlpha     ROE    DExp    DAct    Rate     Num
   -2.29    6.25    7.92    8.15    5.12   13.04     824
    6.25    7.27    8.36    6.15    4.59   12.95     823
    7.27    7.94    8.23    5.31    4.70   12.93     823
    7.94    8.47    8.15    4.68    4.74   12.89     823
    8.47    8.90    9.92    4.17    2.93   12.85     823
    8.90    9.28    9.74    3.74    3.10   12.84     824
    9.28    9.66   10.07    3.36    2.75   12.82     823
    9.66   10.06   10.65    2.96    2.16   12.81     823
   10.06   10.53   10.89    2.54    1.93   12.82     823
   10.53   12.15   10.60    1.90    2.26   12.86     823

Int Range: [13.5,15]
  LAlpha  UAlpha     ROE    DExp    DAct    Rate     Num
   -1.22    5.94    7.06    9.81    7.30   14.36     938
    5.94    7.07    8.43    7.76    5.88   14.31     938
    7.07    7.85    8.95    6.79    5.33   14.28     938
    7.85    8.50    8.94    6.14    5.39   14.32     938
    8.50    9.09    8.16    5.50    6.14   14.30     938
    9.09    9.59   10.46    4.98    3.86   14.33     938
    9.59   10.06   10.69    4.50    3.64   14.32     938
   10.06   10.58   10.65    4.01    3.67   14.32     938
   10.58   11.22   11.97    3.46    2.38   14.35     938
   11.22   13.76   11.69    2.63    2.78   14.47     938

Int Range: [15,17]
  LAlpha  UAlpha     ROE    DExp    DAct    Rate     Num
   -6.96    4.93    7.47   13.15    8.81   16.28     812
    4.93    6.50    7.15   10.35    9.00   16.15     812
    6.50    7.50   10.97    9.09    5.15   16.13     812
    7.50    8.32   10.46    8.11    5.58   16.04     811
    8.32    9.02    9.13    7.31    6.87   16.00     812
    9.02    9.66    9.40    6.60    6.55   15.95     812
    9.66   10.27   11.06    5.91    4.82   15.89     811
   10.27   10.96   11.68    5.29    4.23   15.91     812
   10.96   11.77    9.82    4.55    6.07   15.89     812
   11.77   14.95   12.09    3.46    3.83   15.92     811

Int Range: [17,20]
  LAlpha  UAlpha     ROE    DExp    DAct    Rate     Num
   -7.07    3.37    4.46   17.49   14.07   18.53     769
    3.37    5.19    6.86   14.14   11.64   18.50     769
    5.19    6.42    7.41   12.64   11.06   18.47     769
    6.42    7.52   10.91   11.57    7.65   18.56     768
    7.52    8.48   11.30   10.52    7.23   18.54     769
    8.48    9.31    9.03    9.62    9.47   18.50     769
    9.31   10.17   10.69    8.81    7.86   18.55     768
   10.17   11.09   10.50    7.98    8.11   18.60     769
   11.09   12.18   12.90    7.10    5.79   18.69     769
   12.18   16.52   13.51    5.57    5.26   18.77     768

Int Range: [20,30]
  LAlpha  UAlpha     ROE    DExp    DAct    Rate     Num
  -12.03    0.59    1.22   25.57   22.12   23.34     457
    0.59    3.40    3.69   20.71   19.11   22.80     456
    3.40    5.18    1.40   18.22   21.18   22.58     457
    5.18    6.53    7.89   16.50   14.48   22.37     456
    6.53    7.69    9.11   15.19   13.18   22.30     457
    7.69    8.82   10.78   13.88   11.36   22.14     456
    8.82    9.83   11.34   12.88   10.85   22.19     457
    9.83   11.04    9.22   11.78   12.98   22.20     456
   11.04   12.69   11.05   10.43   11.17   22.22     457
   12.69   19.16   14.40    8.58    8.30   22.71     456


MinAlpha	ROE	Count
-5	8.96	55233
-4	8.96	55191
-3	8.97	55141
-2	8.97	55042
-1	8.97	54899
0	9.01	54676
1	9.04	54371
2	9.07	53937
3	9.12	53241
4	9.17	51999
5	9.37	49360
6	9.59	44629
7	9.93	37982
8	10.30	29751
9	10.74	20963
10	11.27	12147
11	12.00	5714
12	13.50	2420
13	13.64	915
14	13.59	359
15	14.46	129

Forest Importance
('pub_rec', 0.00024183924206082067)
('delinq_2yrs', 0.0016498326567257111)
('term', 0.0018258684392868821)
('verification_status', 0.0028014929846806491)
('mths_since_last_record', 0.0034152410413375149)
('even_loan_amnt', 0.0037247075140541342)
('loan_amnt', 0.0037623832821955332)
('purpose', 0.00435807387325281)
('mod_rate', 0.0068764788411543034)
('home_ownership', 0.010109455307470634)
('inq_last_6mths', 0.011626739007535074)
('open_acc', 0.01217410952962672)
('fico_range_low', 0.015359200716209836)
('mths_since_last_delinq', 0.017887690771009612)
('int_pymt', 0.018239667333545827)
('total_acc', 0.018548117123038794)
('clean_title_rank', 0.019724439403887385)
('emp_title_rank', 0.019903145250152594)
('installment', 0.02110359837606364)
('revol_bal', 0.022453561643809433)
('emp_length', 0.024646085550895567)
('short_title_rank', 0.02507580245903409)
('urate', 0.025207303572508794)
('tok4_capitalization_log_odds', 0.02526071734718785)
('zip_code', 0.02546081793222936)
('dti', 0.025484421973822228)
('revol_util', 0.02748341060906543)
('tok4_clean_title_log_odds', 0.027671030949611555)
('avg_urate', 0.02816864134587551)
('credit_length', 0.029755165848787742)
('med_inc', 0.030166128653577918)
('revol_bal_pct_inc', 0.031354571648916883)
('urate_chg', 0.031694062689529318)
('pct_med_inc', 0.032032488161165634)
('revol_bal-loan', 0.033159731808234845)
('annual_inc', 0.03363377789081648)
('hpa4', 0.037208488026980707)
('pymt_pct_inc', 0.047808012801061894)
('sub_grade', 0.055820298949827034)
('int_rate', 0.18712339944377337)


Forest Parameters
oob_score: False
n_jobs: 8
verbose: 0
min_density: None
compute_importances: None
max_leaf_nodes: None
bootstrap: True
min_samples_leaf: 100
n_estimators: 400
min_samples_split: 2
random_state: None
criterion: mse
max_features: auto
max_depth: None
