OOS Cutoff = 2014-03-01 00:00:00
Int Range: [0,7]
  LAlpha  UAlpha     ROE    DExp    DAct    Rate     Num
   -0.31    3.61    5.16    3.44    1.21    6.37      94
    3.61    4.23    6.27    2.30    0.00    6.27      94
    4.23    4.61    6.34    1.93    0.00    6.34      94
    4.61    4.90    6.30    1.54    0.00    6.30      93
    4.90    5.09    6.36    1.37    0.00    6.36      94
    5.09    5.28    6.30    1.12    0.00    6.30      94
    5.28    5.47    6.09    0.99    0.28    6.37      93
    5.47    5.64    4.35    0.92    2.12    6.47      94
    5.64    5.91    6.51    0.75    0.00    6.51      94
    5.91    6.52    6.61    0.51    0.00    6.61      93

Int Range: [7,10]
  LAlpha  UAlpha     ROE    DExp    DAct    Rate     Num
    1.22    5.22    6.36    3.96    2.02    8.38     547
    5.22    5.80    7.48    2.79    0.85    8.33     546
    5.80    6.20    6.72    2.39    1.68    8.40     546
    6.20    6.52    7.47    2.05    0.95    8.42     547
    6.52    6.78    7.57    1.75    0.83    8.40     546
    6.78    7.03    7.30    1.61    1.21    8.51     546
    7.03    7.30    8.07    1.55    0.64    8.72     547
    7.30    7.66    7.85    1.51    1.14    8.99     546
    7.66    8.11    7.58    1.40    1.69    9.27     546
    8.11    9.43    7.75    0.95    1.68    9.43     546

Int Range: [10,12]
  LAlpha  UAlpha     ROE    DExp    DAct    Rate     Num
    2.23    6.88    9.42    5.37    1.90   11.31     374
    6.88    7.62   10.07    4.09    1.29   11.36     374
    7.62    8.10    8.95    3.51    2.44   11.39     374
    8.10    8.47    9.36    3.11    2.05   11.41     374
    8.47    8.80   10.12    2.83    1.34   11.47     374
    8.80    9.12    9.74    2.53    1.74   11.48     374
    9.12    9.46    9.46    2.25    2.08   11.54     374
    9.46    9.79   10.01    2.05    1.66   11.67     374
    9.79   10.25   10.00    1.76    1.75   11.75     374
   10.25   11.81    9.71    1.27    2.23   11.93     374

Int Range: [12,13.5]
  LAlpha  UAlpha     ROE    DExp    DAct    Rate     Num
    2.96    7.39    9.49    6.26    3.27   12.75     436
    7.39    8.13    8.82    4.96    3.94   12.76     436
    8.13    8.61    9.37    4.36    3.38   12.75     436
    8.61    9.01    8.96    3.92    3.78   12.74     436
    9.01    9.35    9.96    3.56    2.78   12.74     436
    9.35    9.70   10.05    3.22    2.70   12.75     436
    9.70   10.05   10.91    2.88    1.86   12.76     436
   10.05   10.47   10.98    2.48    1.75   12.74     436
   10.47   10.93    9.25    2.09    3.52   12.77     436
   10.93   12.48   11.54    1.48    1.29   12.83     436

Int Range: [13.5,15]
  LAlpha  UAlpha     ROE    DExp    DAct    Rate     Num
   -1.24    6.52    9.45    8.88    4.83   14.28     628
    6.52    7.52    7.67    7.16    6.55   14.22     627
    7.52    8.23   11.30    6.26    2.84   14.15     628
    8.23    8.81   10.54    5.62    3.61   14.15     627
    8.81    9.32    8.10    5.07    6.04   14.14     628
    9.32    9.78   10.20    4.56    3.91   14.11     627
    9.78   10.28    9.75    4.12    4.39   14.14     628
   10.28   10.77   10.06    3.63    4.08   14.14     627
   10.77   11.38   11.24    3.07    2.88   14.13     628
   11.38   13.41   11.64    2.29    2.59   14.22     627

Int Range: [15,17]
  LAlpha  UAlpha     ROE    DExp    DAct    Rate     Num
   -2.26    5.76    7.07   11.72    8.91   15.98     581
    5.76    7.19    8.52    9.27    7.32   15.84     581
    7.19    8.12   10.51    8.12    5.28   15.79     581
    8.12    8.83   10.51    7.28    5.26   15.77     581
    8.83    9.45   10.82    6.60    4.94   15.76     581
    9.45   10.04    9.81    6.01    5.95   15.76     581
   10.04   10.66   12.66    5.37    3.07   15.72     581
   10.66   11.30   12.50    4.76    3.23   15.73     581
   11.30   12.07   12.41    4.11    3.36   15.77     581
   12.07   15.25   12.44    3.07    3.37   15.81     580

Int Range: [17,20]
  LAlpha  UAlpha     ROE    DExp    DAct    Rate     Num
   -8.41    3.48    4.90   17.54   14.01   18.92     568
    3.48    5.37   10.30   14.19    8.43   18.73     567
    5.37    6.62    9.17   12.64    9.50   18.67     568
    6.62    7.67   12.14   11.47    6.50   18.64     567
    7.67    8.63   11.23   10.46    7.39   18.62     567
    8.63    9.48   10.39    9.52    8.20   18.59     568
    9.48   10.33   14.70    8.60    3.82   18.52     567
   10.33   11.21   11.21    7.84    7.40   18.62     568
   11.21   12.43   13.90    6.85    4.74   18.64     567
   12.43   16.72   14.20    5.42    4.60   18.80     567

Int Range: [20,30]
  LAlpha  UAlpha     ROE    DExp    DAct    Rate     Num
  -10.90   -0.05    1.66   25.73   21.32   22.97     330
   -0.05    2.66    7.29   21.29   15.41   22.70     329
    2.66    4.48    9.83   18.91   12.67   22.50     330
    4.48    6.00    9.14   17.10   13.24   22.38     329
    6.00    7.33   10.06   15.73   12.34   22.40     329
    7.33    8.52   13.01   14.33    9.26   22.27     330
    8.52    9.71    8.68   13.14   13.56   22.25     329
    9.71   10.88   12.33   12.07   10.03   22.36     330
   10.88   12.49    9.50   10.69   12.83   22.33     329
   12.49   19.28   14.35    8.48    8.06   22.41     329


MinAlpha	ROE	Count
-5	9.74	35511
-4	9.75	35473
-3	9.76	35410
-2	9.79	35329
-1	9.81	35236
0	9.83	35106
1	9.88	34912
2	9.92	34621
3	9.93	34196
4	9.98	33452
5	10.04	32009
6	10.26	29338
7	10.57	25280
8	10.80	20418
9	11.23	14966
10	11.79	9346
11	12.32	4763
12	13.20	2053
13	13.65	761
14	13.74	278
15	15.83	79

Forest Importance
('pub_rec', 0.00032313520137974399)
('delinq_2yrs', 0.0013200244666521299)
('term', 0.0021258968539061966)
('mths_since_last_record', 0.002353766410276049)
('is_inc_v', 0.0029316639756628783)
('purpose', 0.0033588171268011148)
('loan_amnt', 0.003900418017387199)
('home_ownership', 0.0048320772509046032)
('mod_rate', 0.0055041896933780299)
('even_loan_amnt', 0.0056425446791808732)
('inq_last_6mths', 0.0096358642490936113)
('open_acc', 0.012775214224800704)
('mths_since_last_delinq', 0.013869689666826208)
('fico_range_low', 0.013905839879461375)
('total_acc', 0.0152162188186027)
('installment', 0.019325531120451201)
('clean_title_rank', 0.019379839555762873)
('int_pymt', 0.019503369746136964)
('emp_title_rank', 0.020226930199605114)
('revol_bal', 0.022746884653666703)
('zip_code', 0.022767180842485919)
('revol_util', 0.023822101477672736)
('revol_bal_pct_inc', 0.02429690595703923)
('urate', 0.024686605509962295)
('dti', 0.024697028851955807)
('avg_urate', 0.025006637442473077)
('short_title_rank', 0.025356057385791841)
('credit_length', 0.026617988020590726)
('pct_med_inc', 0.029449749039104037)
('annual_inc', 0.02998492615515953)
('urate_chg', 0.030519591728736674)
('hpa4', 0.031715102360668282)
('revol_bal-loan', 0.032800489282652501)
('emp_length', 0.034333004241449278)
('tok4_clean_title_log_odds', 0.03447585918013283)
('med_inc', 0.035489553535871778)
('tok4_capitalization_log_odds', 0.03607491714290733)
('pymt_pct_inc', 0.048498956945177689)
('sub_grade', 0.10381907573916145)
('int_rate', 0.15671035337107073)


Forest Parameters
oob_score: False
n_jobs: 8
verbose: 0
min_density: None
compute_importances: None
max_leaf_nodes: None
bootstrap: True
min_samples_leaf: 100
n_estimators: 400
min_samples_split: 2
random_state: None
criterion: mse
max_features: auto
max_depth: None
