OOS Cutoff = 2014-10-01 00:00:00
Int Range: [0,7]
  LAlpha  UAlpha     ROE    DExp    DAct    Rate     Num
   -9.25    4.52    4.77    2.41    1.48    6.25     393
    4.52    4.95    5.29    1.59    1.05    6.34     392
    4.95    5.23    5.70    1.21    0.59    6.29     393
    5.23    5.42    5.69    0.93    0.58    6.27     392
    5.42    5.57    5.24    0.74    0.99    6.24     393
    5.57    5.70    5.42    0.64    0.85    6.27     392
    5.70    5.83    5.41    0.52    0.88    6.29     393
    5.83    5.99    5.56    0.51    0.85    6.41     392
    5.99    6.21    4.88    0.49    1.70    6.58     393
    6.21    6.94    6.29    0.37    0.49    6.78     392

Int Range: [7,10]
  LAlpha  UAlpha     ROE    DExp    DAct    Rate     Num
   -0.59    4.62    6.37    4.35    1.87    8.24    1106
    4.62    5.24    5.74    3.23    2.45    8.19    1106
    5.24    5.63    5.46    2.69    2.68    8.13    1106
    5.63    5.95    6.61    2.34    1.52    8.14    1106
    5.95    6.22    6.65    2.00    1.44    8.09    1106
    6.22    6.46    6.99    1.74    1.09    8.08    1106
    6.46    6.70    6.98    1.43    1.04    8.02    1106
    6.70    6.96    7.46    1.42    0.78    8.24    1106
    6.96    7.41    7.25    1.46    1.38    8.63    1106
    7.41    8.86    7.81    1.27    1.30    9.10    1105

Int Range: [10,12]
  LAlpha  UAlpha     ROE    DExp    DAct    Rate     Num
   -0.50    5.46    7.62    6.63    3.45   11.07    1021
    5.46    6.30    8.08    5.08    2.93   11.02    1020
    6.30    6.89    7.61    4.40    3.39   11.00    1020
    6.89    7.32    8.01    3.91    3.00   11.01    1020
    7.32    7.73    8.75    3.55    2.33   11.08    1020
    7.73    8.10    8.06    3.15    3.01   11.07    1021
    8.10    8.48    8.21    2.82    2.90   11.11    1020
    8.48    8.87    8.76    2.42    2.33   11.09    1020
    8.87    9.35    9.10    2.10    2.11   11.20    1020
    9.35   11.12    9.70    1.66    1.77   11.47    1020

Int Range: [12,13.5]
  LAlpha  UAlpha     ROE    DExp    DAct    Rate     Num
   -3.68    4.88    6.61    9.27    6.27   12.89    1024
    4.88    5.86    7.25    7.49    5.64   12.89    1024
    5.86    6.55    7.83    6.63    5.02   12.85    1024
    6.55    7.15    7.23    6.00    5.64   12.86    1023
    7.15    7.69    9.24    5.45    3.63   12.87    1024
    7.69    8.18    8.02    4.94    4.86   12.88    1024
    8.18    8.64    8.95    4.46    3.92   12.87    1023
    8.64    9.17    9.34    3.99    3.55   12.89    1024
    9.17    9.84   10.36    3.43    2.55   12.91    1024
    9.84   12.26   10.54    2.56    2.43   12.97    1023

Int Range: [13.5,15]
  LAlpha  UAlpha     ROE    DExp    DAct    Rate     Num
   -4.28    4.54    5.91   11.23    8.48   14.40    1033
    4.54    5.72    6.21    9.20    8.16   14.38    1033
    5.72    6.61    7.88    8.20    6.49   14.37    1033
    6.61    7.26    6.19    7.43    8.19   14.38    1033
    7.26    7.89    6.97    6.82    7.42   14.39    1033
    7.89    8.50    8.13    6.18    6.25   14.38    1033
    8.50    9.12    8.33    5.59    6.06   14.39    1033
    9.12    9.79    7.88    4.93    6.49   14.37    1033
    9.79   10.60    9.39    4.24    5.00   14.40    1033
   10.60   13.44   10.76    3.21    3.74   14.50    1032

Int Range: [15,17]
  LAlpha  UAlpha     ROE    DExp    DAct    Rate     Num
  -12.31    3.14    4.79   15.15   11.48   16.27     727
    3.14    4.74    5.58   12.11   10.57   16.15     726
    4.74    5.79    6.79   10.85    9.34   16.13     726
    5.79    6.63    5.21    9.87   10.90   16.10     726
    6.63    7.41    8.57    9.09    7.54   16.12     726
    7.41    8.11    7.18    8.35    8.93   16.12     726
    8.11    8.83    9.81    7.64    6.31   16.12     726
    8.83    9.63    8.00    6.90    8.11   16.12     726
    9.63   10.64   10.05    6.00    6.07   16.13     726
   10.64   13.58   10.59    4.72    5.57   16.15     726

Int Range: [17,20]
  LAlpha  UAlpha     ROE    DExp    DAct    Rate     Num
  -11.54    0.50    0.62   20.96   18.21   18.83     669
    0.50    2.72    4.21   16.77   14.27   18.49     668
    2.72    4.35    5.94   14.84   12.46   18.40     668
    4.35    5.56    5.56   13.42   12.84   18.40     668
    5.56    6.60    8.25   12.26   10.10   18.35     668
    6.60    7.53    5.88   11.28   12.47   18.35     669
    7.53    8.46    5.86   10.26   12.40   18.26     668
    8.46    9.44    8.38    9.35    9.92   18.30     668
    9.44   10.57    8.56    8.30    9.73   18.29     668
   10.57   15.20    9.48    6.68    8.87   18.35     668

Int Range: [20,30]
  LAlpha  UAlpha     ROE    DExp    DAct    Rate     Num
  -13.73   -5.19   -5.32   30.85   28.54   23.21     406
   -5.19   -2.60    4.09   26.82   18.90   22.99     405
   -2.60   -0.61    2.23   24.31   20.53   22.75     405
   -0.61    1.21    0.71   22.42   22.02   22.73     406
    1.21    2.96    2.64   20.52   19.99   22.64     405
    2.96    4.51    6.79   18.93   15.89   22.68     405
    4.51    6.12    3.62   17.04   18.73   22.36     406
    6.12    7.80    5.82   15.41   16.51   22.33     405
    7.80    9.61    3.49   13.58   18.80   22.29     405
    9.61   17.71    8.72   10.91   13.70   22.42     405


MinAlpha	ROE	Count
-5	7.32	63233
-4	7.33	63037
-3	7.34	62789
-2	7.36	62470
-1	7.39	62096
0	7.45	61628
1	7.52	60990
2	7.56	60126
3	7.61	58796
4	7.65	56430
5	7.80	51525
6	8.11	41692
7	8.57	30119
8	9.01	20297
9	9.55	11618
10	10.24	5348
11	11.19	1954
12	10.84	578
13	12.09	141
14	10.73	51
15	19.26	19

Forest Importance
('pub_rec', 0.00016499454627361284)
('delinq_2yrs', 0.0007572947466707872)
('term', 0.0022294047323830812)
('verification_status', 0.0043368244182285468)
('even_loan_amnt', 0.004975856446295588)
('purpose', 0.0050221928907939724)
('mths_since_last_record', 0.0055601459833174161)
('mths_since_last_major_derog', 0.0060422245102015985)
('loan_amnt', 0.01113702562305003)
('open_acc', 0.013556986202783696)
('inq_last_6mths', 0.014461538415962665)
('home_ownership', 0.016282985399673836)
('mths_since_last_delinq', 0.018806230752846806)
('int_pymt', 0.019319194001839644)
('installment', 0.022321657783143819)
('total_acc', 0.022726394908048259)
('emp_length', 0.025237080124001002)
('revol_bal', 0.025651697711977079)
('dti', 0.029428931822338588)
('annual_inc', 0.030047166641425541)
('revol_util', 0.030190542684763951)
('revol_bal_pct_inc', 0.030767736645334286)
('tok4_capitalization_log_odds', 0.030860946527001099)
('revol_bal-loan', 0.034261352888532812)
('pct_med_inc', 0.034329592391723)
('int_pct_inc', 0.037015849354613793)
('urate', 0.038538389110249295)
('pymt_pct_inc', 0.046970357817758338)
('credit_length', 0.054438564579067081)
('tok4_clean_title_log_odds', 0.058779004073059096)
('int_rate', 0.13285381825152251)
('sub_grade', 0.19292801801511913)


Forest Parameters
oob_score: False
n_jobs: 8
verbose: 0
min_density: None
compute_importances: None
max_leaf_nodes: None
bootstrap: True
min_samples_leaf: 150
n_estimators: 400
min_samples_split: 2
random_state: None
criterion: mse
max_features: auto
max_depth: None
