OOS Cutoff = 2014-10-01 00:00:00
Int Range: [0,7]
  LAlpha  UAlpha     ROE    DExp    DAct    Rate     Num
   -9.15    4.48    4.57    2.43    1.68    6.25     393
    4.48    4.90    5.29    1.62    1.05    6.34     392
    4.90    5.18    5.81    1.25    0.49    6.30     393
    5.18    5.39    5.58    1.00    0.71    6.28     392
    5.39    5.56    5.48    0.80    0.79    6.27     393
    5.56    5.70    5.48    0.64    0.78    6.26     392
    5.70    5.83    4.95    0.52    1.34    6.29     393
    5.83    6.00    5.73    0.47    0.65    6.38     392
    6.00    6.23    5.15    0.47    1.43    6.58     393
    6.23    6.95    6.21    0.34    0.56    6.77     392

Int Range: [7,10]
  LAlpha  UAlpha     ROE    DExp    DAct    Rate     Num
   -0.82    4.65    6.24    4.30    1.98    8.22    1106
    4.65    5.24    6.31    3.18    1.84    8.15    1106
    5.24    5.64    5.81    2.71    2.35    8.15    1106
    5.64    5.96    5.49    2.31    2.63    8.12    1106
    5.96    6.22    7.33    2.00    0.77    8.09    1106
    6.22    6.47    6.65    1.75    1.45    8.09    1106
    6.47    6.71    7.28    1.52    0.83    8.11    1106
    6.71    6.97    6.85    1.35    1.33    8.18    1106
    6.97    7.41    7.65    1.47    0.99    8.64    1106
    7.41    8.88    7.78    1.29    1.32    9.10    1105

Int Range: [10,12]
  LAlpha  UAlpha     ROE    DExp    DAct    Rate     Num
   -0.96    5.50    7.63    6.60    3.44   11.07    1021
    5.50    6.34    8.11    5.06    2.90   11.01    1020
    6.34    6.89    7.44    4.37    3.56   11.00    1020
    6.89    7.34    8.03    3.92    3.02   11.05    1020
    7.34    7.74    8.08    3.52    2.98   11.06    1020
    7.74    8.11    8.47    3.14    2.60   11.07    1021
    8.11    8.48    8.86    2.79    2.22   11.08    1020
    8.48    8.88    8.55    2.42    2.55   11.09    1020
    8.88    9.37    9.03    2.10    2.18   11.21    1020
    9.37   11.24    9.71    1.66    1.77   11.48    1020

Int Range: [12,13.5]
  LAlpha  UAlpha     ROE    DExp    DAct    Rate     Num
   -3.15    4.87    6.55    9.35    6.35   12.91    1024
    4.87    5.85    7.61    7.49    5.27   12.88    1024
    5.85    6.57    6.57    6.63    6.29   12.86    1024
    6.57    7.15    8.26    5.99    4.60   12.86    1023
    7.15    7.68    8.07    5.45    4.80   12.87    1024
    7.68    8.18    9.26    4.94    3.61   12.87    1024
    8.18    8.65    9.11    4.45    3.76   12.87    1023
    8.65    9.17    9.52    4.00    3.38   12.90    1024
    9.17    9.83    9.55    3.42    3.35   12.89    1024
    9.83   12.05   10.87    2.58    2.10   12.98    1023

Int Range: [13.5,15]
  LAlpha  UAlpha     ROE    DExp    DAct    Rate     Num
   -4.40    4.50    5.59   11.29    8.80   14.39    1033
    4.50    5.71    6.88    9.21    7.49   14.37    1033
    5.71    6.56    6.80    8.24    7.59   14.40    1033
    6.56    7.26    6.65    7.44    7.70   14.36    1033
    7.26    7.90    6.83    6.80    7.55   14.38    1033
    7.90    8.50    9.29    6.17    5.09   14.38    1033
    8.50    9.09    8.48    5.62    5.93   14.41    1033
    9.09    9.76    7.40    4.97    7.00   14.40    1033
    9.76   10.61    8.87    4.23    5.52   14.39    1033
   10.61   13.52   10.87    3.21    3.63   14.50    1032

Int Range: [15,17]
  LAlpha  UAlpha     ROE    DExp    DAct    Rate     Num
  -12.27    3.00    5.14   15.34   11.14   16.28     727
    3.00    4.58    5.48   12.25   10.65   16.13     726
    4.58    5.69    6.05   10.96   10.08   16.12     726
    5.69    6.58    7.58    9.96    8.55   16.13     726
    6.58    7.36    5.88    9.17   10.24   16.12     726
    7.36    8.06    8.91    8.41    7.20   16.11     726
    8.06    8.77    8.04    7.73    8.11   16.15     726
    8.77    9.56    9.05    6.96    7.05   16.10     726
    9.56   10.59    9.37    6.01    6.72   16.08     726
   10.59   13.56   11.09    4.78    5.09   16.17     726

Int Range: [17,20]
  LAlpha  UAlpha     ROE    DExp    DAct    Rate     Num
  -13.75    0.39    0.38   21.07   18.45   18.83     669
    0.39    2.71    3.63   16.87   14.87   18.51     668
    2.71    4.21    5.66   14.95   12.78   18.43     668
    4.21    5.54    5.73   13.47   12.65   18.37     668
    5.54    6.55    8.86   12.27    9.48   18.34     668
    6.55    7.55    6.63   11.27   11.70   18.32     669
    7.55    8.44    5.23   10.32   13.09   18.32     668
    8.44    9.45    8.28    9.36   10.00   18.28     668
    9.45   10.64    9.63    8.25    8.64   18.28     668
   10.64   15.69    8.73    6.66    9.61   18.34     668

Int Range: [20,30]
  LAlpha  UAlpha     ROE    DExp    DAct    Rate     Num
  -15.18   -5.30   -0.71   30.96   23.86   23.15     406
   -5.30   -2.64    0.10   26.76   22.80   22.90     405
   -2.64   -0.61   -0.60   24.40   23.40   22.80     405
   -0.61    1.27    2.44   22.29   20.21   22.65     406
    1.27    2.95    3.66   20.69   19.12   22.78     405
    2.95    4.47    3.77   18.89   18.83   22.61     405
    4.47    5.98    7.21   17.14   15.17   22.38     406
    5.98    7.64    3.81   15.57   18.56   22.37     405
    7.64    9.67    4.03   13.71   18.35   22.38     405
    9.67   17.52    9.05   10.92   13.33   22.38     405


MinAlpha	ROE	Count
-5	7.29	63218
-4	7.31	63030
-3	7.35	62787
-2	7.38	62442
-1	7.40	62084
0	7.46	61594
1	7.51	60939
2	7.55	60046
3	7.59	58698
4	7.67	56220
5	7.81	51375
6	8.13	41663
7	8.56	30007
8	9.08	20207
9	9.48	11474
10	10.40	5337
11	10.93	1995
12	10.74	568
13	11.30	138
14	10.86	43
15	19.16	18

Forest Importance
('pub_rec', 0.0001932380048208059)
('delinq_2yrs', 0.00055558829132595444)
('term', 0.0022085302445331041)
('verification_status', 0.0037714121900670307)
('even_loan_amnt', 0.0042941574706428743)
('purpose', 0.00471840188701217)
('mths_since_last_record', 0.0055955860482432441)
('mths_since_last_major_derog', 0.0060173726854105799)
('loan_amnt', 0.010273175573102729)
('open_acc', 0.012957979088851932)
('inq_last_6mths', 0.014020133193866547)
('home_ownership', 0.015683500781182046)
('int_pymt', 0.017351596795551847)
('mths_since_last_delinq', 0.017725276475916808)
('total_acc', 0.02147312330722961)
('installment', 0.021745369171860308)
('revol_bal', 0.024113598458361661)
('emp_length', 0.024600904562171583)
('annual_inc', 0.027812586017589701)
('revol_util', 0.028490511995676732)
('dti', 0.028841493113671245)
('revol_bal_pct_inc', 0.029374322740023971)
('tok4_capitalization_log_odds', 0.030506249173002598)
('revol_bal-loan', 0.032009611279071801)
('pct_med_inc', 0.032701101527257907)
('urate', 0.034873191175237864)
('urate_range', 0.034955797011992071)
('int_pct_inc', 0.035699506415524801)
('pymt_pct_inc', 0.044680864206122675)
('credit_length', 0.053849581099907763)
('tok4_clean_title_log_odds', 0.05728237346073399)
('int_rate', 0.12466828994505361)
('sub_grade', 0.19695557660898239)


Forest Parameters
oob_score: False
n_jobs: 8
verbose: 0
min_density: None
compute_importances: None
max_leaf_nodes: None
bootstrap: True
min_samples_leaf: 150
n_estimators: 400
min_samples_split: 2
random_state: None
criterion: mse
max_features: auto
max_depth: None
