OOS Cutoff = 2014-03-01 00:00:00
Int Range: [0,7]
  LAlpha  UAlpha     ROE    DExp    DAct    Rate     Num
    2.30    4.25    6.30    2.59    0.00    6.30      53
    4.25    4.67    4.11    1.85    2.19    6.30      52
    4.67    4.95    6.30    1.48    0.00    6.30      53
    4.95    5.17    6.34    1.28    0.00    6.34      52
    5.17    5.39    6.25    0.96    0.00    6.25      52
    5.39    5.56    6.23    0.76    0.00    6.23      53
    5.56    5.71    6.46    0.83    0.00    6.46      52
    5.71    5.88    6.49    0.70    0.00    6.49      53
    5.88    6.10    6.62    0.64    0.00    6.62      52
    6.10    6.50    6.62    0.39    0.00    6.62      52

Int Range: [7,10]
  LAlpha  UAlpha     ROE    DExp    DAct    Rate     Num
    1.97    5.65    6.73    3.15    1.49    8.23     302
    5.65    6.12    6.70    2.41    1.60    8.31     302
    6.12    6.43    7.62    2.04    0.70    8.32     302
    6.43    6.72    7.14    1.68    1.13    8.27     301
    6.72    6.94    7.10    1.58    1.31    8.41     302
    6.94    7.15    7.43    1.42    1.04    8.47     302
    7.15    7.43    7.78    1.45    0.95    8.73     301
    7.43    7.79    7.31    1.60    1.90    9.21     302
    7.79    8.14    8.09    1.33    1.20    9.30     302
    8.14    9.39    8.74    1.03    0.75    9.49     301

Int Range: [10,12]
  LAlpha  UAlpha     ROE    DExp    DAct    Rate     Num
    1.96    7.33    8.51    4.74    2.79   11.30     200
    7.33    8.06    7.71    3.60    3.60   11.31     200
    8.06    8.48   10.32    3.04    1.00   11.31     200
    8.48    8.83   10.41    2.75    1.00   11.41     200
    8.83    9.15    9.36    2.49    2.12   11.48     200
    9.15    9.43    8.88    2.14    2.55   11.43     200
    9.43    9.70    9.89    2.02    1.69   11.58     200
    9.70   10.01    8.42    1.86    3.29   11.71     200
   10.01   10.35   10.45    1.56    1.28   11.73     200
   10.35   11.48    9.81    1.23    2.14   11.95     200

Int Range: [12,13.5]
  LAlpha  UAlpha     ROE    DExp    DAct    Rate     Num
    0.24    7.50   10.46    6.52    2.44   12.90     236
    7.50    8.27    9.36    4.92    3.49   12.85     235
    8.27    8.82    9.69    4.25    3.12   12.81     236
    8.82    9.23    9.13    3.72    3.62   12.74     235
    9.23    9.58    8.92    3.34    3.84   12.75     236
    9.58    9.88    9.50    3.01    3.24   12.74     235
    9.88   10.19    9.44    2.67    3.27   12.71     236
   10.19   10.51   11.01    2.36    1.70   12.70     235
   10.51   10.92   11.01    2.01    1.68   12.70     236
   10.92   11.98   11.94    1.42    0.71   12.65     235

Int Range: [13.5,15]
  LAlpha  UAlpha     ROE    DExp    DAct    Rate     Num
    0.18    6.94    9.22    8.42    5.00   14.22     324
    6.94    7.91    8.81    6.67    5.33   14.14     324
    7.91    8.67   11.14    5.86    3.02   14.16     324
    8.67    9.26    8.38    5.18    5.78   14.16     324
    9.26    9.69   10.69    4.66    3.45   14.14     323
    9.69   10.13   12.26    4.23    1.88   14.14     324
   10.13   10.54    9.93    3.87    4.26   14.20     324
   10.54   10.97   10.71    3.38    3.42   14.13     324
   10.97   11.42   11.31    3.00    2.88   14.20     324
   11.42   13.08    9.54    2.39    4.69   14.22     323

Int Range: [15,17]
  LAlpha  UAlpha     ROE    DExp    DAct    Rate     Num
   -1.75    6.44    7.54   11.24    8.52   16.06     305
    6.44    7.73    8.57    8.75    7.32   15.89     305
    7.73    8.56    8.90    7.64    6.90   15.80     305
    8.56    9.24    7.13    6.94    8.71   15.84     305
    9.24    9.80   12.97    6.24    2.81   15.78     305
    9.80   10.30   12.27    5.70    3.49   15.76     305
   10.30   10.79   13.74    5.19    2.00   15.74     305
   10.79   11.33   12.63    4.61    3.05   15.67     305
   11.33   11.95   11.53    4.11    4.19   15.72     305
   11.95   14.04   13.35    3.24    2.38   15.73     304

Int Range: [17,20]
  LAlpha  UAlpha     ROE    DExp    DAct    Rate     Num
   -4.42    4.53    5.78   15.83   12.84   18.62     311
    4.53    6.41    8.51   13.09   10.13   18.64     310
    6.41    7.59   12.91   11.58    5.73   18.64     310
    7.59    8.59   10.91   10.51    7.73   18.64     310
    8.59    9.55   11.92    9.47    6.64   18.56     310
    9.55   10.40   12.33    8.65    6.29   18.62     310
   10.40   11.08   13.09    8.03    5.68   18.77     310
   11.08   11.89   14.16    7.21    4.54   18.69     310
   11.89   12.79   13.75    6.54    5.10   18.85     310
   12.79   16.73   15.05    5.16    3.88   18.93     310

Int Range: [20,30]
  LAlpha  UAlpha     ROE    DExp    DAct    Rate     Num
  -11.72    1.96    5.70   24.89   17.87   23.57     177
    1.96    4.44    9.50   19.51   13.39   22.89     177
    4.44    6.03    6.63   17.37   16.02   22.64     177
    6.03    7.37    6.38   15.69   16.05   22.44     176
    7.37    8.54   11.74   14.26   10.48   22.22     177
    8.54    9.54   10.88   13.09   11.24   22.12     177
    9.54   10.66   11.88   12.11   10.32   22.20     176
   10.66   11.84   11.00   10.79   11.00   22.01     177
   11.84   13.26   13.66    9.38    8.21   21.87     177
   13.26   19.23   16.97    7.54    5.41   22.38     176


MinAlpha	ROE	Count
-5	9.97	19036
-4	9.98	19028
-3	9.97	19019
-2	9.96	19001
-1	9.99	18971
0	9.99	18930
1	10.01	18870
2	10.05	18782
3	10.07	18641
4	10.10	18361
5	10.13	17767
6	10.33	16530
7	10.67	14497
8	11.09	11971
9	11.60	9236
10	12.17	6090
11	12.75	3097
12	14.42	1278
13	14.85	498
14	15.12	227
15	15.16	95

Forest Importance
('pub_rec', 0.00047101130462372953)
('delinq_2yrs', 0.0033537924890490005)
('term', 0.0036917767689345891)
('is_inc_v', 0.0056757736743704426)
('mths_since_last_record', 0.0059919591559462471)
('loan_amnt', 0.0077227997478847722)
('purpose', 0.0081455261981208549)
('home_ownership', 0.015079439192761548)
('inq_last_6mths', 0.018563328152289581)
('open_acc', 0.024183052520812032)
('mths_since_last_delinq', 0.030520626398655038)
('fico_range_low', 0.030904302160972841)
('total_acc', 0.034748659757163354)
('emp_length', 0.037395791119162504)
('dti', 0.039732960795643771)
('int_pymt', 0.041026596931010781)
('installment', 0.041810359130999133)
('sub_grade', 0.041851351203245804)
('credit_length', 0.045256300503221034)
('revol_util', 0.050637343870132689)
('annual_inc', 0.059989462818364585)
('revol_bal', 0.060335588267600909)
('zip_code', 0.061712580619802039)
('pymt_pct_inc', 0.082788906539720555)
('int_rate', 0.24841071067951195)


Forest Parameters
oob_score: False
n_jobs: 8
verbose: 0
min_density: None
compute_importances: None
max_leaf_nodes: None
bootstrap: True
min_samples_leaf: 100
n_estimators: 400
min_samples_split: 2
random_state: None
criterion: mse
max_features: auto
max_depth: None
