OOS Cutoff = 2014-05-01 00:00:00
Int Range: [0,7]
  LAlpha  UAlpha     ROE    DExp    DAct    Rate     Num
    0.40    3.74    5.62    3.18    0.58    6.20     147
    3.74    4.36    5.46    2.13    0.76    6.22     147
    4.36    4.73    4.43    1.63    1.74    6.18     147
    4.73    4.98    6.20    1.34    0.00    6.20     147
    4.98    5.19    6.03    1.12    0.18    6.21     147
    5.19    5.36    6.18    0.90    0.00    6.18     147
    5.36    5.51    6.23    0.79    0.00    6.23     147
    5.51    5.68    5.43    0.61    0.78    6.20     147
    5.68    5.91    5.78    0.57    0.58    6.36     147
    5.91    6.48    5.94    0.44    0.59    6.52     146

Int Range: [7,10]
  LAlpha  UAlpha     ROE    DExp    DAct    Rate     Num
    0.95    4.99    5.88    3.80    2.16    8.04     489
    4.99    5.68    6.34    2.71    1.75    8.09     489
    5.68    6.12    6.42    2.17    1.66    8.08     488
    6.12    6.47    6.17    1.78    1.91    8.08     489
    6.47    6.76    7.19    1.55    0.98    8.16     488
    6.76    7.01    6.52    1.35    1.73    8.24     489
    7.01    7.30    7.50    1.24    0.88    8.38     489
    7.30    7.60    7.01    1.15    1.57    8.58     488
    7.60    7.99    7.70    1.09    1.17    8.87     489
    7.99    9.19    7.45    0.84    1.70    9.15     488

Int Range: [10,12]
  LAlpha  UAlpha     ROE    DExp    DAct    Rate     Num
    1.43    6.22    7.11    5.66    3.72   10.83     543
    6.22    7.10    8.33    4.15    2.53   10.87     543
    7.10    7.64    7.96    3.44    2.88   10.83     543
    7.64    8.05    8.38    3.02    2.50   10.88     542
    8.05    8.43    8.24    2.71    2.71   10.95     543
    8.43    8.76    8.10    2.39    2.89   10.99     543
    8.76    9.11    9.41    2.12    1.63   11.04     542
    9.11    9.47    8.67    1.90    2.51   11.18     543
    9.47    9.94    9.14    1.66    2.21   11.35     543
    9.94   11.44    9.48    1.24    2.11   11.59     542

Int Range: [12,13.5]
  LAlpha  UAlpha     ROE    DExp    DAct    Rate     Num
   -4.04    5.72    6.19    8.71    6.81   13.00     588
    5.72    6.74    8.34    6.66    4.61   12.95     588
    6.74    7.47    6.76    5.81    6.18   12.94     587
    7.47    8.06    8.33    5.15    4.59   12.93     588
    8.06    8.54    9.72    4.63    3.21   12.93     587
    8.54    9.00    8.38    4.13    4.53   12.91     588
    9.00    9.43    9.44    3.68    3.46   12.89     588
    9.43    9.90   10.88    3.20    1.98   12.86     587
    9.90   10.46   11.75    2.76    1.18   12.93     588
   10.46   12.30    9.85    2.02    3.12   12.98     587

Int Range: [13.5,15]
  LAlpha  UAlpha     ROE    DExp    DAct    Rate     Num
   -1.92    5.50    4.05   10.25   10.36   14.41     615
    5.50    6.67    8.64    8.27    5.77   14.41     614
    6.67    7.50    9.33    7.31    5.07   14.40     614
    7.50    8.15    7.16    6.57    7.25   14.42     614
    8.15    8.76    8.84    5.91    5.53   14.37     614
    8.76    9.32    9.31    5.34    5.07   14.38     614
    9.32    9.90   10.81    4.83    3.62   14.44     614
    9.90   10.50   10.44    4.23    3.97   14.42     614
   10.50   11.27   10.35    3.57    4.08   14.43     614
   11.27   13.87   11.70    2.58    2.85   14.55     614

Int Range: [15,17]
  LAlpha  UAlpha     ROE    DExp    DAct    Rate     Num
   -8.83    4.21    6.70   14.04    9.65   16.35     507
    4.21    5.86    7.87   11.06    8.32   16.19     507
    5.86    6.93    9.73    9.79    6.48   16.21     507
    6.93    7.78    9.41    8.80    6.75   16.16     506
    7.78    8.52   10.16    7.97    5.97   16.13     507
    8.52    9.15    9.50    7.22    6.55   16.05     507
    9.15    9.84    9.08    6.58    7.00   16.08     506
    9.84   10.52    9.05    5.95    7.07   16.12     507
   10.52   11.44    9.56    5.13    6.52   16.08     507
   11.44   14.48   12.04    3.83    4.03   16.07     506

Int Range: [17,20]
  LAlpha  UAlpha     ROE    DExp    DAct    Rate     Num
   -9.42    3.01    3.50   17.91   14.98   18.48     459
    3.01    5.04    2.64   14.29   15.80   18.44     458
    5.04    6.38    6.59   12.77   11.87   18.47     459
    6.38    7.40    6.71   11.53   11.75   18.46     458
    7.40    8.38    6.56   10.47   11.82   18.38     459
    8.38    9.31   10.88    9.59    7.56   18.44     458
    9.31   10.12   10.28    8.76    8.20   18.49     459
   10.12   10.95    9.80    7.98    8.70   18.50     458
   10.95   12.08   11.60    6.99    6.89   18.49     459
   12.08   16.11   12.19    5.66    6.56   18.74     458

Int Range: [20,30]
  LAlpha  UAlpha     ROE    DExp    DAct    Rate     Num
  -15.48   -0.37    1.76   26.86   21.65   23.41     280
   -0.37    2.25   -2.46   21.73   25.24   22.78     280
    2.25    4.08    4.54   19.10   17.77   22.32     280
    4.08    5.51    1.84   17.63   20.58   22.42     279
    5.51    6.77    9.13   16.18   13.18   22.32     280
    6.77    7.99    4.65   14.67   17.40   22.05     280
    7.99    9.34    7.76   13.57   14.48   22.24     279
    9.34   10.75    9.64   12.07   12.43   22.07     280
   10.75   12.50   10.90   11.02   11.69   22.59     280
   12.50   20.81   10.97    8.88   12.00   22.98     279


MinAlpha	ROE	Count
-5	8.20	36174
-4	8.20	36135
-3	8.21	36089
-2	8.24	35993
-1	8.26	35889
0	8.27	35728
1	8.32	35497
2	8.40	35144
3	8.44	34562
4	8.54	33539
5	8.75	31559
6	9.04	28004
7	9.33	23417
8	9.84	17747
9	10.28	11988
10	10.71	6801
11	11.24	3222
12	12.14	1391
13	11.90	530
14	11.19	186
15	9.50	66

Forest Importance
('pub_rec', 0.00027339111492566355)
('delinq_2yrs', 0.0008662232341019678)
('term', 0.0019212181024849931)
('verification_status', 0.0032163531966144681)
('mths_since_last_record', 0.0037114492152293954)
('even_loan_amnt', 0.0038021943955509879)
('loan_amnt', 0.0042704294924459756)
('purpose', 0.0046062765435198579)
('mod_rate', 0.0067021837116589059)
('home_ownership', 0.0091612692687088187)
('open_acc', 0.01135177723593876)
('inq_last_6mths', 0.011958894782816316)
('int_pymt', 0.018658198258506134)
('total_acc', 0.019089922424800856)
('clean_title_rank', 0.019387977888821378)
('emp_title_rank', 0.019878175904180978)
('mths_since_last_delinq', 0.02057193850967733)
('tok4_capitalization_log_odds', 0.022009082688021847)
('installment', 0.022144869349216792)
('revol_bal', 0.022807191311455303)
('emp_length', 0.023263774677677568)
('short_title_rank', 0.025490022209607791)
('dti', 0.025847132777953453)
('zip_code', 0.026168274959235776)
('urate', 0.026366658446674872)
('avg_urate', 0.028271834968536615)
('med_inc', 0.028926759339019083)
('revol_util', 0.029811007803651948)
('credit_length', 0.030212224639121342)
('revol_bal-loan', 0.03121339195632512)
('pct_med_inc', 0.031567162799138605)
('revol_bal_pct_inc', 0.031926107517799028)
('annual_inc', 0.032478283092894564)
('urate_chg', 0.03278594117827676)
('hpa4', 0.035128246790086665)
('tok4_clean_title_log_odds', 0.043167823391456445)
('pymt_pct_inc', 0.053390932751374451)
('sub_grade', 0.074841646985467927)
('int_rate', 0.16275375708702547)


Forest Parameters
oob_score: False
n_jobs: 8
verbose: 0
min_density: None
compute_importances: None
max_leaf_nodes: None
bootstrap: True
min_samples_leaf: 100
n_estimators: 400
min_samples_split: 2
random_state: None
criterion: mse
max_features: auto
max_depth: None
