OOS Cutoff = 2013-01-01 00:00:00
Int Range: [0,7]
  LAlpha  UAlpha     ROE    DExp    DAct    Rate     Num
    5.48    5.94    5.43    0.14    0.60    6.03    1148
    5.94    5.97    5.38    0.07    0.65    6.03    1147
    5.97    5.98    6.01    0.06    0.02    6.03    1147
    5.98    5.99    5.72    0.05    0.31    6.03    1147
    5.99    6.01    5.94    0.03    0.09    6.03    1147
    6.01    6.43    6.34    0.08    0.09    6.43    1147
    6.43    6.51    6.39    0.06    0.13    6.52    1147
    6.51    6.56    6.02    0.08    0.60    6.62    1147
    6.56    6.58    6.15    0.05    0.47    6.62    1147
    6.58    6.97    6.07    0.04    0.67    6.74    1147

Int Range: [7,10]
  LAlpha  UAlpha     ROE    DExp    DAct    Rate     Num
    6.92    7.55    6.97    0.09    0.45    7.42    4150
    7.55    7.62    7.26    0.06    0.38    7.65    4150
    7.62    7.82    7.28    0.08    0.53    7.82    4150
    7.82    8.29    7.07    0.06    0.88    7.94    4150
    8.29    8.76    8.26    0.09    0.22    8.48    4150
    8.76    8.83    7.79    0.09    1.11    8.90    4150
    8.83    9.07    7.95    0.06    0.98    8.93    4150
    9.07    9.55    8.93    0.07    0.27    9.20    4150
    9.55    9.61    8.95    0.09    0.72    9.67    4150
    9.61    9.97    8.58    0.07    1.21    9.79    4150

Int Range: [10,12]
  LAlpha  UAlpha     ROE    DExp    DAct    Rate     Num
    9.57   10.08    9.41    0.11    0.74   10.15    4038
   10.08   10.56    8.15    0.07    2.14   10.29    4038
   10.56   10.89    9.97    0.11    0.92   10.89    4038
   10.89   10.91   10.61    0.09    0.38   10.99    4038
   10.91   10.94   10.39    0.07    0.61   10.99    4038
   10.94   11.06    8.80    0.10    2.30   11.10    4038
   11.06   11.55    9.00    0.09    2.46   11.46    4038
   11.55   11.61   11.42    0.09    0.25   11.67    4038
   11.61   11.90   11.25    0.10    0.71   11.96    4038
   11.90   11.96   11.09    0.07    0.90   11.99    4037

Int Range: [12,13.5]
  LAlpha  UAlpha     ROE    DExp    DAct    Rate     Num
   11.37   12.05    7.98    0.14    4.14   12.12    3810
   12.05   12.35    9.59    0.11    2.74   12.34    3809
   12.35   12.39   12.22    0.12    0.27   12.49    3810
   12.39   12.73   12.01    0.11    0.56   12.57    3809
   12.73   12.85   12.14    0.15    0.81   12.95    3810
   12.85   12.88   12.31    0.13    0.69   13.00    3809
   12.88   12.91   12.11    0.11    0.89   13.00    3810
   12.91   12.97   10.44    0.11    2.61   13.04    3809
   12.97   13.21    8.87    0.13    4.32   13.19    3810
   13.21   13.31   13.10    0.11    0.25   13.35    3809

Int Range: [13.5,15]
  LAlpha  UAlpha     ROE    DExp    DAct    Rate     Num
   13.14   13.53   12.24    0.14    1.37   13.60    4382
   13.53   13.77   11.35    0.12    2.35   13.70    4382
   13.77   13.86   13.32    0.16    0.67   13.99    4381
   13.86   13.98   11.83    0.13    2.21   14.03    4382
   13.98   14.15   12.12    0.15    2.08   14.21    4381
   14.15   14.22    9.90    0.13    4.42   14.32    4382
   14.22   14.34   12.69    0.16    1.76   14.44    4382
   14.34   14.47   14.03    0.14    0.49   14.52    4381
   14.47   14.81   14.10    0.18    0.72   14.82    4382
   14.81   14.94   14.39    0.14    0.59   14.99    4381

Int Range: [15,17]
  LAlpha  UAlpha     ROE    DExp    DAct    Rate     Num
   14.33   15.10   12.69    0.19    2.51   15.20    4613
   15.10   15.21   11.37    0.15    3.93   15.30    4613
   15.21   15.43   14.20    0.22    1.39   15.59    4613
   15.43   15.47   14.49    0.17    1.12   15.62    4613
   15.47   15.64   11.92    0.16    3.78   15.70    4613
   15.64   16.01   11.06    0.19    4.92   15.98    4613
   16.01   16.08   14.09    0.21    2.17   16.25    4613
   16.08   16.20   12.36    0.16    3.93   16.28    4613
   16.20   16.68   14.22    0.21    2.47   16.70    4613
   16.68   16.93   16.10    0.21    0.89   16.99    4613

Int Range: [17,20]
  LAlpha  UAlpha     ROE    DExp    DAct    Rate     Num
   16.11   17.12   11.18    0.24    6.02   17.21    4414
   17.12   17.35   15.55    0.26    2.00   17.55    4414
   17.35   17.47   15.01    0.19    2.57   17.58    4414
   17.47   17.95   11.54    0.23    6.34   17.88    4414
   17.95   18.08   16.47    0.23    1.78   18.25    4414
   18.08   18.50   12.42    0.21    6.05   18.47    4414
   18.50   18.74   14.12    0.25    4.78   18.89    4414
   18.74   19.05   14.21    0.22    4.88   19.09    4414
   19.05   19.32   17.57    0.26    1.92   19.49    4414
   19.32   19.86   14.98    0.23    4.80   19.78    4414

Int Range: [20,30]
  LAlpha  UAlpha     ROE    DExp    DAct    Rate     Num
   19.19   20.10   17.64    0.27    2.59   20.23    3024
   20.10   20.60   16.29    0.26    4.24   20.53    3023
   20.60   20.86   16.05    0.28    4.97   21.02    3023
   20.86   21.42   14.77    0.28    6.63   21.40    3023
   21.42   21.92   17.27    0.31    4.75   22.02    3023
   21.92   22.58   16.29    0.31    6.21   22.50    3023
   22.58   23.17   17.05    0.34    6.24   23.29    3023
   23.17   23.78   15.84    0.33    7.96   23.80    3023
   23.78   24.66   19.02    0.34    5.57   24.59    3023
   24.66   25.80   21.33    0.36    4.34   25.67    3023


Forest Importance
('delinq_2yrs', 0.00024966163802651452)
('pub_rec', 0.00092463414272765752)
('title_num_words', 0.0011926991642031096)
('home_ownership', 0.0012480334083210904)
('even_loan_amnt', 0.0015058715242340769)
('mths_since_last_record', 0.0017982594841306231)
('is_inc_v', 0.0020373916380399138)
('open_acc', 0.0028863917437301416)
('emp_length', 0.0029336874054368537)
('title_len', 0.003659351284072904)
('credit_length', 0.0043108434328221019)
('loan_amnt', 0.004530368251194552)
('mths_since_last_delinq', 0.0047543253294002772)
('min_urate', 0.0051493477499659221)
('zip_code', 0.0054358527117094402)
('max_urate', 0.0055603275088286471)
('short_title_rank', 0.0058343649408079601)
('med_inc', 0.0058548678243925036)
('total_acc', 0.0060249439693532995)
('urate_range', 0.0061242007112321138)
('title_last_word_rank', 0.0065183804486725417)
('inq_last_6mths', 0.0066301543425708728)
('title_first_word_rank', 0.0066817736902039723)
('revol_bal', 0.007165161913162319)
('mod_rate', 0.0073236968210026723)
('avg_urate', 0.0073997768346614808)
('title_upper_count', 0.0074466095580576408)
('installment', 0.0075203387731617366)
('urate', 0.0076131621108626321)
('dti', 0.0086884708762796897)
('issue_mth', 0.0093877583777117642)
('revol_bal-loan', 0.0096133040145888332)
('purpose', 0.0099468469204717115)
('urate_chg', 0.010859210484587524)
('title_upper_pct', 0.012516066266547103)
('title_rank', 0.012651732221849303)
('int_pymt', 0.015149997347536484)
('revol_util', 0.015675729701622926)
('term', 0.016209334292686152)
('fico_range_low', 0.018980301687937365)
('pct_med_inc', 0.023491706369656629)
('annual_inc', 0.030795678294741387)
('int_rate', 0.048529452002060325)
('sub_grade', 0.059799354866650861)
('mths_since_issue', 0.56139057792008606)


Forest Parameters
oob_score: False
n_jobs: 1
verbose: 2
min_density: None
compute_importances: None
max_leaf_nodes: None
bootstrap: True
min_samples_leaf: 100
n_estimators: 400
min_samples_split: 2
random_state: None
criterion: gini
max_features: auto
max_depth: None
