OOS Cutoff = 2014-10-01 00:00:00
Int Range: [0,7]
  LAlpha  UAlpha     ROE    DExp    DAct    Rate     Num
   -9.67    4.85    5.79    1.77    0.37    6.16     393
    4.85    5.09    4.08    1.29    2.19    6.27     392
    5.09    5.26    5.23    1.06    1.01    6.24     393
    5.26    5.39    5.61    0.87    0.59    6.20     392
    5.39    5.50    5.37    0.76    0.83    6.20     393
    5.50    5.60    5.53    0.71    0.73    6.26     392
    5.60    5.74    5.37    0.77    1.06    6.43     393
    5.74    5.88    5.59    0.72    0.94    6.53     392
    5.88    6.05    5.90    0.59    0.64    6.55     393
    6.05    6.62    5.36    0.62    1.54    6.89     392

Int Range: [7,10]
  LAlpha  UAlpha     ROE    DExp    DAct    Rate     Num
    0.92    5.02    6.28    3.81    2.00    8.28    1106
    5.02    5.46    6.03    2.96    2.18    8.21    1106
    5.46    5.76    5.51    2.51    2.61    8.13    1106
    5.76    6.01    6.40    2.20    1.70    8.10    1106
    6.01    6.24    6.93    1.95    1.15    8.08    1106
    6.24    6.44    6.44    1.61    1.52    7.95    1106
    6.44    6.62    6.64    1.46    1.35    7.99    1106
    6.62    6.86    7.15    1.56    1.15    8.30    1106
    6.86    7.28    7.02    1.65    1.68    8.70    1106
    7.28    8.52    8.16    1.47    0.97    9.12    1105

Int Range: [10,12]
  LAlpha  UAlpha     ROE    DExp    DAct    Rate     Num
    1.40    5.91    8.22    6.01    2.80   11.02    1021
    5.91    6.57    7.97    4.71    3.00   10.97    1020
    6.57    7.03    7.63    4.21    3.39   11.01    1020
    7.03    7.40    8.27    3.80    2.75   11.02    1020
    7.40    7.73    8.06    3.45    2.95   11.02    1020
    7.73    8.04    7.34    3.18    3.72   11.06    1021
    8.04    8.36    8.45    2.89    2.64   11.09    1020
    8.36    8.68    9.00    2.60    2.11   11.12    1020
    8.68    9.09    7.92    2.40    3.34   11.26    1020
    9.09   10.36    9.70    2.07    1.85   11.55    1020

Int Range: [12,13.5]
  LAlpha  UAlpha     ROE    DExp    DAct    Rate     Num
   -0.52    5.03    6.29    8.92    6.61   12.90    1024
    5.03    5.94    7.40    7.34    5.48   12.88    1024
    5.94    6.54    6.52    6.60    6.35   12.87    1024
    6.54    7.02    8.77    6.07    4.08   12.86    1023
    7.02    7.49    8.31    5.62    4.57   12.88    1024
    7.49    7.96    7.25    5.14    5.62   12.87    1024
    7.96    8.40    8.70    4.70    4.18   12.88    1023
    8.40    8.91    9.87    4.23    3.01   12.88    1024
    8.91    9.52    9.71    3.71    3.20   12.90    1024
    9.52   11.33   10.48    2.97    2.50   12.98    1023

Int Range: [13.5,15]
  LAlpha  UAlpha     ROE    DExp    DAct    Rate     Num
   -0.11    5.07    6.86   10.53    7.49   14.35    1033
    5.07    6.02    6.47    8.76    7.88   14.35    1033
    6.02    6.72    5.48    7.97    8.88   14.36    1033
    6.72    7.31    7.35    7.36    7.03   14.38    1033
    7.31    7.89    5.71    6.77    8.66   14.37    1033
    7.89    8.41    8.01    6.22    6.36   14.37    1033
    8.41    8.95    8.41    5.73    6.00   14.41    1033
    8.95    9.51    7.50    5.18    6.90   14.41    1033
    9.51   10.26    8.97    4.57    5.47   14.44    1033
   10.26   12.63   10.02    3.63    4.50   14.52    1032

Int Range: [15,17]
  LAlpha  UAlpha     ROE    DExp    DAct    Rate     Num
   -5.78    3.24    4.27   14.90   12.02   16.29     727
    3.24    4.76    5.73   12.11   10.46   16.19     726
    4.76    5.75    6.37   10.87    9.78   16.15     726
    5.75    6.49    6.76    9.98    9.35   16.11     726
    6.49    7.18    8.32    9.25    7.78   16.10     726
    7.18    7.86    5.51    8.60   10.61   16.12     726
    7.86    8.55    8.81    7.91    7.30   16.11     726
    8.55    9.20    8.15    7.27    7.98   16.13     726
    9.20   10.06    9.84    6.47    6.26   16.10     726
   10.06   12.75    9.17    5.28    6.92   16.10     726

Int Range: [17,20]
  LAlpha  UAlpha     ROE    DExp    DAct    Rate     Num
   -6.50    1.31    1.91   19.29   16.84   18.75     669
    1.31    3.29    2.64   16.06   15.81   18.45     668
    3.29    4.64    5.60   14.39   12.79   18.40     668
    4.64    5.64    6.67   13.24   11.71   18.38     668
    5.64    6.53    6.73   12.28   11.63   18.36     668
    6.53    7.41    6.14   11.39   12.21   18.35     669
    7.41    8.24    6.67   10.46   11.62   18.30     668
    8.24    9.11    5.94    9.59   12.34   18.27     668
    9.11   10.21    7.08    8.70   11.24   18.32     668
   10.21   14.20    8.34    7.26   10.10   18.44     668

Int Range: [20,30]
  LAlpha  UAlpha     ROE    DExp    DAct    Rate     Num
   -7.04   -2.80   -2.22   26.56   24.82   22.60     406
   -2.80   -1.22    0.85   24.80   21.96   22.81     405
   -1.22    0.02    0.90   23.38   21.89   22.80     405
    0.02    1.31    2.79   22.20   20.08   22.87     406
    1.31    2.64    3.35   21.02   19.63   22.98     405
    2.64    4.01    1.51   19.26   21.08   22.59     405
    4.01    5.50    1.24   17.61   21.14   22.38     406
    5.50    6.83    3.81   16.31   18.65   22.46     405
    6.83    8.81    5.59   14.51   16.69   22.28     405
    8.81   14.95    7.57   12.18   15.06   22.63     405


MinAlpha	ROE	Count
-5	6.96	63697
-4	6.98	63565
-3	7.02	63339
-2	7.05	63010
-1	7.09	62593
0	7.14	62037
1	7.20	61353
2	7.24	60503
3	7.31	59330
4	7.35	57487
5	7.49	53143
6	7.84	42319
7	8.18	29518
8	8.69	18811
9	9.06	9521
10	9.33	3643
11	10.42	1089
12	10.25	225
13	12.28	45
14	22.97	10
15	nan	0

Forest Importance
('pub_rec', 4.5152288341762241e-05)
('delinq_2yrs', 5.4229906944920815e-05)
('purpose', 0.00018838590649780106)
('mths_since_last_major_derog', 0.00070100965508342235)
('verification_status', 0.00080348709031360184)
('loan_amnt', 0.0012133996060089353)
('open_acc', 0.0022025950285607734)
('term', 0.0025062767142449744)
('even_loan_amnt', 0.0027631946125166178)
('mths_since_last_record', 0.003631328843631557)
('total_acc', 0.0040488232985541727)
('int_pymt', 0.0052604823189447529)
('mths_since_last_delinq', 0.0053807480332658678)
('installment', 0.0066804818095413197)
('clean_title_rank', 0.0068004362963931045)
('revol_bal', 0.0071686431823628468)
('revol_util', 0.0075616244359961405)
('urate', 0.0077470102195489696)
('revol_bal_pct_inc', 0.008424397281278884)
('inq_last_6mths', 0.008431590736701567)
('revol_bal-loan', 0.0085925864136919151)
('pct_med_inc', 0.011081702561621156)
('dti', 0.019414307043327063)
('int_pct_inc', 0.020241093121631911)
('emp_length', 0.020999178904008074)
('home_ownership', 0.023673739829221847)
('annual_inc', 0.025940631456172474)
('credit_length', 0.027603248964173873)
('tok4_capitalization_log_odds', 0.032405701059546453)
('pymt_pct_inc', 0.04117568942486334)
('tok4_clean_title_log_odds', 0.056959625963017665)
('int_rate', 0.22328034093819368)
('sub_grade', 0.40701885705579843)


Forest Parameters
oob_score: False
n_jobs: 8
verbose: 0
min_density: None
compute_importances: None
max_leaf_nodes: None
bootstrap: True
min_samples_leaf: 1000
n_estimators: 100
min_samples_split: 2
random_state: None
criterion: mse
max_features: auto
max_depth: None
