OOS Cutoff = 2014-05-01 00:00:00
Int Range: [0,7]
  LAlpha  UAlpha     ROE    DExp    DAct    Rate     Num
    1.30    4.29    6.22    2.57    0.00    6.22     189
    4.29    4.84    6.03    1.57    0.14    6.17     189
    4.84    5.14    5.72    1.18    0.45    6.17     189
    5.14    5.37    5.75    0.94    0.45    6.20     189
    5.37    5.52    6.17    0.71    0.00    6.17     189
    5.52    5.64    6.16    0.58    0.00    6.16     189
    5.64    5.74    6.15    0.46    0.00    6.15     189
    5.74    5.87    6.17    0.36    0.00    6.17     189
    5.87    6.07    6.20    0.38    0.14    6.34     189
    6.07    6.46    6.49    0.28    0.00    6.49     189

Int Range: [7,10]
  LAlpha  UAlpha     ROE    DExp    DAct    Rate     Num
    1.60    5.65    7.03    2.92    0.84    7.88     602
    5.65    6.19    6.84    1.98    1.10    7.93     602
    6.19    6.56    7.23    1.45    0.61    7.84     601
    6.56    6.84    7.05    1.24    0.89    7.94     602
    6.84    7.08    7.37    1.14    0.73    8.09     601
    7.08    7.34    7.43    1.08    0.86    8.29     602
    7.34    7.59    7.51    0.95    0.90    8.41     602
    7.59    7.91    7.73    0.97    0.99    8.72     601
    7.91    8.28    8.40    0.79    0.47    8.87     602
    8.28    9.09    8.34    0.59    0.83    9.17     601

Int Range: [10,12]
  LAlpha  UAlpha     ROE    DExp    DAct    Rate     Num
    0.29    6.87    8.98    4.86    1.77   10.75     734
    6.87    7.68    9.51    3.47    1.28   10.78     734
    7.68    8.20    9.80    2.80    0.96   10.76     734
    8.20    8.59   10.04    2.39    0.75   10.79     733
    8.59    8.91    9.80    2.09    1.04   10.84     734
    8.91    9.20    9.21    1.85    1.69   10.91     734
    9.20    9.51    9.82    1.68    1.21   11.03     733
    9.51    9.82   10.04    1.54    1.16   11.20     734
    9.82   10.24    9.81    1.35    1.57   11.37     734
   10.24   11.36   10.97    0.98    0.58   11.55     733

Int Range: [12,13.5]
  LAlpha  UAlpha     ROE    DExp    DAct    Rate     Num
    0.10    7.14   10.69    7.12    2.38   13.07     774
    7.14    8.09   11.23    5.37    1.79   13.02     773
    8.09    8.73   11.06    4.55    1.92   12.98     773
    8.73    9.24    9.29    4.00    3.70   12.99     773
    9.24    9.66   11.11    3.49    1.84   12.95     773
    9.66   10.04   11.83    3.07    1.10   12.93     774
   10.04   10.40   11.55    2.71    1.38   12.93     773
   10.40   10.78   11.40    2.31    1.49   12.89     773
   10.78   11.18   11.93    1.90    0.94   12.88     773
   11.18   12.65   11.26    1.44    1.71   12.97     773

Int Range: [13.5,15]
  LAlpha  UAlpha     ROE    DExp    DAct    Rate     Num
    0.40    7.07   10.19    8.64    4.24   14.43     790
    7.07    8.18   12.34    6.76    2.09   14.44     790
    8.18    8.93   11.39    5.90    3.06   14.45     790
    8.93    9.51   12.67    5.20    1.75   14.42     790
    9.51   10.04   11.74    4.67    2.70   14.44     790
   10.04   10.54   12.41    4.14    2.01   14.42     790
   10.54   11.03   11.74    3.71    2.75   14.48     790
   11.03   11.53   12.57    3.22    1.93   14.50     790
   11.53   12.15   12.03    2.69    2.48   14.51     790
   12.15   14.26   12.54    1.96    2.09   14.64     790

Int Range: [15,17]
  LAlpha  UAlpha     ROE    DExp    DAct    Rate     Num
   -2.76    6.20   11.13   12.06    5.37   16.51     636
    6.20    7.68   11.80    9.32    4.50   16.30     635
    7.68    8.66   13.96    8.09    2.34   16.29     636
    8.66    9.47   12.27    7.15    3.96   16.23     635
    9.47   10.21   11.60    6.33    4.58   16.18     635
   10.21   10.87   12.54    5.63    3.63   16.17     636
   10.87   11.47   14.01    5.00    2.15   16.17     635
   11.47   12.08   13.36    4.44    2.85   16.21     636
   12.08   12.80   14.08    3.77    2.11   16.19     635
   12.80   14.90   13.13    2.84    3.07   16.20     635

Int Range: [17,20]
  LAlpha  UAlpha     ROE    DExp    DAct    Rate     Num
   -7.99    4.80   10.63   16.04    7.78   18.41     555
    4.80    6.89   12.74   12.45    5.67   18.40     555
    6.89    8.19   12.86   10.76    5.47   18.33     555
    8.19    9.26   13.97    9.63    4.41   18.38     555
    9.26   10.11   15.07    8.68    3.30   18.37     555
   10.11   10.92   13.67    7.94    4.77   18.45     555
   10.92   11.68   14.09    7.10    4.32   18.42     555
   11.68   12.54   14.35    6.34    4.10   18.46     555
   12.54   13.56   15.40    5.52    3.14   18.55     555
   13.56   16.87   15.58    4.36    3.22   18.80     555

Int Range: [20,30]
  LAlpha  UAlpha     ROE    DExp    DAct    Rate     Num
  -13.92    0.95   12.19   26.88   11.85   24.03     368
    0.95    4.54   11.10   20.04   11.93   23.03     367
    4.54    6.77   13.35   16.71    9.15   22.50     367
    6.77    8.44   13.64   14.64    8.66   22.30     367
    8.44    9.82   15.30   13.16    7.02   22.33     367
    9.82   10.93   14.05   11.73    8.08   22.13     367
   10.93   12.11   16.26   10.69    5.96   22.21     367
   12.11   13.32   12.61    9.32    9.42   22.03     367
   13.32   14.81   17.05    8.07    5.06   22.10     367
   14.81   19.64   17.76    6.79    5.09   22.84     367


MinAlpha	ROE	Count
-5	11.18	46370
-4	11.18	46335
-3	11.18	46295
-2	11.17	46233
-1	11.18	46167
0	11.18	46068
1	11.19	45939
2	11.19	45737
3	11.20	45461
4	11.23	44899
5	11.28	43636
6	11.50	40496
7	11.81	36238
8	12.12	30457
9	12.51	23646
10	12.95	16334
11	13.72	9613
12	14.18	4923
13	15.67	2326
14	16.48	977
15	17.12	448

Forest Importance
('pub_rec', 0.00028015194374374783)
('delinq_2yrs', 0.0018658301145190953)
('is_inc_v', 0.0027497862740640312)
('even_loan_amnt', 0.0029394851625112587)
('loan_amnt', 0.0031118727213314767)
('term', 0.0033219643270296141)
('purpose', 0.0036747308474024496)
('mths_since_last_record', 0.0037439310687000711)
('sub_grade', 0.0058334824439483859)
('mod_rate', 0.0065001833048355731)
('home_ownership', 0.0077017063988396115)
('inq_last_6mths', 0.010545084641724696)
('open_acc', 0.011004143438568766)
('tok4_capitalization_log_odds', 0.012702648635697303)
('fico_range_low', 0.014229765298080999)
('mths_since_last_delinq', 0.015342285815466674)
('total_acc', 0.016241466999142612)
('clean_title_rank', 0.016745932067779464)
('annual_inc', 0.017034171241413269)
('int_pymt', 0.01751274524030158)
('emp_title_rank', 0.018932902714832701)
('installment', 0.019356687458922096)
('revol_bal', 0.020857161756645495)
('emp_length', 0.022178018531750113)
('dti', 0.022699267006286425)
('urate', 0.022716715799680934)
('avg_urate', 0.02434641685106774)
('zip_code', 0.024496543610279087)
('revol_util', 0.024649542884201747)
('short_title_rank', 0.024653292749663679)
('pct_med_inc', 0.02544205261859912)
('urate_range', 0.026334626813784033)
('revol_bal_pct_inc', 0.026792020268044524)
('med_inc', 0.026807920128898113)
('revol_bal-loan', 0.027239821973804118)
('credit_length', 0.027933627411235343)
('hpa4', 0.028846962325536438)
('urate_chg', 0.029408611235937979)
('pymt_pct_inc', 0.047691799772082488)
('tok4_clean_title_log_odds', 0.10133493844018517)
('int_rate', 0.23419970166346207)


Forest Parameters
oob_score: False
n_jobs: 8
verbose: 0
min_density: None
compute_importances: None
max_leaf_nodes: None
bootstrap: True
min_samples_leaf: 100
n_estimators: 400
min_samples_split: 2
random_state: None
criterion: mse
max_features: auto
max_depth: None
