Int Range: [12,15]
Percentile, Default Prob cutoff, Good default, bad default, good int_rate, bad int_rate
10, 0.0647043742736, 1.53, 2.45, 13.00, 13.74, 6716, 60440
20, 0.0730611802788, 1.65, 2.53, 13.16, 13.80, 13432, 53724
30, 0.0800910951653, 1.66, 2.65, 13.26, 13.84, 20147, 47009
40, 0.086771694903, 1.86, 2.69, 13.34, 13.89, 26863, 40293
50, 0.0934469789002, 1.98, 2.73, 13.40, 13.93, 33578, 33578
60, 0.100393222314, 2.05, 2.81, 13.46, 13.98, 40294, 26862
70, 0.108082904375, 2.09, 2.97, 13.51, 14.04, 47009, 20147
80, 0.117336325161, 2.21, 2.94, 13.55, 14.12, 53725, 13431
90, 0.130605262786, 2.25, 3.34, 13.60, 14.24, 60440, 6716
Int Range: [15,20]
Percentile, Default Prob cutoff, Good default, bad default, good int_rate, bad int_rate
10, 0.0938257905643, 2.68, 4.38, 15.90, 17.32, 6902, 62111
20, 0.105784024184, 2.84, 4.55, 16.14, 17.43, 13803, 55210
30, 0.114895937149, 3.04, 4.71, 16.33, 17.53, 20704, 48309
40, 0.122957610456, 3.18, 4.89, 16.49, 17.63, 27605, 41408
50, 0.130932451879, 3.34, 5.07, 16.61, 17.74, 34507, 34506
60, 0.139257838265, 3.55, 5.19, 16.72, 17.85, 41408, 27605
70, 0.148577428779, 3.67, 5.46, 16.82, 17.99, 48309, 20704
80, 0.15978592165, 3.81, 5.79, 16.92, 18.18, 55210, 13803
90, 0.175501648154, 3.97, 6.37, 17.04, 18.43, 62111, 6902
Int Range: [20,30]
Percentile, Default Prob cutoff, Good default, bad default, good int_rate, bad int_rate
10, 0.136796622927, 5.56, 7.56, 21.13, 22.73, 2444, 21992
20, 0.149465482669, 5.52, 7.82, 21.42, 22.86, 4888, 19548
30, 0.159757499847, 5.82, 8.02, 21.61, 22.98, 7331, 17105
40, 0.168824381111, 6.07, 8.23, 21.76, 23.11, 9775, 14661
50, 0.17764041696, 6.15, 8.58, 21.90, 23.24, 12218, 12218
60, 0.186512474087, 6.40, 8.80, 22.03, 23.39, 14662, 9774
70, 0.196185005525, 6.56, 9.23, 22.13, 23.59, 17105, 7331
80, 0.20727600462, 6.74, 9.86, 22.25, 23.85, 19549, 4887
90, 0.222624222959, 7.00, 10.64, 22.38, 24.28, 21992, 2444


Forest Importance
('pub_rec', 0.00027729158347504783)
('delinq_2yrs', 0.00071514232291298248)
('mths_since_last_record', 0.00091403143009656897)
('title_num_words', 0.0038173991079210384)
('home_ownership', 0.0038612766007767849)
('is_inc_v', 0.0049718967148438924)
('even_loan_amnt', 0.0059077966606639054)
('emp_length', 0.0094207291616396436)
('open_acc', 0.0096481901108856054)
('term', 0.010565036925503873)
('issue_mth', 0.01063245842253247)
('mths_since_last_delinq', 0.011537971392990884)
('title_len', 0.01219198258046976)
('loan_amnt', 0.012969488029923754)
('total_acc', 0.013924771577723483)
('credit_length', 0.014561514914257974)
('title_upper_count', 0.014605351190086248)
('mod_rate', 0.01539057647184636)
('max_urate', 0.017160770706910446)
('min_urate', 0.017568811609115106)
('zip_code', 0.018031740487351254)
('purpose', 0.018047239684127196)
('urate_range', 0.018102877821119211)
('short_title_rank', 0.018149052900272751)
('med_inc', 0.018258412047234995)
('title_last_word_rank', 0.019100659677809492)
('title_first_word_rank', 0.019509686374063504)
('dti', 0.020070500423935104)
('title_rank', 0.020500134839311165)
('urate_chg', 0.020889335958693286)
('revol_bal', 0.022060491968694595)
('avg_urate', 0.022126007781095382)
('urate', 0.022196999046890705)
('installment', 0.023537177723153384)
('revol_util', 0.024296696640616577)
('title_upper_pct', 0.026751939882802965)
('inq_last_6mths', 0.028308660412453775)
('revol_bal-loan', 0.028870261821838893)
('pct_med_inc', 0.044595820278162279)
('fico_range_low', 0.044924166354966204)
('int_pymt', 0.045358302723401793)
('annual_inc', 0.050081701914800762)
('sub_grade', 0.1160784579524087)
('int_rate', 0.11951118777022021)


Forest Parameters
oob_score: False
n_jobs: 1
verbose: 2
min_density: None
compute_importances: None
max_leaf_nodes: None
bootstrap: True
min_samples_leaf: 100
n_estimators: 400
min_samples_split: 2
random_state: None
criterion: gini
max_features: auto
max_depth: None
