OOS Cutoff = 2015-01-01

 LPrepay UPrepay    PExp    PAct    Rate     Num
    2.83    6.82    5.82    5.58   13.49    5883
    6.82    8.04    7.46    6.74   13.17    5883
    8.04    9.11    8.58    8.59   12.93    5883
    9.11   10.19    9.64    9.55   13.01    5883
   10.19   11.33   10.75   10.91   12.97    5883
   11.33   12.62   11.95   12.05   12.76    5883
   12.62   14.08   13.33   13.69   12.75    5883
   14.08   15.85   14.94   15.30   12.85    5883
   15.85   18.40   16.98   18.40   12.85    5883
   18.40   33.75   21.51   24.20   12.43    5883


MinPrepay	AvgLowPrepay	AvgHighPrepay
5	12.63	4.34
6	12.90	5.11
7	13.35	5.81
8	14.05	6.15
9	14.80	6.87
10	15.58	7.53
11	16.45	8.09
12	17.30	8.65
13	18.24	9.08
14	19.25	9.53
15	20.26	9.97
16	21.40	10.39
17	22.69	10.75
18	23.86	11.07
19	24.60	11.39
20	25.75	11.63
21	27.56	11.78
22	28.60	11.95
23	30.16	12.06
24	30.45	12.18
25	32.46	12.25
26	33.54	12.33
27	33.19	12.39
28	31.40	12.44
29	33.89	12.46
30	34.87	12.48

Forest Importance
('delinq_2yrs', 0.001237787453682928)
('home_ownership', 0.0020008707879545866)
('even_loan_amnt', 0.0027639977550160759)
('purpose', 0.0064968423367149)
('loan_amnt', 0.0094152532197830357)
('inq_last_6mths', 0.010924358118091075)
('revol_bal-loan', 0.015549414392265095)
('int_pymt', 0.015560401650002229)
('revol_bal', 0.016013700613396912)
('installment', 0.017855969395234494)
('med_inc', 0.020131160034291922)
('cur_bal-loan_amnt', 0.020883531306412718)
('credit_length', 0.023807511127338588)
('mths_since_last_delinq', 0.03478158675779959)
('hpa4', 0.044583714631299447)
('int_rate', 0.045251493993161362)
('int_pct_inc', 0.045500390394912965)
('sub_grade', 0.04625085785079517)
('revol_bal_pct_inc', 0.050142317823985448)
('term', 0.054826097123335645)
('dti', 0.055162253573977173)
('cur_bal_pct_loan_amnt', 0.062361030884588491)
('pymt_pct_inc', 0.063110970603229427)
('total_acc', 0.063130441209075433)
('pctlo', 0.091953286032755363)
('revol_util', 0.18030476093089992)


Forest Parameters
oob_score: False
n_jobs: 8
verbose: 0
min_density: None
compute_importances: None
max_leaf_nodes: None
bootstrap: True
min_samples_leaf: 400
n_estimators: 200
min_samples_split: 2
random_state: None
criterion: mse
max_features: auto
max_depth: None
