OOS Cutoff = 2014-04-01 00:00:00
Int Range: [0,7]
  LAlpha  UAlpha     ROE    DExp    DAct    Rate     Num
    1.50    4.05    3.49    2.84    2.74    6.24     128
    4.05    4.45    4.68    1.96    1.55    6.24     127
    4.45    4.75    5.58    1.62    0.67    6.25     127
    4.75    4.98    6.06    1.39    0.21    6.26     127
    4.98    5.16    6.25    1.18    0.00    6.25     127
    5.16    5.33    5.34    0.97    0.89    6.23     128
    5.33    5.48    6.29    0.89    0.00    6.29     127
    5.48    5.65    5.68    0.79    0.67    6.35     127
    5.65    5.90    6.50    0.73    0.00    6.50     127
    5.90    6.39    5.91    0.52    0.67    6.59     127

Int Range: [7,10]
  LAlpha  UAlpha     ROE    DExp    DAct    Rate     Num
    1.80    5.29    4.91    3.54    3.24    8.15     567
    5.29    5.87    6.04    2.57    2.14    8.18     566
    5.87    6.25    6.94    2.12    1.25    8.19     567
    6.25    6.52    7.43    1.88    0.85    8.28     566
    6.52    6.80    7.24    1.71    1.13    8.37     567
    6.80    7.06    6.78    1.42    1.57    8.34     566
    7.06    7.34    6.83    1.36    1.73    8.56     567
    7.34    7.72    6.97    1.37    1.93    8.90     566
    7.72    8.17    7.50    1.21    1.65    9.15     567
    8.17    9.33    7.82    0.91    1.60    9.42     566

Int Range: [10,12]
  LAlpha  UAlpha     ROE    DExp    DAct    Rate     Num
    0.92    6.76    5.43    5.25    5.59   11.02     470
    6.76    7.53    8.18    3.85    2.86   11.04     469
    7.53    7.99    7.68    3.25    3.34   11.02     469
    7.99    8.39    8.15    2.94    2.98   11.13     469
    8.39    8.74    8.86    2.59    2.30   11.16     469
    8.74    9.06    8.85    2.31    2.36   11.22     470
    9.06    9.38    7.68    2.11    3.65   11.33     469
    9.38    9.77    7.85    1.86    3.57   11.42     469
    9.77   10.20    9.33    1.58    2.23   11.56     469
   10.20   11.49    9.41    1.19    2.39   11.80     469

Int Range: [12,13.5]
  LAlpha  UAlpha     ROE    DExp    DAct    Rate     Num
   -2.78    6.39    6.97    7.87    6.00   12.97     535
    6.39    7.29    7.29    6.02    5.63   12.92     535
    7.29    7.98    6.79    5.22    6.09   12.88     535
    7.98    8.51    7.21    4.59    5.64   12.85     535
    8.51    8.96    9.08    4.08    3.74   12.82     535
    8.96    9.34    8.77    3.60    3.99   12.76     535
    9.34    9.73    9.86    3.26    2.93   12.80     535
    9.73   10.16   10.20    2.87    2.60   12.80     535
   10.16   10.69   10.95    2.38    1.83   12.78     535
   10.69   12.22    9.61    1.69    3.16   12.77     534

Int Range: [13.5,15]
  LAlpha  UAlpha     ROE    DExp    DAct    Rate     Num
   -0.70    6.08    5.37    9.50    8.92   14.29     652
    6.08    7.18    5.47    7.59    8.80   14.27     651
    7.18    7.92    6.96    6.67    7.28   14.25     652
    7.92    8.59    6.28    5.98    7.95   14.23     651
    8.59    9.18    8.93    5.37    5.32   14.26     652
    9.18    9.67   10.41    4.82    3.84   14.25     651
    9.67   10.17    9.01    4.34    5.25   14.26     652
   10.17   10.72   10.11    3.84    4.16   14.27     651
   10.72   11.33   11.07    3.27    3.20   14.28     652
   11.33   13.69   11.18    2.48    3.23   14.41     651

Int Range: [15,17]
  LAlpha  UAlpha     ROE    DExp    DAct    Rate     Num
   -5.45    5.10    5.37   12.91   10.85   16.22     580
    5.10    6.68    6.95   10.11    9.15   16.09     580
    6.68    7.68    6.98    8.78    9.01   15.99     580
    7.68    8.47    9.54    7.88    6.42   15.96     579
    8.47    9.16    8.27    7.07    7.62   15.88     580
    9.16    9.75    9.80    6.39    6.05   15.86     580
    9.75   10.39   10.06    5.77    5.77   15.83     579
   10.39   11.06    8.76    5.12    7.09   15.85     580
   11.06   11.86   11.49    4.34    4.29   15.78     580
   11.86   14.80   11.76    3.32    4.12   15.88     579

Int Range: [17,20]
  LAlpha  UAlpha     ROE    DExp    DAct    Rate     Num
   -7.02    3.33    1.87   17.49   16.74   18.61     559
    3.33    5.35    0.04   14.17   18.53   18.58     559
    5.35    6.73    8.42   12.44   10.10   18.51     559
    6.73    7.72    8.33   11.30   10.21   18.54     558
    7.72    8.65    7.58   10.29   10.90   18.48     559
    8.65    9.51    8.74    9.54    9.88   18.62     559
    9.51   10.41   10.40    8.67    8.23   18.62     558
   10.41   11.36   10.46    7.82    8.23   18.68     559
   11.36   12.46   12.07    6.82    6.64   18.71     559
   12.46   16.52   13.29    5.31    5.53   18.81     558

Int Range: [20,30]
  LAlpha  UAlpha     ROE    DExp    DAct    Rate     Num
   -9.86   -0.22   -0.70   25.97   23.96   23.25     327
   -0.22    2.56   -6.70   21.44   29.35   22.64     326
    2.56    4.49    1.72   18.92   20.73   22.46     326
    4.49    6.03    2.80   16.97   19.47   22.27     327
    6.03    7.33    9.37   15.58   12.89   22.26     326
    7.33    8.62   10.50   14.13   11.58   22.08     326
    8.62    9.79    5.59   13.07   16.70   22.29     327
    9.79   11.02    7.10   11.88   15.16   22.27     326
   11.02   12.63   11.99   10.62   10.39   22.38     326
   12.63   19.16   12.84    8.76    9.97   22.80     326


MinAlpha	ROE	Count
-5	7.91	38091
-4	7.94	38049
-3	7.95	37995
-2	7.95	37916
-1	7.98	37805
0	8.04	37625
1	8.09	37398
2	8.14	37100
3	8.21	36592
4	8.38	35773
5	8.54	34068
6	8.83	30891
7	9.12	26274
8	9.52	20711
9	10.06	14880
10	10.83	8998
11	11.46	4542
12	12.87	1962
13	12.20	758
14	12.77	295
15	14.78	91

Forest Importance
('pub_rec', 0.00020511615627431503)
('delinq_2yrs', 0.00059835591656547528)
('term', 0.0022176369454756165)
('verification_status', 0.003443665214917584)
('mths_since_last_record', 0.003868606313213549)
('loan_amnt', 0.0039738397051389904)
('even_loan_amnt', 0.0049132424941805697)
('purpose', 0.0050816161346186077)
('home_ownership', 0.012203154436943411)
('open_acc', 0.013693881018971123)
('inq_last_6mths', 0.013949061885587193)
('int_pymt', 0.019781055972522554)
('total_acc', 0.020734913572769485)
('mths_since_last_delinq', 0.02283848189997249)
('installment', 0.026969414147773672)
('revol_bal', 0.026998614819818068)
('tok4_capitalization_log_odds', 0.029587316702150927)
('revol_util', 0.030092947009268248)
('dti', 0.030541925072122056)
('emp_length', 0.031160827214699191)
('clean_title_rank', 0.033109839121783974)
('revol_bal_pct_inc', 0.033666058212131304)
('revol_bal-loan', 0.034570235444370802)
('credit_length', 0.034729091229806219)
('annual_inc', 0.036556363283028921)
('int_pct_inc', 0.037132657605174389)
('pct_med_inc', 0.039560690054020277)
('urate', 0.041710257133542192)
('pymt_pct_inc', 0.04761279669117964)
('tok4_clean_title_log_odds', 0.050624207223341579)
('sub_grade', 0.083803615491979344)
('int_rate', 0.22407051587665816)


Forest Parameters
oob_score: False
n_jobs: 8
verbose: 0
min_density: None
compute_importances: None
max_leaf_nodes: None
bootstrap: True
min_samples_leaf: 150
n_estimators: 400
min_samples_split: 2
random_state: None
criterion: mse
max_features: auto
max_depth: None
