OOS Cutoff = 2015-01-01
Int Range: [0,7]
  LAlpha  UAlpha     ROE    DExp    DAct    Rate     Num
  -21.46    4.49    5.59    2.59    0.91    6.50     526
    4.49    4.87    6.13    1.71    0.28    6.41     525
    4.87    5.12    4.96    1.41    1.45    6.41     526
    5.12    5.32    6.05    1.21    0.38    6.44     525
    5.32    5.49    6.22    1.04    0.22    6.44     525
    5.49    5.65    6.29    0.91    0.19    6.48     526
    5.65    5.80    6.26    0.82    0.28    6.54     525
    5.80    5.98    6.00    0.77    0.66    6.66     526
    5.98    6.19    6.28    0.64    0.44    6.72     525
    6.19    6.85    6.20    0.52    0.72    6.92     525

Int Range: [7,10]
  LAlpha  UAlpha     ROE    DExp    DAct    Rate     Num
    0.90    4.59    5.35    4.61    3.15    8.50    1155
    4.59    5.19    5.99    3.54    2.47    8.46    1155
    5.19    5.59    6.53    2.97    1.85    8.38    1155
    5.59    5.91    7.02    2.67    1.41    8.42    1154
    5.91    6.17    6.66    2.33    1.71    8.37    1155
    6.17    6.42    6.48    2.08    1.89    8.38    1155
    6.42    6.68    7.15    1.89    1.29    8.44    1154
    6.68    6.97    7.26    1.75    1.31    8.57    1155
    6.97    7.39    7.52    1.68    1.31    8.84    1155
    7.39    9.16    8.78    1.54    0.56    9.34    1154

Int Range: [10,12]
  LAlpha  UAlpha     ROE    DExp    DAct    Rate     Num
   -1.21    5.09    6.40    7.47    5.04   11.43     908
    5.09    5.94    8.40    5.81    2.95   11.35     907
    5.94    6.51    7.50    5.07    3.80   11.30     908
    6.51    6.99    7.61    4.57    3.70   11.31     907
    6.99    7.41    7.37    4.04    3.88   11.25     908
    7.41    7.80    8.29    3.66    2.98   11.27     907
    7.80    8.18    7.91    3.28    3.35   11.27     908
    8.18    8.57    9.65    2.90    1.63   11.27     907
    8.57    9.05    8.17    2.45    3.07   11.25     908
    9.05   10.77    9.15    1.95    2.28   11.43     907

Int Range: [12,13.5]
  LAlpha  UAlpha     ROE    DExp    DAct    Rate     Num
   -1.73    4.14    6.58    9.82    6.16   12.73     816
    4.14    5.15    7.27    8.03    5.44   12.71     816
    5.15    5.89    7.01    7.16    5.69   12.69     816
    5.89    6.43    8.15    6.51    4.52   12.68     816
    6.43    6.95    8.53    6.00    4.16   12.69     816
    6.95    7.46    9.29    5.50    3.41   12.70     816
    7.46    7.92    7.94    4.99    4.74   12.68     816
    7.92    8.49    8.93    4.51    3.77   12.70     816
    8.49    9.20    8.62    3.89    4.10   12.72     816
    9.20   11.54   10.13    2.97    2.66   12.79     816

Int Range: [13.5,15]
  LAlpha  UAlpha     ROE    DExp    DAct    Rate     Num
   -2.26    4.03    6.68   11.50    7.52   14.20     851
    4.03    5.11    6.08    9.60    8.13   14.22     850
    5.11    5.88    7.83    8.73    6.42   14.24     850
    5.88    6.59   10.20    8.01    4.05   14.26     851
    6.59    7.20    8.89    7.35    5.36   14.25     850
    7.20    7.81    8.72    6.76    5.54   14.26     850
    7.81    8.42    9.48    6.17    4.79   14.27     851
    8.42    9.11   10.34    5.53    3.95   14.29     850
    9.11   10.01   10.19    4.76    4.10   14.29     850
   10.01   13.13    9.85    3.61    4.58   14.43     850

Int Range: [15,17]
  LAlpha  UAlpha     ROE    DExp    DAct    Rate     Num
   -9.47    1.15    2.93   17.00   13.13   16.05     631
    1.15    3.06    6.30   13.87    9.76   16.06     631
    3.06    4.29    4.41   12.36   11.64   16.05     630
    4.29    5.28    6.28   11.28    9.79   16.07     631
    5.28    6.15    8.29   10.35    7.78   16.07     630
    6.15    6.95    8.24    9.51    7.81   16.05     631
    6.95    7.74    9.45    8.71    6.58   16.03     631
    7.74    8.62    9.91    7.85    6.12   16.02     630
    8.62    9.61    9.54    6.96    6.51   16.05     631
    9.61   13.63   10.41    5.54    5.66   16.07     630

Int Range: [17,20]
  LAlpha  UAlpha     ROE    DExp    DAct    Rate     Num
  -14.34   -1.45    0.53   23.13   18.39   18.92     686
   -1.45    0.94    2.98   18.68   15.56   18.53     686
    0.94    2.62    6.40   16.57   12.02   18.43     686
    2.62    3.94    5.94   15.02   12.37   18.30     685
    3.94    5.02    4.25   13.76   14.00   18.25     686
    5.02    6.14    7.46   12.68   10.78   18.24     686
    6.14    7.17    6.63   11.46   11.49   18.12     685
    7.17    8.28    9.22   10.49    8.98   18.19     686
    8.28    9.63    6.83    9.15   11.27   18.10     686
    9.63   14.04   10.63    7.33    7.55   18.17     685

Int Range: [20,30]
  LAlpha  UAlpha     ROE    DExp    DAct    Rate     Num
  -15.59   -6.32   -4.42   32.35   28.06   23.64     311
   -6.32   -3.90   -3.59   28.12   26.73   23.14     311
   -3.90   -2.15   -0.11   26.41   23.52   23.40     311
   -2.15   -0.55    1.01   24.56   22.27   23.28     311
   -0.55    0.91    6.91   22.82   16.13   23.05     311
    0.91    2.49    5.89   21.36   17.16   23.05     311
    2.49    4.03    3.55   19.82   19.51   23.05     311
    4.03    5.77    9.84   17.95   12.96   22.79     311
    5.77    8.07    7.31   15.92   15.46   22.77     311
    8.07   17.13    8.58   12.50   14.34   22.92     310


MinAlpha	ROE	Count
-5	7.38	58126
-4	7.41	57863
-3	7.45	57528
-2	7.53	57130
-1	7.55	56619
0	7.60	55983
1	7.66	55080
2	7.68	53986
3	7.76	52325
4	7.86	49533
5	8.10	43640
6	8.45	32783
7	8.96	21307
8	9.37	12432
9	9.72	6096
10	10.44	2351
11	10.92	808
12	12.10	212
13	11.08	48
14	7.87	16
15	3.73	8

Forest Importance
('purpose', 0.00315273919284783)
('even_loan_amnt', 0.0036351170606217079)
('loan_amnt', 0.0075256584994532558)
('home_ownership', 0.017339810420479974)
('total_acc', 0.019628097706503748)
('avg_urate', 0.021696278964375978)
('emp_length', 0.022718804619051611)
('urate', 0.023081895961430968)
('annual_inc', 0.023230835585146128)
('installment', 0.024620101527091581)
('clean_title_rank', 0.025695926848731617)
('urate_range', 0.026025223801030471)
('revol_util', 0.026547579470319483)
('urate_chg', 0.027817686025694299)
('int_pct_inc', 0.028174311801004097)
('pct_med_inc', 0.02829195857145602)
('revol_bal-loan', 0.028904842839114715)
('credit_length', 0.029200769183461438)
('revol_bal_pct_inc', 0.030335310168324768)
('caploC', 0.030652084616792231)
('hpa4', 0.032022585515299705)
('dti', 0.032620382660331869)
('pymt_pct_inc', 0.044513678297687792)
('ctloC', 0.053583267400661452)
('sub_grade', 0.38898505326308713)


Forest Parameters
oob_score: False
n_jobs: 8
verbose: 0
min_density: None
compute_importances: None
max_leaf_nodes: None
bootstrap: True
min_samples_leaf: 200
n_estimators: 200
min_samples_split: 2
random_state: None
criterion: mse
max_features: auto
max_depth: None
