OOS Cutoff = 2014-08-01 00:00:00
Int Range: [0,7]
  LAlpha  UAlpha     ROE    DExp    DAct    Rate     Num
   -8.47    4.46    5.19    2.45    1.04    6.22     185
    4.46    4.87    5.27    1.50    0.92    6.19     185
    4.87    5.15    5.52    1.12    0.62    6.14     185
    5.15    5.31    6.17    0.94    0.00    6.17     185
    5.31    5.45    6.15    0.76    0.00    6.15     185
    5.45    5.58    5.99    0.63    0.15    6.15     185
    5.58    5.68    5.56    0.55    0.62    6.18     185
    5.68    5.80    5.76    0.44    0.42    6.18     185
    5.80    6.01    4.74    0.44    1.58    6.32     185
    6.01    6.38    6.49    0.34    0.00    6.49     184

Int Range: [7,10]
  LAlpha  UAlpha     ROE    DExp    DAct    Rate     Num
   -0.50    4.93    4.18    3.83    3.81    7.99     461
    4.93    5.54    5.51    2.77    2.51    8.02     461
    5.54    5.89    5.47    2.22    2.47    7.94     461
    5.89    6.19    5.85    1.87    2.07    7.92     461
    6.19    6.43    6.43    1.67    1.56    7.98     460
    6.43    6.65    6.44    1.51    1.61    8.05     461
    6.65    6.90    6.40    1.29    1.66    8.06     461
    6.90    7.23    6.32    1.46    2.21    8.52     461
    7.23    7.63    7.41    1.41    1.41    8.82     461
    7.63    8.66    6.97    1.10    2.11    9.08     460

Int Range: [10,12]
  LAlpha  UAlpha     ROE    DExp    DAct    Rate     Num
    0.94    5.99    6.62    5.96    4.20   10.82     450
    5.99    6.77    6.26    4.27    4.44   10.70     450
    6.77    7.28    7.93    3.74    2.84   10.77     450
    7.28    7.67    7.88    3.38    2.97   10.86     450
    7.67    8.00    8.16    3.12    2.79   10.95     450
    8.00    8.32    8.75    2.74    2.16   10.90     450
    8.32    8.65    7.78    2.47    3.18   10.96     450
    8.65    9.01    7.46    2.14    3.51   10.97     450
    9.01    9.52    8.90    1.94    2.30   11.20     450
    9.52   10.95   10.21    1.53    1.23   11.44     450

Int Range: [12,13.5]
  LAlpha  UAlpha     ROE    DExp    DAct    Rate     Num
   -3.30    5.19    4.55    9.15    8.41   12.96     446
    5.19    6.21    5.92    7.16    6.98   12.90     446
    6.21    6.87    6.13    6.40    6.81   12.93     446
    6.87    7.47    8.90    5.76    4.04   12.94     446
    7.47    8.03    6.73    5.17    6.20   12.93     445
    8.03    8.46    7.44    4.70    5.50   12.95     446
    8.46    8.92    8.35    4.25    4.59   12.94     446
    8.92    9.45    8.34    3.75    4.59   12.94     446
    9.45   10.09    9.01    3.21    3.94   12.95     446
   10.09   12.18    9.98    2.35    3.06   13.04     445

Int Range: [13.5,15]
  LAlpha  UAlpha     ROE    DExp    DAct    Rate     Num
   -2.88    4.74    4.71   11.19    9.76   14.47     436
    4.74    5.93    5.01    9.11    9.46   14.47     436
    5.93    6.88    4.61    8.01    9.85   14.46     436
    6.88    7.56    6.93    7.23    7.52   14.45     436
    7.56    8.24    8.14    6.54    6.30   14.44     436
    8.24    8.89    8.42    5.90    6.05   14.47     436
    8.89    9.51    9.41    5.24    5.03   14.43     436
    9.51   10.21    9.42    4.61    5.04   14.47     436
   10.21   10.99   10.17    3.81    4.23   14.40     436
   10.99   13.72   10.48    2.87    4.06   14.54     435

Int Range: [15,17]
  LAlpha  UAlpha     ROE    DExp    DAct    Rate     Num
   -7.56    3.74   -3.93   14.75   20.31   16.37     343
    3.74    5.19    4.34   11.71   11.92   16.26     342
    5.19    6.32    9.13   10.44    7.08   16.21     342
    6.32    7.22    5.13    9.43   11.08   16.21     343
    7.22    7.98    6.86    8.68    9.43   16.29     342
    7.98    8.69    8.92    7.97    7.38   16.30     342
    8.69    9.42    9.55    7.22    6.71   16.25     343
    9.42   10.26    8.23    6.41    8.00   16.23     342
   10.26   11.22   11.21    5.49    5.00   16.21     342
   11.22   14.07   10.56    4.35    5.78   16.33     342

Int Range: [17,20]
  LAlpha  UAlpha     ROE    DExp    DAct    Rate     Num
  -10.54    2.00   -2.75   19.16   21.38   18.63     319
    2.00    4.27    7.35   15.32   11.21   18.56     319
    4.27    5.71    2.89   13.42   15.56   18.45     319
    5.71    6.83    9.44   12.18    9.03   18.47     319
    6.83    7.78    5.02   11.07   13.38   18.39     318
    7.78    8.66    4.36   10.11   13.98   18.34     319
    8.66    9.52    9.47    9.30    8.92   18.39     319
    9.52   10.41    6.06    8.38   12.30   18.37     319
   10.41   11.66   11.77    7.45    6.67   18.44     319
   11.66   15.26   10.39    5.81    8.13   18.53     318

Int Range: [20,30]
  LAlpha  UAlpha     ROE    DExp    DAct    Rate     Num
  -16.84   -3.42   -1.31   29.63   24.31   23.00     299
   -3.42   -0.25    0.46   24.66   22.47   22.94     298
   -0.25    2.06    0.07   22.16   23.01   23.09     299
    2.06    4.23   -3.30   19.79   26.26   22.96     298
    4.23    6.03    5.32   17.64   17.46   22.78     298
    6.03    7.57    7.25   15.99   15.56   22.80     299
    7.57    9.31    8.69   14.68   14.41   23.10     298
    9.31   11.10    9.41   12.78   13.52   22.93     299
   11.10   13.34    9.23   10.60   13.54   22.77     298
   13.34   19.41   11.49    8.26   12.01   23.50     298


MinAlpha	ROE	Count
-5	6.89	29163
-4	6.93	29071
-3	6.93	28989
-2	6.94	28876
-1	6.99	28716
0	7.09	28509
1	7.14	28235
2	7.23	27843
3	7.33	27366
4	7.47	26503
5	7.66	24565
6	8.09	20625
7	8.57	15969
8	9.00	11366
9	9.74	7165
10	10.26	3979
11	10.70	2025
12	10.67	973
13	12.95	480
14	13.33	265
15	16.65	161

Forest Importance
('pub_rec', 0.00018596988942898684)
('delinq_2yrs', 0.00073713603474829538)
('term', 0.0015838187354261157)
('loan_amnt', 0.0036861761331042765)
('purpose', 0.0039333762520990349)
('verification_status', 0.004005604384427092)
('mths_since_last_record', 0.0045842936850195191)
('even_loan_amnt', 0.0050118551492530691)
('mths_since_last_major_derog', 0.005875650947088684)
('open_acc', 0.011938026771142916)
('home_ownership', 0.014194872528058435)
('inq_last_6mths', 0.014478008809271269)
('int_pymt', 0.017098013939401156)
('mths_since_last_delinq', 0.018541710038039564)
('total_acc', 0.019689539048389569)
('installment', 0.020865668363526341)
('revol_bal', 0.023586158576318884)
('dti', 0.024397065251459148)
('emp_length', 0.024485957793952282)
('annual_inc', 0.027915952123027398)
('tok4_capitalization_log_odds', 0.02843706562782309)
('revol_util', 0.029015206835369681)
('clean_title_rank', 0.029116580313738073)
('revol_bal_pct_inc', 0.029746576009925096)
('revol_bal-loan', 0.030179631380445972)
('pct_med_inc', 0.03139476346139855)
('urate_chg', 0.031545820206730794)
('credit_length', 0.031644903717595339)
('urate', 0.033276032740383557)
('int_pct_inc', 0.035169611037137678)
('hpa4', 0.037157699517869451)
('pymt_pct_inc', 0.04708799041370719)
('tok4_clean_title_log_odds', 0.055894860251564642)
('sub_grade', 0.14066985121565856)
('int_rate', 0.16286855281747031)


Forest Parameters
oob_score: False
n_jobs: 8
verbose: 0
min_density: None
compute_importances: None
max_leaf_nodes: None
bootstrap: True
min_samples_leaf: 150
n_estimators: 400
min_samples_split: 2
random_state: None
criterion: mse
max_features: auto
max_depth: None
