OOS Cutoff = 2013-10-01 00:00:00
Int Range: [0,7]
  LAlpha  UAlpha     ROE    DExp    DAct    Rate     Num
   -0.92    4.31    5.05    2.50    1.30    6.35     212
    4.31    4.58    6.03    1.66    0.11    6.14     212
    4.58    4.62    6.04    1.44    0.00    6.04     210
    4.62    4.63    5.00    1.41    1.04    6.03     191
    4.63    4.71    5.00    1.42    1.06    6.07     235
    4.71    5.15    6.08    1.67    0.58    6.66     212
    5.15    5.20    6.07    1.45    0.55    6.63     210
    5.20    5.22    4.60    1.41    2.02    6.62     214
    5.22    5.42    6.20    1.43    0.47    6.67     212
    5.42    5.58    5.86    1.43    1.11    6.97     178

Int Range: [7,10]
  LAlpha  UAlpha     ROE    DExp    DAct    Rate     Num
    3.33    6.00    6.52    2.40    1.38    7.90    1038
    6.00    6.13    7.35    1.83    0.57    7.92    1021
    6.13    6.22    6.75    1.63    1.04    7.79    1056
    6.22    6.27    6.95    1.69    0.98    7.94     918
    6.27    6.92    7.78    2.35    1.25    9.03    1153
    6.92    7.14    7.81    1.99    1.24    9.05    1041
    7.14    7.19    7.83    1.75    1.08    8.91    1040
    7.19    7.76    7.62    2.07    1.97    9.59    1038
    7.76    7.85    8.57    1.87    1.11    9.69    1038
    7.85    8.01    8.76    1.94    1.09    9.85     997

Int Range: [10,12]
  LAlpha  UAlpha     ROE    DExp    DAct    Rate     Num
    3.45    6.93    9.15    5.51    2.81   11.96     782
    6.93    7.73    9.69    4.57    2.19   11.88     781
    7.73    7.98    8.92    3.45    2.42   11.34     780
    7.98    8.35    9.54    3.58    2.24   11.78     782
    8.35    8.69    9.50    3.02    2.05   11.55     766
    8.69    8.80   10.50    2.92    1.16   11.66     793
    8.80    8.86    9.96    2.72    1.60   11.56     744
    8.86    8.91   10.30    2.54    1.12   11.42     820
    8.91    8.96   10.14    2.05    0.85   10.99     765
    8.96    9.00    9.92    2.01    1.07   10.99     635

Int Range: [12,13.5]
  LAlpha  UAlpha     ROE    DExp    DAct    Rate     Num
    4.39    7.44    9.27    5.99    3.65   12.92     403
    7.44    7.82    9.37    5.26    3.55   12.93     403
    7.82    8.18   10.54    4.91    2.40   12.94     402
    8.18    8.67   11.14    4.51    1.79   12.93     403
    8.67    9.04   11.23    4.06    1.69   12.92     402
    9.04    9.28   10.68    3.78    2.25   12.93     401
    9.28    9.53   10.49    3.50    2.43   12.92     383
    9.53    9.66   10.48    3.31    2.44   12.92     404
    9.66    9.72   12.29    3.24    0.63   12.92     420
    9.72    9.82   12.23    3.21    0.76   12.99     251

Int Range: [13.5,15]
  LAlpha  UAlpha     ROE    DExp    DAct    Rate     Num
    5.08    7.98   11.21    7.09    3.23   14.43     992
    7.98    8.52   10.80    5.84    3.31   14.11     992
    8.52    9.04   11.11    5.24    2.91   14.02     992
    9.04    9.42   11.03    4.95    3.14   14.17     992
    9.42    9.79   11.80    4.48    2.29   14.09     989
    9.79   10.15   11.13    4.13    2.97   14.09     994
   10.15   10.34   11.27    3.75    2.74   14.01     984
   10.34   10.51   11.31    3.68    2.80   14.11    1000
   10.51   10.94   12.20    3.48    1.97   14.18     992
   10.94   11.25   12.24    3.29    2.14   14.38     972

Int Range: [15,17]
  LAlpha  UAlpha     ROE    DExp    DAct    Rate     Num
    5.83    8.12   11.27    9.00    4.74   16.01     941
    8.12    8.66   11.06    7.24    4.61   15.67     940
    8.66    8.98   11.91    7.06    3.98   15.89     938
    8.98    9.40   12.22    6.95    3.89   16.12     942
    9.40    9.92   12.33    6.32    3.66   15.99     940
    9.92   10.48   12.41    5.53    3.33   15.74     941
   10.48   10.91   12.56    5.04    3.21   15.77     939
   10.91   11.19   12.04    4.71    3.70   15.74     941
   11.19   11.60   13.25    4.62    2.78   16.03     940
   11.60   12.28   13.20    4.05    2.68   15.88     937

Int Range: [17,20]
  LAlpha  UAlpha     ROE    DExp    DAct    Rate     Num
    7.15    9.48   11.75    9.57    6.29   18.04     909
    9.48   10.07   11.66    7.94    6.07   17.73     909
   10.07   10.50   11.79    7.57    6.05   17.84     909
   10.50   11.15   13.18    7.44    5.04   18.22     909
   11.15   11.54   13.22    7.30    5.44   18.66     908
   11.54   11.98   12.75    6.83    5.84   18.58     909
   11.98   12.38   13.96    5.94    4.16   18.13     910
   12.38   12.77   14.22    5.51    3.87   18.09     909
   12.77   13.34   14.90    5.74    3.87   18.77     909
   13.34   14.43   14.96    5.73    4.53   19.49     908

Int Range: [20,30]
  LAlpha  UAlpha     ROE    DExp    DAct    Rate     Num
    8.54   10.82   13.82   13.17    9.59   23.41     665
   10.82   11.54   13.93   12.11    9.37   23.30     665
   11.54   12.23   14.41   10.82    8.32   22.73     665
   12.23   12.54   14.67    9.14    6.86   21.53     665
   12.54   12.90   14.44    9.28    7.54   21.99     665
   12.90   13.56   14.88    9.13    7.49   22.37     665
   13.56   14.09   13.79    8.31    8.36   22.15     665
   14.09   14.45   15.03    7.94    7.19   22.22     665
   14.45   14.78   16.46    7.64    5.79   22.25     665
   14.78   16.13   18.13    8.45    5.42   23.55     664


Forest Importance
('even_loan_amnt', 0.0)
('pub_rec', 0.0)
('delinq_2yrs', 0.0)
('issue_mth', 7.970232015178417e-05)
('mths_since_last_record', 8.0608017439703461e-05)
('med_inc', 0.00017349434334938774)
('term', 0.00019674559061394877)
('loan_amnt', 0.00021957544106805161)
('home_ownership', 0.00023781709131215624)
('open_acc', 0.00024670471783182256)
('mod_rate', 0.00030498947881069436)
('zip_code', 0.00044872999804883523)
('urate_chg', 0.0005363959634226489)
('is_inc_v', 0.00055043925251647247)
('total_acc', 0.00059684341993452661)
('avg_urate', 0.00060553599122593579)
('dti', 0.00061071045668720898)
('urate_range', 0.00061343446374027485)
('title_first_word_rank', 0.00079962005388936987)
('clean_title_rank', 0.00089530962351129213)
('emp_length', 0.0010318700519792508)
('int_pymt', 0.0010370523624186995)
('emp_title_rank', 0.0011279499577886169)
('title_last_word_rank', 0.0012628291572595524)
('short_title_rank', 0.0012982897956189063)
('credit_length', 0.00131660766254219)
('urate', 0.0016222213299136115)
('fico_range_low', 0.0016532298684764672)
('revol_bal', 0.0016652395416349532)
('mths_since_last_delinq', 0.0019995454634876529)
('revol_bal-loan', 0.002136253519732101)
('installment', 0.0025871811425187009)
('revol_util', 0.0030582889976993374)
('title_upper_count', 0.0065056579584536686)
('caps_per_word', 0.010091955395461791)
('title_upper_pct', 0.015608072967929976)
('pct_med_inc', 0.022098044197319314)
('purpose', 0.037041017150188059)
('inq_last_6mths', 0.0427285109176938)
('int_rate', 0.11045192894308307)
('annual_inc', 0.12367747853186981)
('sub_grade', 0.6028041188633757)


Forest Parameters
oob_score: False
n_jobs: 8
verbose: 0
min_density: None
compute_importances: None
max_leaf_nodes: None
bootstrap: True
min_samples_leaf: 100
n_estimators: 400
min_samples_split: 2
random_state: None
criterion: mse
max_features: auto
max_depth: 4
