OOS Cutoff = 2014-03-01 00:00:00
Int Range: [0,7]
  LAlpha  UAlpha     ROE    DExp    DAct    Rate     Num
   -4.49    0.39    5.08    6.91    1.21    6.29      94
    0.39    1.07    6.37    5.62    0.00    6.37      94
    1.07    1.56    6.36    5.01    0.00    6.36      94
    1.56    1.92    6.40    4.66    0.00    6.40      93
    1.92    2.26    6.36    4.26    0.00    6.36      94
    2.26    2.60    5.16    3.93    1.21    6.37      94
    2.60    2.94    6.08    3.58    0.28    6.37      93
    2.94    3.28    6.39    3.29    0.00    6.39      94
    3.28    3.71    6.46    2.96    0.00    6.46      94
    3.71    4.99    5.64    2.45    0.92    6.56      93

Int Range: [7,10]
  LAlpha  UAlpha     ROE    DExp    DAct    Rate     Num
   -2.99    2.07    6.47    7.16    1.76    8.24     547
    2.07    2.86    6.43    5.87    1.93    8.37     546
    2.86    3.43    7.50    5.26    0.93    8.43     546
    3.43    3.89    7.10    4.79    1.35    8.45     547
    3.89    4.32    7.08    4.39    1.41    8.50     546
    4.32    4.70    8.16    4.07    0.43    8.58     546
    4.70    5.09    8.05    3.79    0.63    8.67     547
    5.09    5.58    6.97    3.55    1.91    8.88     546
    5.58    6.19    8.49    3.35    0.73    9.22     546
    6.19    8.41    7.91    2.77    1.60    9.51     546

Int Range: [10,12]
  LAlpha  UAlpha     ROE    DExp    DAct    Rate     Num
   -1.40    4.30    8.41    8.00    2.90   11.32     374
    4.30    5.27    9.71    6.52    1.66   11.37     374
    5.27    5.90    9.61    5.84    1.82   11.44     374
    5.90    6.45    9.32    5.29    2.15   11.47     374
    6.45    6.92    9.44    4.80    2.05   11.50     374
    6.92    7.38    8.78    4.35    2.72   11.50     374
    7.38    7.78    9.96    3.98    1.60   11.56     374
    7.78    8.19   10.35    3.57    1.21   11.55     374
    8.19    8.70   10.63    3.26    1.08   11.71     374
    8.70   10.84   10.62    2.67    1.28   11.89     374

Int Range: [12,13.5]
  LAlpha  UAlpha     ROE    DExp    DAct    Rate     Num
   -2.53    5.40    9.09    8.33    3.65   12.74     436
    5.40    6.39    7.60    6.81    5.14   12.74     436
    6.39    7.04    9.50    6.02    3.26   12.75     436
    7.04    7.55    9.88    5.45    2.87   12.75     436
    7.55    8.05   10.24    4.96    2.52   12.76     436
    8.05    8.51   10.38    4.43    2.34   12.71     436
    8.51    8.92   11.14    4.01    1.58   12.72     436
    8.92    9.35    9.93    3.63    2.84   12.76     436
    9.35    9.86   11.49    3.20    1.30   12.79     436
    9.86   11.45   10.06    2.57    2.80   12.86     436

Int Range: [13.5,15]
  LAlpha  UAlpha     ROE    DExp    DAct    Rate     Num
    0.82    6.15    8.97    9.05    5.16   14.13     628
    6.15    7.16    8.98    7.44    5.14   14.12     627
    7.16    7.94    8.47    6.56    5.65   14.12     628
    7.94    8.50   11.11    5.92    3.04   14.14     627
    8.50    9.05    9.38    5.37    4.75   14.14     628
    9.05    9.53    9.59    4.85    4.55   14.14     627
    9.53    9.99   10.61    4.41    3.57   14.17     628
    9.99   10.50   11.94    3.91    2.21   14.15     627
   10.50   11.12    9.87    3.41    4.34   14.20     628
   11.12   13.00   11.06    2.76    3.31   14.37     627

Int Range: [15,17]
  LAlpha  UAlpha     ROE    DExp    DAct    Rate     Num
   -2.53    6.32    8.23   11.09    7.70   15.94     581
    6.32    7.53    6.88    8.88    8.97   15.85     581
    7.53    8.37    9.51    7.83    6.28   15.80     581
    8.37    9.03   10.26    7.09    5.54   15.80     581
    9.03    9.59   11.61    6.48    4.20   15.80     581
    9.59   10.17   11.69    5.86    4.08   15.76     581
   10.17   10.71   11.73    5.27    3.98   15.71     581
   10.71   11.26   12.00    4.76    3.74   15.73     581
   11.26   11.89   11.61    4.17    4.13   15.74     581
   11.89   14.74   13.72    3.31    2.07   15.79     580

Int Range: [17,20]
  LAlpha  UAlpha     ROE    DExp    DAct    Rate     Num
   -8.87    4.12    4.65   16.52   13.92   18.58     568
    4.12    5.88   10.07   13.45    8.50   18.57     567
    5.88    7.16   10.65   11.99    7.89   18.54     568
    7.16    8.13   10.32   10.96    8.29   18.61     567
    8.13    8.96   11.41   10.05    7.19   18.60     567
    8.96    9.73   10.91    9.24    7.68   18.59     568
    9.73   10.51   13.11    8.53    5.54   18.65     567
   10.51   11.35   12.67    7.86    6.11   18.78     568
   11.35   12.43   13.61    6.98    5.24   18.84     567
   12.43   16.16   14.73    5.67    4.25   18.98     567

Int Range: [20,30]
  LAlpha  UAlpha     ROE    DExp    DAct    Rate     Num
  -12.54    0.35   -1.01   25.85   24.23   23.22     330
    0.35    3.42    8.44   20.95   14.45   22.89     329
    3.42    5.20   13.41   18.33    9.24   22.65     330
    5.20    6.72    9.12   16.29   13.21   22.34     329
    6.72    8.00    9.87   14.88   12.33   22.20     329
    8.00    9.14   13.79   13.71    8.51   22.30     330
    9.14   10.28    8.68   12.35   13.37   22.05     329
   10.28   11.48    6.82   11.23   15.29   22.11     330
   11.48   13.09   13.82    9.90    8.33   22.14     329
   13.09   18.47   12.92    8.28    9.75   22.67     329


MinAlpha	ROE	Count
-5	9.77	35500
-4	9.78	35471
-3	9.79	35428
-2	9.82	35356
-1	9.83	35232
0	9.86	35055
1	9.91	34651
2	10.01	33864
3	10.16	32505
4	10.32	30437
5	10.43	27770
6	10.64	24641
7	10.99	21033
8	11.32	16967
9	11.55	12350
10	11.99	7899
11	13.02	4323
12	13.76	1941
13	13.96	755
14	15.83	271
15	15.48	97

Forest Importance
('pub_rec', 0.00034396362416169572)
('delinq_2yrs', 0.0011668061258043481)
('mths_since_last_record', 0.0030279313773756067)
('term', 0.0030500791334196658)
('loan_amnt', 0.003609555598444007)
('purpose', 0.0039627454086900325)
('is_inc_v', 0.0042859635474946063)
('even_loan_amnt', 0.0063844484146847146)
('mod_rate', 0.0092910188693569335)
('home_ownership', 0.010596603085877822)
('inq_last_6mths', 0.01142885840857411)
('open_acc', 0.01233387176730048)
('fico_range_low', 0.015196122027092869)
('total_acc', 0.018953628905860845)
('mths_since_last_delinq', 0.020222990766777461)
('emp_title_rank', 0.020228031854582839)
('clean_title_rank', 0.020414437683904153)
('int_pymt', 0.020428882314972138)
('revol_bal', 0.022920965621353442)
('dti', 0.023146613969554895)
('installment', 0.024529656417707487)
('zip_code', 0.025427116683523127)
('short_title_rank', 0.027387699303233544)
('revol_util', 0.028552747702433708)
('pct_med_inc', 0.029210735661147843)
('sub_grade', 0.030046734447535521)
('emp_length', 0.031188834148232016)
('tok4_capitalization_log_odds', 0.031281788661809348)
('annual_inc', 0.031348483149713856)
('urate', 0.031668500939569542)
('revol_bal_pct_inc', 0.032546277858753282)
('med_inc', 0.032726855504790604)
('revol_bal-loan', 0.032754987662055542)
('credit_length', 0.034295827448282204)
('urate_chg', 0.035436564928292259)
('avg_urate', 0.037123218322880548)
('hpa4', 0.040922056481055194)
('tok4_clean_title_log_odds', 0.054743878363806321)
('pymt_pct_inc', 0.058415498907612447)
('int_rate', 0.11939901890228284)


Forest Parameters
oob_score: False
n_jobs: 8
verbose: 0
min_density: None
compute_importances: None
max_leaf_nodes: None
bootstrap: True
min_samples_leaf: 100
n_estimators: 400
min_samples_split: 2
random_state: None
criterion: mse
max_features: auto
max_depth: None
