OOS Cutoff = 2014-05-01 00:00:00
Int Range: [0,7]
  LAlpha  UAlpha     ROE    DExp    DAct    Rate     Num
    1.06    3.99    5.83    2.92    0.35    6.18      75
    3.99    4.60    6.21    1.86    0.00    6.21      75
    4.60    4.92    6.26    1.49    0.00    6.26      74
    4.92    5.15    6.21    1.18    0.00    6.21      75
    5.15    5.35    6.19    0.94    0.00    6.19      74
    5.35    5.50    6.18    0.75    0.00    6.18      75
    5.50    5.65    5.92    0.69    0.35    6.27      75
    5.65    5.78    5.10    0.54    1.16    6.25      74
    5.78    6.01    6.41    0.52    0.00    6.41      75
    6.01    6.53    6.55    0.34    0.00    6.55      74

Int Range: [7,10]
  LAlpha  UAlpha     ROE    DExp    DAct    Rate     Num
    1.93    5.37    6.93    3.52    1.16    8.09     265
    5.37    6.01    7.43    2.34    0.63    8.06     265
    6.01    6.39    7.38    1.93    0.74    8.12     265
    6.39    6.67    7.99    1.56    0.10    8.09     264
    6.67    6.91    7.28    1.33    0.85    8.13     265
    6.91    7.16    7.39    1.35    1.00    8.39     265
    7.16    7.41    8.02    1.15    0.42    8.44     264
    7.41    7.72    8.26    1.13    0.42    8.68     265
    7.72    8.10    8.62    1.03    0.32    8.94     265
    8.10    9.40    9.24    0.76    0.00    9.24     264

Int Range: [10,12]
  LAlpha  UAlpha     ROE    DExp    DAct    Rate     Num
    0.77    6.75    7.90    5.07    2.86   10.76     270
    6.75    7.58    8.12    3.65    2.75   10.87     269
    7.58    8.11    9.44    3.07    1.48   10.92     269
    8.11    8.52    9.42    2.57    1.47   10.89     269
    8.52    8.86    9.41    2.20    1.48   10.89     269
    8.86    9.17    8.69    1.98    2.31   11.00     269
    9.17    9.51    9.53    1.72    1.53   11.06     269
    9.51    9.85    9.27    1.65    2.05   11.33     269
    9.85   10.27    9.74    1.36    1.68   11.42     269
   10.27   11.66   10.36    0.99    1.31   11.66     269

Int Range: [12,13.5]
  LAlpha  UAlpha     ROE    DExp    DAct    Rate     Num
   -2.78    6.83    9.61    7.38    3.41   13.03     300
    6.83    7.85    8.72    5.59    4.26   12.98     299
    7.85    8.56   10.42    4.67    2.47   12.89     299
    8.56    9.07    9.78    4.13    3.18   12.96     300
    9.07    9.49   10.87    3.63    2.05   12.92     299
    9.49    9.90   10.81    3.16    2.05   12.86     299
    9.90   10.26   10.88    2.76    1.97   12.85     300
   10.26   10.63   10.47    2.42    2.39   12.86     299
   10.63   11.08    9.55    1.94    3.25   12.79     299
   11.08   12.28   11.18    1.36    1.65   12.83     299

Int Range: [13.5,15]
  LAlpha  UAlpha     ROE    DExp    DAct    Rate     Num
   -1.49    6.77   10.34    8.78    4.02   14.36     328
    6.77    7.77    8.28    7.08    6.12   14.40     328
    7.77    8.55    9.77    6.20    4.63   14.39     327
    8.55    9.15   10.05    5.47    4.27   14.33     328
    9.15    9.67   10.40    4.94    3.96   14.35     327
    9.67   10.14   12.77    4.42    1.57   14.34     328
   10.14   10.60   12.80    3.94    1.51   14.32     328
   10.60   11.13   12.53    3.53    1.86   14.39     327
   11.13   11.83   12.15    2.89    2.21   14.35     328
   11.83   13.98   12.54    2.15    2.02   14.56     327

Int Range: [15,17]
  LAlpha  UAlpha     ROE    DExp    DAct    Rate     Num
   -7.74    5.86   11.31   12.72    5.17   16.48     275
    5.86    7.23   13.27    9.57    2.91   16.18     275
    7.23    8.39    9.72    8.24    6.37   16.09     275
    8.39    9.19   11.95    7.29    4.15   16.11     275
    9.19    9.79   12.71    6.53    3.30   16.01     274
    9.79   10.36    9.56    5.89    6.41   15.96     275
   10.36   10.94   12.58    5.29    3.36   15.94     275
   10.94   11.61   12.08    4.70    3.89   15.97     275
   11.61   12.38   14.02    4.07    2.03   16.05     275
   12.38   14.87   13.06    3.02    3.01   16.07     274

Int Range: [17,20]
  LAlpha  UAlpha     ROE    DExp    DAct    Rate     Num
   -6.14    4.36   11.67   16.75    6.85   18.52     249
    4.36    6.26    6.45   12.97   11.92   18.37     248
    6.26    7.66   10.94   11.38    7.45   18.38     249
    7.66    8.82    8.93   10.16    9.50   18.43     248
    8.82    9.77   14.37    9.09    4.02   18.39     249
    9.77   10.61   11.46    8.30    7.04   18.50     248
   10.61   11.61   12.39    7.47    6.20   18.59     249
   11.61   12.50   12.84    6.60    5.81   18.65     248
   12.50   13.53   12.49    5.56    6.04   18.53     249
   13.53   16.83   14.16    4.39    4.66   18.82     248

Int Range: [20,30]
  LAlpha  UAlpha     ROE    DExp    DAct    Rate     Num
  -12.10    1.23    7.54   26.35   16.25   23.79     150
    1.23    4.53    2.95   20.12   20.16   23.12     149
    4.53    6.46    2.22   17.20   20.51   22.73     150
    6.46    8.03   15.50   15.09    6.87   22.37     149
    8.03    9.38   14.82   13.34    7.23   22.06     150
    9.38   10.54   11.59   12.12   10.51   22.10     149
   10.54   11.65   13.53   10.87    8.42   21.95     150
   11.65   12.69   12.12    9.68    9.74   21.85     149
   12.69   14.13   12.17    8.85   10.06   22.23     150
   14.13   19.59   13.94    7.50    9.02   22.96     149


MinAlpha	ROE	Count
-5	10.23	19056
-4	10.22	19040
-3	10.22	19018
-2	10.24	18996
-1	10.24	18950
0	10.24	18904
1	10.23	18840
2	10.27	18746
3	10.27	18575
4	10.32	18284
5	10.43	17651
6	10.66	16252
7	10.96	14255
8	11.33	11766
9	11.69	9092
10	11.96	6120
11	12.53	3371
12	13.15	1713
13	13.75	799
14	13.77	340
15	14.57	137

Forest Importance
('pub_rec', 0.00041531106519921665)
('tok4_clean_title_log_odds_mean', 0.0011755412746287568)
('delinq_2yrs', 0.0018943221720536347)
('is_inc_v', 0.0024605622232222323)
('term', 0.0029437636102650593)
('purpose', 0.0034338210555727084)
('loan_amnt', 0.0035464424903594834)
('even_loan_amnt', 0.0036613524723967759)
('mths_since_last_record', 0.0038846927412903632)
('mod_rate', 0.0072515648719936989)
('home_ownership', 0.008164297874736038)
('inq_last_6mths', 0.010275739453687873)
('open_acc', 0.01113675462146037)
('sub_grade', 0.01413107558127436)
('fico_range_low', 0.014734882748236318)
('tok4_capitalization_log_odds', 0.014877067193894143)
('total_acc', 0.016484670675770207)
('clean_title_rank', 0.016657226920297617)
('mths_since_last_delinq', 0.016668883622481014)
('int_pymt', 0.017353982725162552)
('emp_title_rank', 0.019208208760108952)
('installment', 0.019974910965920988)
('emp_length', 0.021179405458289509)
('annual_inc', 0.021343796772923144)
('revol_bal', 0.022184978818775725)
('urate', 0.022297850462949541)
('zip_code', 0.023496805885733722)
('short_title_rank', 0.023659890152661588)
('dti', 0.02437742413105283)
('avg_urate', 0.024556638425746461)
('revol_util', 0.02502843153268337)
('revol_bal-loan', 0.02684834933075007)
('credit_length', 0.027881240949032507)
('med_inc', 0.028326332865583833)
('pct_med_inc', 0.028328678321027905)
('urate_range', 0.028736382198958195)
('revol_bal_pct_inc', 0.02936496564264757)
('hpa4', 0.029795143857797298)
('urate_chg', 0.031059721719625379)
('pymt_pct_inc', 0.048151859582857129)
('tok4_clean_title_log_odds', 0.077771086791273772)
('int_rate', 0.22527594197961789)


Forest Parameters
oob_score: False
n_jobs: 8
verbose: 0
min_density: None
compute_importances: None
max_leaf_nodes: None
bootstrap: True
min_samples_leaf: 100
n_estimators: 400
min_samples_split: 2
random_state: None
criterion: mse
max_features: auto
max_depth: None
