OOS Cutoff = 2014-08-01 00:00:00
Int Range: [0,7]
  LAlpha  UAlpha     ROE    DExp    DAct    Rate     Num
   -7.96    4.33    5.65    2.53    0.57    6.22     185
    4.33    4.84    4.95    1.55    1.23    6.19     185
    4.84    5.14    5.57    1.19    0.62    6.19     185
    5.14    5.32    6.16    0.93    0.00    6.16     185
    5.32    5.46    6.14    0.75    0.00    6.14     185
    5.46    5.58    5.09    0.61    1.04    6.13     185
    5.58    5.69    6.16    0.53    0.00    6.16     185
    5.69    5.80    5.14    0.44    1.04    6.18     185
    5.80    6.03    6.33    0.44    0.00    6.33     185
    6.03    6.40    6.07    0.33    0.42    6.49     184

Int Range: [7,10]
  LAlpha  UAlpha     ROE    DExp    DAct    Rate     Num
    0.18    4.89    5.11    3.83    2.85    7.96     461
    4.89    5.50    4.94    2.81    3.10    8.04     461
    5.50    5.86    5.24    2.23    2.68    7.92     461
    5.86    6.16    5.78    1.98    2.22    8.00     461
    6.16    6.40    6.46    1.66    1.49    7.95     460
    6.40    6.64    6.69    1.48    1.31    8.00     461
    6.64    6.90    6.20    1.34    1.90    8.10     461
    6.90    7.23    6.72    1.51    1.85    8.56     461
    7.23    7.63    7.10    1.38    1.70    8.80     461
    7.63    8.78    7.66    1.07    1.41    9.06     460

Int Range: [10,12]
  LAlpha  UAlpha     ROE    DExp    DAct    Rate     Num
    0.79    5.96    6.33    5.98    4.46   10.80     450
    5.96    6.71    6.79    4.39    3.96   10.75     450
    6.71    7.23    8.03    3.78    2.73   10.76     450
    7.23    7.64    7.24    3.46    3.66   10.90     450
    7.64    8.00    8.21    3.04    2.64   10.86     450
    8.00    8.33    8.85    2.77    2.08   10.93     450
    8.33    8.65    7.08    2.44    3.85   10.93     450
    8.65    9.00    8.07    2.16    2.92   10.99     450
    9.00    9.49    9.11    1.99    2.12   11.23     450
    9.49   11.15   10.12    1.52    1.31   11.43     450

Int Range: [12,13.5]
  LAlpha  UAlpha     ROE    DExp    DAct    Rate     Num
   -2.51    5.21    4.75    9.06    8.21   12.96     446
    5.21    6.17    6.14    7.18    6.78   12.92     446
    6.17    6.86    7.37    6.41    5.56   12.93     446
    6.86    7.50    8.59    5.75    4.35   12.94     446
    7.50    7.98    6.94    5.22    6.02   12.96     445
    7.98    8.47    8.02    4.70    4.90   12.92     446
    8.47    8.91    8.04    4.24    4.90   12.94     446
    8.91    9.42    7.58    3.78    5.37   12.95     446
    9.42   10.05    9.44    3.23    3.51   12.95     446
   10.05   12.13    9.41    2.38    3.61   13.02     445

Int Range: [13.5,15]
  LAlpha  UAlpha     ROE    DExp    DAct    Rate     Num
   -2.68    4.76    7.07   11.09    7.41   14.48     436
    4.76    5.99    1.72    9.07   12.75   14.47     436
    5.99    6.88    6.20    7.97    8.24   14.43     436
    6.88    7.58    8.60    7.21    5.84   14.44     436
    7.58    8.25    7.99    6.57    6.47   14.47     436
    8.25    8.81    9.83    5.90    4.60   14.43     436
    8.81    9.47    6.84    5.32    7.64   14.48     436
    9.47   10.18    9.98    4.60    4.44   14.41     436
   10.18   11.00   10.79    3.88    3.64   14.43     436
   11.00   13.79   10.54    2.90    4.01   14.55     435

Int Range: [15,17]
  LAlpha  UAlpha     ROE    DExp    DAct    Rate     Num
   -6.49    3.96   -0.69   14.44   17.06   16.37     343
    3.96    5.35    4.36   11.57   11.92   16.28     342
    5.35    6.38    6.72   10.33    9.50   16.22     342
    6.38    7.29    8.18    9.39    8.06   16.23     343
    7.29    8.06    6.48    8.55    9.75   16.23     342
    8.06    8.76    8.04    7.86    8.24   16.27     342
    8.76    9.48    8.53    7.13    7.71   16.24     343
    9.48   10.33    9.62    6.34    6.62   16.24     342
   10.33   11.27    8.99    5.47    7.26   16.25     342
   11.27   13.96   10.57    4.25    5.75   16.32     342

Int Range: [17,20]
  LAlpha  UAlpha     ROE    DExp    DAct    Rate     Num
   -7.53    1.97   -3.74   19.07   22.37   18.63     319
    1.97    4.31    6.74   15.20   11.75   18.49     319
    4.31    5.63    7.82   13.48   10.69   18.51     319
    5.63    6.85    6.41   12.22   12.11   18.51     319
    6.85    7.73    6.27   11.08   12.11   18.38     318
    7.73    8.64    6.24   10.19   12.13   18.37     319
    8.64    9.50    8.84    9.28    9.52   18.35     319
    9.50   10.44    5.36    8.43   13.02   18.38     319
   10.44   11.63   11.66    7.48    6.78   18.44     319
   11.63   14.95   10.61    5.81    7.89   18.49     318

Int Range: [20,30]
  LAlpha  UAlpha     ROE    DExp    DAct    Rate     Num
  -13.88   -3.23   -1.41   28.87   24.29   22.88     299
   -3.23   -0.06   -0.12   24.72   23.32   23.20     298
   -0.06    2.26    1.29   21.74   21.59   22.89     299
    2.26    4.32   -1.21   19.80   24.37   23.17     298
    4.32    6.03    1.94   17.41   20.64   22.58     298
    6.03    7.62   11.45   16.17   11.57   23.02     299
    7.62    9.14    8.29   14.51   14.58   22.87     298
    9.14   10.95    9.03   12.85   13.86   22.89     299
   10.95   13.33    7.52   10.74   15.31   22.83     298
   13.33   19.63   12.25    8.32   11.30   23.55     298


MinAlpha	ROE	Count
-5	7.00	29185
-4	7.02	29103
-3	7.05	29015
-2	7.07	28903
-1	7.11	28735
0	7.17	28556
1	7.29	28298
2	7.34	27942
3	7.40	27442
4	7.53	26548
5	7.73	24622
6	8.20	20601
7	8.62	15941
8	8.89	11353
9	9.42	7109
10	10.14	3936
11	10.26	2009
12	11.02	957
13	11.99	466
14	15.00	262
15	14.37	153

Forest Importance
('pub_rec', 0.00023912121847152821)
('delinq_2yrs', 0.0007882411467254294)
('term', 0.001897460473381867)
('verification_status', 0.0027810199833909919)
('loan_amnt', 0.0039488644213823984)
('purpose', 0.004297327106228239)
('mths_since_last_record', 0.0044305220598283134)
('even_loan_amnt', 0.005148057225923955)
('mths_since_last_major_derog', 0.0063478225983155867)
('open_acc', 0.012672881511170684)
('home_ownership', 0.014800379903108396)
('inq_last_6mths', 0.014824200593991525)
('int_pymt', 0.017817366902363511)
('mths_since_last_delinq', 0.019390180889581086)
('total_acc', 0.020405130805967831)
('installment', 0.02181368792011874)
('revol_bal', 0.024788700698000411)
('emp_length', 0.025445313813398492)
('dti', 0.02678123246409593)
('revol_util', 0.030397781858922626)
('revol_bal_pct_inc', 0.030588660687949961)
('tok4_capitalization_log_odds', 0.030702048806208668)
('clean_title_rank', 0.031241546215425318)
('revol_bal-loan', 0.031857181545233482)
('annual_inc', 0.032100718745548325)
('credit_length', 0.032287666886383674)
('pct_med_inc', 0.034108577434833393)
('urate_chg', 0.035094432705129637)
('int_pct_inc', 0.036166994569474892)
('urate', 0.03690544996866791)
('pymt_pct_inc', 0.049192568105017938)
('tok4_clean_title_log_odds', 0.052240881751278535)
('sub_grade', 0.13088865789940954)
('int_rate', 0.17760932108507127)


Forest Parameters
oob_score: False
n_jobs: 8
verbose: 0
min_density: None
compute_importances: None
max_leaf_nodes: None
bootstrap: True
min_samples_leaf: 150
n_estimators: 400
min_samples_split: 2
random_state: None
criterion: mse
max_features: auto
max_depth: None
