OOS Cutoff = 2014-04-01 00:00:00
Int Range: [0,7]
  LAlpha  UAlpha     ROE    DExp    DAct    Rate     Num
    0.69    3.74    4.35    3.22    1.89    6.23     200
    3.74    4.28    4.51    2.18    1.72    6.23     199
    4.28    4.60    6.23    1.78    0.00    6.23     200
    4.60    4.88    5.53    1.47    0.69    6.22     199
    4.88    5.07    6.25    1.28    0.00    6.25     199
    5.07    5.26    6.24    1.07    0.00    6.24     200
    5.26    5.45    6.24    0.88    0.00    6.24     199
    5.45    5.64    5.70    0.73    0.57    6.27     200
    5.64    5.86    5.54    0.66    0.86    6.40     199
    5.86    6.46    6.13    0.50    0.43    6.56     199

Int Range: [7,10]
  LAlpha  UAlpha     ROE    DExp    DAct    Rate     Num
    0.54    5.11    4.98    3.70    3.10    8.08     791
    5.11    5.73    6.27    2.68    1.85    8.12     790
    5.73    6.15    7.00    2.22    1.16    8.17     791
    6.15    6.47    6.01    1.90    2.20    8.22     790
    6.47    6.74    6.93    1.71    1.39    8.31     790
    6.74    7.02    6.95    1.45    1.37    8.33     791
    7.02    7.31    6.50    1.34    2.01    8.51     790
    7.31    7.67    7.24    1.25    1.49    8.73     791
    7.67    8.10    7.50    1.17    1.55    9.05     790
    8.10    9.37    8.05    0.88    1.29    9.34     790

Int Range: [10,12]
  LAlpha  UAlpha     ROE    DExp    DAct    Rate     Num
    1.03    6.63    6.95    5.21    3.94   10.89     743
    6.63    7.39    7.34    3.92    3.63   10.97     743
    7.39    7.90    9.48    3.32    1.51   10.99     743
    7.90    8.29    7.69    2.91    3.32   11.01     743
    8.29    8.65    8.00    2.59    3.06   11.06     742
    8.65    9.00    9.01    2.29    2.11   11.12     743
    9.00    9.32    8.18    2.04    3.01   11.19     743
    9.32    9.69    9.00    1.81    2.31   11.32     743
    9.69   10.14    8.84    1.62    2.68   11.52     743
   10.14   11.72    9.43    1.18    2.29   11.72     742

Int Range: [12,13.5]
  LAlpha  UAlpha     ROE    DExp    DAct    Rate     Num
   -4.11    6.13    7.24    8.33    5.79   13.03     824
    6.13    7.12    6.47    6.27    6.48   12.96     823
    7.12    7.81    8.64    5.45    4.29   12.92     823
    7.81    8.33    7.27    4.81    5.62   12.89     823
    8.33    8.77    9.02    4.30    3.84   12.86     823
    8.77    9.19    9.02    3.85    3.82   12.85     824
    9.19    9.60    9.97    3.43    2.85   12.82     823
    9.60   10.04   10.73    3.02    2.11   12.84     823
   10.04   10.55   10.66    2.53    2.15   12.81     823
   10.55   12.54   10.24    1.83    2.58   12.83     823

Int Range: [13.5,15]
  LAlpha  UAlpha     ROE    DExp    DAct    Rate     Num
   -1.41    5.82    4.43   10.01    9.93   14.35     938
    5.82    6.90    8.84    7.90    5.46   14.30     938
    6.90    7.72    6.70    7.00    7.62   14.32     938
    7.72    8.38    8.07    6.24    6.23   14.30     938
    8.38    8.96    8.12    5.62    6.18   14.30     938
    8.96    9.49    9.34    5.12    5.00   14.35     938
    9.49    9.98   10.50    4.55    3.79   14.29     938
    9.98   10.53    9.96    4.09    4.37   14.34     938
   10.53   11.19   10.20    3.52    4.15   14.35     938
   11.19   14.00   11.84    2.64    2.63   14.47     938

Int Range: [15,17]
  LAlpha  UAlpha     ROE    DExp    DAct    Rate     Num
   -8.15    4.58    6.05   13.55   10.22   16.27     812
    4.58    6.24    7.36   10.66    8.81   16.17     812
    6.24    7.31    6.87    9.28    9.21   16.08     812
    7.31    8.18   10.14    8.30    5.91   16.06     811
    8.18    8.85   10.90    7.47    5.09   15.99     812
    8.85    9.50    7.78    6.74    8.15   15.93     812
    9.50   10.14    9.95    6.12    5.99   15.94     811
   10.14   10.82    9.85    5.43    6.07   15.92     812
   10.82   11.66    9.18    4.68    6.70   15.88     812
   11.66   14.57   12.40    3.56    3.53   15.93     811

Int Range: [17,20]
  LAlpha  UAlpha     ROE    DExp    DAct    Rate     Num
   -9.51    2.98    2.52   18.12   16.04   18.56     769
    2.98    4.87    4.05   14.51   14.49   18.55     769
    4.87    6.27    5.60   12.92   12.93   18.53     769
    6.27    7.38    7.95   11.70   10.60   18.55     768
    7.38    8.36    9.80   10.59    8.66   18.46     769
    8.36    9.24    9.65    9.74    8.88   18.53     769
    9.24   10.13   10.51    8.86    8.03   18.54     768
   10.13   11.05    8.25    8.00   10.33   18.59     769
   11.05   12.19   12.28    7.05    6.36   18.64     769
   12.19   16.66   12.35    5.53    6.42   18.77     768

Int Range: [20,30]
  LAlpha  UAlpha     ROE    DExp    DAct    Rate     Num
  -14.59   -0.43   -0.70   26.58   23.90   23.20     457
   -0.43    2.26   -1.32   21.62   23.99   22.67     456
    2.26    4.19    0.69   19.14   21.72   22.41     457
    4.19    5.73    6.29   17.34   16.01   22.30     456
    5.73    6.92    6.14   15.85   16.06   22.21     457
    6.92    8.13    8.38   14.65   13.82   22.20     456
    8.13    9.40    9.05   13.45   13.18   22.22     457
    9.40   10.68    7.68   12.28   14.63   22.32     456
   10.68   12.40   11.98   10.89   10.40   22.38     457
   12.40   19.94   10.59    8.99   12.34   22.93     456


MinAlpha	ROE	Count
-5	8.13	55187
-4	8.14	55128
-3	8.14	55032
-2	8.16	54912
-1	8.20	54725
0	8.24	54458
1	8.26	54089
2	8.35	53553
3	8.37	52740
4	8.52	51314
5	8.65	48468
6	8.94	43632
7	9.28	36811
8	9.69	28695
9	10.12	20002
10	10.60	11625
11	11.50	5377
12	12.44	2292
13	11.88	905
14	11.83	329
15	14.10	114

Forest Importance
('pub_rec', 0.00021439211624361422)
('delinq_2yrs', 0.00071700707879707724)
('term', 0.0020252860647381517)
('verification_status', 0.0029814068915391123)
('mths_since_last_record', 0.0030829060787243246)
('loan_amnt', 0.0037620901338826325)
('even_loan_amnt', 0.0039320678171706732)
('purpose', 0.0048844249041841807)
('mod_rate', 0.0073945591030734094)
('home_ownership', 0.0094388387571873993)
('inq_last_6mths', 0.011781200287586611)
('open_acc', 0.012349563122382693)
('total_acc', 0.018519236810072458)
('int_pymt', 0.019630304894829854)
('clean_title_rank', 0.019800003768575995)
('mths_since_last_delinq', 0.019850756666990935)
('emp_title_rank', 0.020000843430208984)
('installment', 0.021669070327534443)
('revol_bal', 0.022992742678029775)
('tok4_capitalization_log_odds', 0.023055519397447152)
('short_title_rank', 0.02489432298322132)
('emp_length', 0.02496108623883856)
('urate', 0.02549452195281093)
('dti', 0.02604238214961753)
('zip_code', 0.026441516967370043)
('revol_util', 0.028352103980109303)
('avg_urate', 0.028527610521622056)
('credit_length', 0.029126032078296036)
('med_inc', 0.030014291302441168)
('revol_bal_pct_inc', 0.03079965049852167)
('revol_bal-loan', 0.031015995170711984)
('urate_chg', 0.03195464983470548)
('pct_med_inc', 0.032387155408533361)
('annual_inc', 0.032511025708374559)
('hpa4', 0.038793655867352415)
('tok4_clean_title_log_odds', 0.039899361623467737)
('pymt_pct_inc', 0.049011148495509256)
('sub_grade', 0.069169173228691219)
('int_rate', 0.17252209566060575)


Forest Parameters
oob_score: False
n_jobs: 8
verbose: 0
min_density: None
compute_importances: None
max_leaf_nodes: None
bootstrap: True
min_samples_leaf: 100
n_estimators: 400
min_samples_split: 2
random_state: None
criterion: mse
max_features: auto
max_depth: None
