OOS Cutoff = 2014-03-01 00:00:00
Int Range: [0,7]
  LAlpha  UAlpha     ROE    DExp    DAct    Rate     Num
   -1.00    3.68    5.16    3.51    1.21    6.37      94
    3.68    4.26    6.31    2.29    0.00    6.31      94
    4.26    4.65    6.34    1.89    0.00    6.34      94
    4.65    4.92    6.32    1.53    0.00    6.32      93
    4.92    5.12    6.28    1.26    0.00    6.28      94
    5.12    5.33    6.10    1.14    0.28    6.38      94
    5.33    5.49    6.33    0.94    0.00    6.33      93
    5.49    5.71    6.44    0.85    0.00    6.44      94
    5.71    5.92    4.40    0.71    2.12    6.52      94
    5.92    6.51    6.62    0.51    0.00    6.62      93

Int Range: [7,10]
  LAlpha  UAlpha     ROE    DExp    DAct    Rate     Num
   -1.56    5.07    6.57    4.29    1.82    8.39     547
    5.07    5.80    6.39    2.82    1.91    8.30     546
    5.80    6.25    7.45    2.26    0.85    8.30     546
    6.25    6.57    7.47    1.96    0.90    8.37     547
    6.57    6.86    6.79    1.68    1.61    8.40     546
    6.86    7.13    7.64    1.52    0.87    8.52     546
    7.13    7.44    7.57    1.37    1.09    8.66     547
    7.44    7.85    8.14    1.45    0.96    9.10     546
    7.85    8.30    7.69    1.22    1.60    9.29     546
    8.30    9.56    8.46    0.88    1.06    9.52     546

Int Range: [10,12]
  LAlpha  UAlpha     ROE    DExp    DAct    Rate     Num
    1.88    6.68    9.38    5.78    1.96   11.34     374
    6.68    7.62    9.17    4.17    2.18   11.36     374
    7.62    8.17    9.65    3.48    1.74   11.39     374
    8.17    8.60    9.37    3.01    2.04   11.40     374
    8.60    8.93    8.94    2.65    2.48   11.41     374
    8.93    9.22    9.94    2.47    1.60   11.54     374
    9.22    9.53    9.82    2.20    1.75   11.57     374
    9.53    9.92    9.91    1.93    1.74   11.65     374
    9.92   10.34    9.53    1.62    2.20   11.74     374
   10.34   11.72   11.14    1.15    0.78   11.92     374

Int Range: [12,13.5]
  LAlpha  UAlpha     ROE    DExp    DAct    Rate     Num
    0.34    6.90    9.21    7.00    3.64   12.85     436
    6.90    7.79    8.03    5.45    4.80   12.84     436
    7.79    8.41    9.46    4.69    3.34   12.80     436
    8.41    8.86    8.90    4.13    3.86   12.77     436
    8.86    9.27   10.28    3.68    2.47   12.75     436
    9.27    9.65   10.12    3.25    2.60   12.72     436
    9.65   10.02   10.73    2.86    1.97   12.70     436
   10.02   10.42   10.52    2.51    2.19   12.72     436
   10.42   10.93   10.55    2.04    2.17   12.71     436
   10.93   12.38   11.51    1.43    1.23   12.74     436

Int Range: [13.5,15]
  LAlpha  UAlpha     ROE    DExp    DAct    Rate     Num
    0.36    6.36    8.74    9.04    5.47   14.21     628
    6.36    7.44   10.37    7.21    3.77   14.14     627
    7.44    8.22    8.04    6.29    6.09   14.13     628
    8.22    8.85   10.73    5.60    3.40   14.14     627
    8.85    9.40    8.33    5.02    5.84   14.16     628
    9.40    9.92    9.24    4.47    4.89   14.13     627
    9.92   10.43   11.14    3.97    3.01   14.15     628
   10.43   11.04   10.64    3.42    3.52   14.16     627
   11.04   11.65   11.43    2.86    2.76   14.19     628
   11.65   13.75   11.30    2.10    2.97   14.27     627

Int Range: [15,17]
  LAlpha  UAlpha     ROE    DExp    DAct    Rate     Num
   -4.67    5.86    7.24   11.75    8.72   15.96     581
    5.86    7.26    8.39    9.20    7.46   15.84     581
    7.26    8.24   10.64    8.05    5.15   15.79     581
    8.24    9.04   10.72    7.13    5.07   15.79     581
    9.04    9.73   10.55    6.32    5.18   15.72     581
    9.73   10.38   10.51    5.74    5.28   15.79     581
   10.38   10.97   11.89    5.09    3.88   15.77     581
   10.97   11.58   11.44    4.44    4.26   15.70     581
   11.58   12.28   12.34    3.82    3.40   15.74     581
   12.28   14.84   13.53    2.96    2.30   15.82     580

Int Range: [17,20]
  LAlpha  UAlpha     ROE    DExp    DAct    Rate     Num
  -10.81    3.61    4.37   17.61   14.16   18.53     568
    3.61    5.65   10.97   13.90    7.65   18.61     567
    5.65    6.98    9.67   12.21    8.89   18.55     568
    6.98    8.12    9.65   11.03    8.96   18.61     567
    8.12    9.09   11.08    9.98    7.52   18.60     567
    9.09    9.94   11.87    9.14    6.79   18.66     568
    9.94   10.83   12.58    8.34    6.14   18.72     567
   10.83   11.77   13.03    7.43    5.69   18.72     568
   11.77   12.90   14.20    6.43    4.53   18.74     567
   12.90   16.66   14.71    5.13    4.29   19.00     567

Int Range: [20,30]
  LAlpha  UAlpha     ROE    DExp    DAct    Rate     Num
  -14.51   -0.85    0.13   27.58   23.09   23.22     330
   -0.85    2.86    8.98   21.83   14.00   22.98     329
    2.86    5.19   10.40   18.53   12.28   22.68     330
    5.19    6.79   10.85   16.41   11.57   22.43     329
    6.79    8.38    6.46   14.65   15.80   22.26     329
    8.38    9.63   10.43   13.19   11.73   22.16     330
    9.63   10.76   14.87   11.95    7.29   22.16     329
   10.76   12.09   10.22   10.65   11.89   22.10     330
   12.09   13.75    9.14    9.18   12.90   22.04     329
   13.75   19.58   14.39    7.30    8.15   22.54     329


MinAlpha	ROE	Count
-5	9.76	35425
-4	9.79	35377
-3	9.82	35310
-2	9.84	35233
-1	9.85	35135
0	9.88	35002
1	9.90	34823
2	9.92	34582
3	9.94	34157
4	9.98	33455
5	10.04	32030
6	10.23	29428
7	10.52	25564
8	10.88	20984
9	11.39	15805
10	11.91	10526
11	12.33	6014
12	13.02	2869
13	13.27	1195
14	14.59	501
15	16.85	214

Forest Importance
('pub_rec', 0.00023571230665190982)
('delinq_2yrs', 0.0016560487534726881)
('term', 0.0020140793043333296)
('loan_amnt', 0.0030934387155720582)
('is_inc_v', 0.0031444858223959411)
('mths_since_last_record', 0.0032458013732464541)
('purpose', 0.0038513634222440674)
('even_loan_amnt', 0.0043226838963937491)
('mod_rate', 0.0068046941171602086)
('home_ownership', 0.0085740835627734734)
('inq_last_6mths', 0.0093010807040028228)
('open_acc', 0.011905780090456189)
('fico_range_low', 0.014302288345809733)
('tok4_capitalization_log_odds', 0.015008760096678526)
('total_acc', 0.015141895110303075)
('int_pymt', 0.016129305802728797)
('mths_since_last_delinq', 0.016221123634617772)
('clean_title_rank', 0.016411102598932702)
('emp_title_rank', 0.019178719575679723)
('installment', 0.020370362285118883)
('revol_bal', 0.020608376010018317)
('annual_inc', 0.021678145500549716)
('zip_code', 0.023816712432758437)
('revol_util', 0.023821725586039885)
('short_title_rank', 0.023825108921513637)
('dti', 0.024371931559026557)
('urate', 0.026335858552584353)
('emp_length', 0.026595241303347006)
('avg_urate', 0.02724857577053991)
('pct_med_inc', 0.027269249999513242)
('revol_bal-loan', 0.028833649052794241)
('credit_length', 0.028981616770814993)
('med_inc', 0.030457412119379575)
('revol_bal_pct_inc', 0.030655816882591586)
('urate_chg', 0.031669046801762323)
('hpa4', 0.034180560995773511)
('pymt_pct_inc', 0.04582592783842309)
('sub_grade', 0.051120381102400303)
('tok4_clean_title_log_odds', 0.087536750723753248)
('int_rate', 0.19425510255784398)


Forest Parameters
oob_score: False
n_jobs: 8
verbose: 0
min_density: None
compute_importances: None
max_leaf_nodes: None
bootstrap: True
min_samples_leaf: 100
n_estimators: 400
min_samples_split: 2
random_state: None
criterion: mse
max_features: auto
max_depth: None
