OOS Cutoff = 2014-10-01 00:00:00
Int Range: [0,7]
  LAlpha  UAlpha     ROE    DExp    DAct    Rate     Num
  -12.31    4.11    4.91    3.26    1.40    6.31     393
    4.11    4.78    5.17    1.87    1.17    6.34     392
    4.78    5.16    6.07    1.29    0.21    6.29     393
    5.16    5.40    5.12    1.01    1.17    6.29     392
    5.40    5.59    4.84    0.78    1.44    6.28     393
    5.59    5.75    5.52    0.62    0.77    6.29     392
    5.75    5.90    5.22    0.44    1.04    6.26     393
    5.90    6.06    6.04    0.37    0.29    6.33     392
    6.06    6.31    5.34    0.38    1.22    6.57     393
    6.31    6.99    5.59    0.24    1.17    6.76     391

Int Range: [7,10]
  LAlpha  UAlpha     ROE    DExp    DAct    Rate     Num
   -3.96    3.97    6.12    5.37    2.12    8.24    1106
    3.97    4.82    6.19    3.79    2.02    8.22    1106
    4.82    5.37    5.33    3.07    2.85    8.19    1106
    5.37    5.83    6.06    2.54    2.09    8.15    1106
    5.83    6.18    6.69    2.08    1.41    8.10    1106
    6.18    6.49    6.89    1.74    1.19    8.08    1106
    6.49    6.79    7.46    1.41    0.59    8.05    1106
    6.79    7.09    7.28    1.25    0.90    8.18    1106
    7.09    7.57    7.51    1.32    1.11    8.62    1106
    7.57    9.24    7.01    1.02    2.02    9.03    1105

Int Range: [10,12]
  LAlpha  UAlpha     ROE    DExp    DAct    Rate     Num
   -3.82    4.72    7.28    7.82    3.82   11.10    1021
    4.72    5.85    7.50    5.70    3.56   11.05    1020
    5.85    6.59    7.61    4.79    3.41   11.03    1020
    6.59    7.17    7.88    4.18    3.19   11.06    1020
    7.17    7.66    8.46    3.66    2.62   11.08    1020
    7.66    8.13    8.62    3.12    2.40   11.02    1021
    8.13    8.55    8.24    2.69    2.79   11.03    1020
    8.55    9.01    8.95    2.31    2.13   11.09    1020
    9.01    9.60    8.96    1.92    2.24   11.20    1020
    9.60   11.41    9.06    1.37    2.40   11.46    1020

Int Range: [12,13.5]
  LAlpha  UAlpha     ROE    DExp    DAct    Rate     Num
   -7.71    4.16    6.43   10.39    6.45   12.88    1024
    4.16    5.43    7.05    8.02    5.81   12.87    1024
    5.43    6.27    7.05    6.99    5.81   12.87    1024
    6.27    7.00    7.37    6.22    5.50   12.87    1023
    7.00    7.60    8.86    5.58    4.03   12.89    1024
    7.60    8.16    8.92    4.99    3.96   12.88    1024
    8.16    8.75    9.03    4.44    3.86   12.88    1023
    8.75    9.31    8.59    3.83    4.27   12.86    1024
    9.31   10.02    9.77    3.28    3.15   12.92    1024
   10.02   12.49   10.22    2.30    2.75   12.97    1023

Int Range: [13.5,15]
  LAlpha  UAlpha     ROE    DExp    DAct    Rate     Num
   -5.36    3.76    4.71   12.44    9.69   14.40    1033
    3.76    5.20    6.26    9.86    8.13   14.39    1033
    5.20    6.31    7.65    8.60    6.73   14.38    1033
    6.31    7.13    6.26    7.66    8.12   14.38    1033
    7.13    7.85    7.78    6.86    6.59   14.37    1033
    7.85    8.52    7.65    6.21    6.75   14.40    1033
    8.52    9.19    7.90    5.53    6.47   14.37    1033
    9.19    9.92    6.99    4.84    7.39   14.38    1033
    9.92   10.83    8.55    4.04    5.84   14.39    1033
   10.83   14.11   11.03    2.82    3.46   14.49    1032

Int Range: [15,17]
  LAlpha  UAlpha     ROE    DExp    DAct    Rate     Num
  -12.21    2.15    4.59   16.43   11.63   16.22     727
    2.15    3.97    5.32   13.00   10.83   16.15     726
    3.97    5.21    6.68   11.51    9.45   16.12     726
    5.21    6.20    3.61   10.40   12.50   16.12     726
    6.20    7.05    7.61    9.48    8.50   16.11     726
    7.05    7.87    6.20    8.67    9.93   16.13     726
    7.87    8.66    8.61    7.88    7.53   16.13     726
    8.66    9.59    9.70    7.01    6.42   16.12     726
    9.59   10.78    9.78    5.98    6.34   16.12     726
   10.78   14.65   10.84    4.43    5.34   16.18     726

Int Range: [17,20]
  LAlpha  UAlpha     ROE    DExp    DAct    Rate     Num
  -18.79   -0.56   -0.10   22.32   18.90   18.80     669
   -0.56    2.10    2.98   17.62   15.56   18.54     668
    2.10    3.88    6.22   15.37   12.18   18.40     668
    3.88    5.16    4.87   13.86   13.52   18.40     668
    5.16    6.28    3.76   12.57   14.53   18.30     668
    6.28    7.36    7.99   11.52   10.34   18.33     669
    7.36    8.41    7.42   10.42   10.90   18.31     668
    8.41    9.55    7.53    9.34   10.79   18.32     668
    9.55   10.97    8.48    8.15    9.84   18.33     668
   10.97   16.37    8.57    5.99    9.73   18.31     668

Int Range: [20,30]
  LAlpha  UAlpha     ROE    DExp    DAct    Rate     Num
  -19.12   -6.71   -5.70   33.00   28.86   23.16     406
   -6.71   -3.33    2.40   28.10   20.71   23.11     405
   -3.33   -1.13    2.94   25.03   19.89   22.83     405
   -1.13    0.87    0.88   22.80   21.81   22.70     406
    0.87    2.79    2.38   20.68   20.18   22.56     405
    2.79    4.46    1.51   18.89   20.99   22.51     405
    4.46    6.24    1.52   17.17   21.00   22.52     406
    6.24    8.00    6.04   15.27   16.35   22.39     405
    8.00   10.05    5.06   13.23   17.12   22.18     405
   10.05   20.10    8.35   10.34   14.09   22.44     405


MinAlpha	ROE	Count
-5	7.10	62971
-4	7.11	62737
-3	7.11	62441
-2	7.15	62070
-1	7.17	61588
0	7.21	60974
1	7.30	60122
2	7.35	58828
3	7.43	56883
4	7.51	53643
5	7.71	48291
6	8.06	39390
7	8.50	29034
8	8.82	20033
9	9.12	12184
10	9.74	6170
11	10.20	2672
12	10.79	1058
13	11.52	367
14	12.96	127
15	14.27	45

Forest Importance
('pub_rec', 0.00052753494031952143)
('delinq_2yrs', 0.0016584232048533856)
('term', 0.0020761882752367072)
('even_loan_amnt', 0.0051127899638464423)
('loan_amnt', 0.0054179941473549865)
('verification_status', 0.0056433473530139956)
('mths_since_last_record', 0.0067144286879526017)
('purpose', 0.0074429296851932971)
('mths_since_last_major_derog', 0.010136009742540053)
('home_ownership', 0.011690376053999743)
('inq_last_6mths', 0.01416671440438229)
('open_acc', 0.019828522067898237)
('mths_since_last_delinq', 0.024196846140126488)
('emp_length', 0.026263058665420065)
('int_pymt', 0.027019264029899816)
('tok4_capitalization_log_odds', 0.027239112468492945)
('installment', 0.029810089005417716)
('total_acc', 0.031611875857262522)
('annual_inc', 0.033934877803798176)
('revol_bal', 0.033955881842069678)
('credit_length', 0.034806405692767779)
('dti', 0.035533792769523863)
('revol_bal-loan', 0.03940770934134856)
('revol_bal_pct_inc', 0.041194444950413682)
('revol_util', 0.041330772248344728)
('int_pct_inc', 0.042455150118382266)
('clean_title_rank', 0.045165086322824413)
('pct_med_inc', 0.045825388543189349)
('pymt_pct_inc', 0.047656971288904185)
('urate', 0.053316744128367816)
('tok4_clean_title_log_odds', 0.05664847009996489)
('int_rate', 0.076553007850453464)
('sub_grade', 0.1156597923064363)


Forest Parameters
oob_score: False
n_jobs: 8
verbose: 0
min_density: None
compute_importances: None
max_leaf_nodes: None
bootstrap: True
min_samples_leaf: 50
n_estimators: 100
min_samples_split: 2
random_state: None
criterion: mse
max_features: auto
max_depth: None
