OOS Cutoff = 2013-10-01 00:00:00
Int Range: [0,7]
  LAlpha  UAlpha     ROE    DExp    DAct    Rate     Num
   -5.10    3.05    5.04    4.09    1.30    6.34     212
    3.05    3.57    5.20    2.97    1.10    6.30     212
    3.57    3.91    4.94    2.59    1.41    6.34     212
    3.91    4.16    5.41    2.30    0.93    6.34     212
    4.16    4.42    5.99    2.09    0.38    6.38     212
    4.42    4.64    6.06    1.88    0.35    6.41     212
    4.64    4.85    5.64    1.68    0.78    6.43     212
    4.85    5.06    5.49    1.54    1.01    6.50     212
    5.06    5.34    5.66    1.28    0.83    6.48     212
    5.34    6.37    6.66    1.04    0.00    6.66     212

Int Range: [7,10]
  LAlpha  UAlpha     ROE    DExp    DAct    Rate     Num
   -3.53    4.11    6.04    5.51    2.45    8.49    1039
    4.11    4.83    7.68    3.93    0.75    8.43    1038
    4.83    5.28    7.09    3.34    1.32    8.41    1038
    5.28    5.62    7.00    3.05    1.50    8.50    1038
    5.62    5.93    7.70    2.73    0.81    8.51    1038
    5.93    6.22    7.90    2.52    0.70    8.60    1038
    6.22    6.52    8.03    2.42    0.76    8.79    1038
    6.52    6.89    7.87    2.35    1.18    9.05    1038
    6.89    7.35    8.13    2.24    1.23    9.36    1038
    7.35    8.77    8.64    1.93    1.02    9.66    1038

Int Range: [10,12]
  LAlpha  UAlpha     ROE    DExp    DAct    Rate     Num
   -7.97    5.03    8.45    7.94    3.13   11.58     782
    5.03    5.89    9.06    6.06    2.51   11.58     781
    5.89    6.42    9.50    5.42    2.09   11.59     781
    6.42    6.82    9.61    4.91    1.92   11.53     781
    6.82    7.18    9.70    4.52    1.83   11.53     781
    7.18    7.50    9.83    4.17    1.69   11.51     781
    7.50    7.79   10.32    3.82    1.15   11.46     781
    7.79    8.08   11.00    3.53    0.46   11.46     781
    8.08    8.46    9.81    3.21    1.66   11.47     781
    8.46    9.77   10.45    2.62    0.96   11.41     781

Int Range: [12,13.5]
  LAlpha  UAlpha     ROE    DExp    DAct    Rate     Num
   -8.50    5.13    9.44    9.22    3.49   12.93     403
    5.13    6.02   10.66    7.29    2.27   12.93     403
    6.02    6.58   11.03    6.63    1.91   12.94     402
    6.58    6.98    8.81    6.14    4.12   12.93     403
    6.98    7.37   11.59    5.74    1.34   12.93     402
    7.37    7.67   10.72    5.41    2.21   12.93     403
    7.67    8.01   10.65    5.09    2.29   12.94     403
    8.01    8.35   10.72    4.74    2.21   12.93     402
    8.35    8.84   12.19    4.34    0.74   12.93     403
    8.84   10.23   12.07    3.71    0.88   12.95     402

Int Range: [13.5,15]
  LAlpha  UAlpha     ROE    DExp    DAct    Rate     Num
   -5.30    4.96   10.74   10.74    3.40   14.15     992
    4.96    5.99   10.00    8.57    4.10   14.10     992
    5.99    6.62   10.56    7.80    3.56   14.12     992
    6.62    7.13   10.73    7.23    3.37   14.10     992
    7.13    7.56   11.34    6.78    2.79   14.13     991
    7.56    7.95   11.44    6.37    2.68   14.12     992
    7.95    8.34   12.55    6.00    1.60   14.14     992
    8.34    8.76   12.16    5.62    2.02   14.17     992
    8.76    9.28   12.23    5.23    2.00   14.24     992
    9.28   11.73   12.39    4.56    1.94   14.33     991

Int Range: [15,17]
  LAlpha  UAlpha     ROE    DExp    DAct    Rate     Num
   -7.49    4.60   10.91   13.23    5.27   16.19     941
    4.60    5.89   11.51   10.70    4.51   16.01     940
    5.89    6.66   11.59    9.66    4.37   15.96     940
    6.66    7.28   12.33    8.94    3.57   15.90     940
    7.28    7.79   11.17    8.35    4.72   15.89     940
    7.79    8.27   13.42    7.83    2.44   15.86     941
    8.27    8.74   12.92    7.34    2.92   15.84     940
    8.74    9.25   12.91    6.82    2.89   15.80     940
    9.25    9.87   12.92    6.17    2.80   15.72     940
    9.87   12.02   12.59    5.27    3.09   15.68     940

Int Range: [17,20]
  LAlpha  UAlpha     ROE    DExp    DAct    Rate     Num
   -6.81    3.63   10.15   16.61    8.27   18.41     909
    3.63    5.13   11.89   13.89    6.44   18.33     909
    5.13    6.18   12.62   12.62    5.69   18.31     909
    6.18    6.94   12.50   11.71    5.78   18.27     909
    6.94    7.60   13.48   11.01    4.81   18.28     909
    7.60    8.20   13.75   10.37    4.52   18.28     909
    8.20    8.81   14.25    9.74    3.99   18.24     909
    8.81    9.45   14.32    9.18    3.98   18.30     909
    9.45   10.28   14.75    8.50    3.60   18.35     909
   10.28   13.77   14.80    7.67    3.98   18.78     908

Int Range: [20,30]
  LAlpha  UAlpha     ROE    DExp    DAct    Rate     Num
   -6.71    5.05   12.86   19.37    9.74   22.60     665
    5.05    6.45   13.21   16.90    9.50   22.71     665
    6.45    7.39   14.78   15.66    7.83   22.60     665
    7.39    8.19   13.10   14.82    9.53   22.63     665
    8.19    8.90   14.78   14.06    7.82   22.60     665
    8.90    9.57   14.84   13.29    7.68   22.52     665
    9.57   10.23   17.32   12.61    5.18   22.50     665
   10.23   10.97   15.36   11.87    7.10   22.46     665
   10.97   11.92   16.49   10.97    5.89   22.38     665
   11.92   15.38   16.84    9.71    5.64   22.48     664


Forest Importance
('pub_rec', 3.5591934155639716e-05)
('delinq_2yrs', 0.00060573865141509415)
('term', 0.00098240490961010803)
('mths_since_last_record', 0.0018732037832185238)
('home_ownership', 0.0023544043881332331)
('title_num_words', 0.0028684534602163416)
('loan_amnt', 0.0034850522028891922)
('is_inc_v', 0.0040164578660343234)
('even_loan_amnt', 0.0051738924245158602)
('title_upper_count', 0.0069900016315191191)
('open_acc', 0.009413140352690634)
('emp_length', 0.010416094990578438)
('mths_since_last_delinq', 0.011475625827582025)
('mod_rate', 0.012038484158840936)
('title_len', 0.012490891361925988)
('fico_range_low', 0.013240917995347112)
('credit_length', 0.013268550090239977)
('total_acc', 0.014271161105539656)
('max_urate', 0.014591280183510332)
('issue_mth', 0.015056821583899394)
('urate_range', 0.015721169295559959)
('med_inc', 0.016784439378174011)
('purpose', 0.017844386939133608)
('dti', 0.018522619183959522)
('avg_urate', 0.019430785704273566)
('urate', 0.019443997040553562)
('short_title_rank', 0.019697476516068103)
('min_urate', 0.020099355375120833)
('inq_last_6mths', 0.020134851966975273)
('zip_code', 0.020763432479797107)
('title_first_word_rank', 0.021276721123254475)
('revol_bal', 0.021515460239592502)
('revol_util', 0.021586889664117023)
('title_last_word_rank', 0.022114985251588663)
('installment', 0.022160443445599181)
('int_pymt', 0.023395870524290673)
('title_rank', 0.024377549205454284)
('urate_chg', 0.024429818092305294)
('title_upper_pct', 0.030446112865820364)
('pct_med_inc', 0.032971281886289817)
('revol_bal-loan', 0.035118383792030243)
('int_rate', 0.049454608398046586)
('annual_inc', 0.066754374119126464)
('hpa4', 0.074631256232793375)
('sub_grade', 0.18667556237821331)


Forest Parameters
oob_score: False
n_jobs: 1
verbose: 2
min_density: None
compute_importances: None
max_leaf_nodes: None
bootstrap: True
min_samples_leaf: 100
n_estimators: 400
min_samples_split: 2
random_state: None
criterion: mse
max_features: auto
max_depth: None
