OOS Cutoff = 2014-01-01 00:00:00
Int Range: [0,7]
  LAlpha  UAlpha     ROE    DExp    DAct    Rate     Num
   -0.66    3.33    5.26    3.56    1.08    6.33      93
    3.33    4.03    5.25    2.28    1.07    6.32      92
    4.03    4.41    5.46    1.80    0.81    6.27      93
    4.41    4.75    4.41    1.50    1.90    6.31      92
    4.75    5.03    5.23    1.24    1.09    6.32      92
    5.03    5.24    6.33    1.05    0.00    6.33      93
    5.24    5.44    6.34    0.87    0.00    6.34      92
    5.44    5.65    5.79    0.76    0.62    6.41      93
    5.65    5.92    6.45    0.59    0.00    6.45      92
    5.92    6.55    6.37    0.40    0.25    6.62      92

Int Range: [7,10]
  LAlpha  UAlpha     ROE    DExp    DAct    Rate     Num
   -0.02    4.97    6.58    3.78    1.65    8.23     518
    4.97    5.73    6.14    2.54    2.17    8.30     518
    5.73    6.20    7.30    1.97    0.93    8.23     518
    6.20    6.59    7.39    1.62    0.86    8.26     518
    6.59    6.92    7.98    1.49    0.48    8.46     518
    6.92    7.23    7.40    1.20    1.06    8.46     518
    7.23    7.56    7.81    1.11    0.86    8.67     518
    7.56    8.00    8.02    1.19    1.12    9.14     518
    8.00    8.45    7.72    0.94    1.59    9.31     518
    8.45    9.61    8.18    0.62    1.36    9.54     517

Int Range: [10,12]
  LAlpha  UAlpha     ROE    DExp    DAct    Rate     Num
    0.51    6.78    8.22    4.99    3.21   11.42     369
    6.78    7.75   10.00    3.60    1.43   11.43     369
    7.75    8.39   10.19    2.91    1.28   11.46     369
    8.39    8.87    9.26    2.42    2.15   11.41     369
    8.87    9.25    9.56    2.02    1.85   11.41     368
    9.25    9.58   10.39    1.77    1.08   11.47     369
    9.58    9.91   10.47    1.53    1.04   11.51     369
    9.91   10.29   10.27    1.27    1.29   11.56     369
   10.29   10.73   10.81    1.02    0.88   11.69     369
   10.73   11.82   11.40    0.72    0.57   11.96     368

Int Range: [12,13.5]
  LAlpha  UAlpha     ROE    DExp    DAct    Rate     Num
    2.29    7.27    9.04    5.43    3.78   12.83     238
    7.27    8.19   10.93    4.20    1.90   12.83     237
    8.19    8.89    9.29    3.57    3.51   12.80     237
    8.89    9.41   11.34    3.06    1.45   12.79     237
    9.41    9.91   10.39    2.68    2.43   12.81     237
    9.91   10.30   10.74    2.31    2.08   12.82     238
   10.30   10.64   10.65    1.98    2.14   12.79     237
   10.64   11.03   11.45    1.70    1.37   12.83     237
   11.03   11.44   11.65    1.35    1.16   12.81     237
   11.44   12.47   12.12    0.92    0.74   12.86     237

Int Range: [13.5,15]
  LAlpha  UAlpha     ROE    DExp    DAct    Rate     Num
   -2.22    7.21    9.71    6.20    4.54   14.25     683
    7.21    8.26   11.09    5.09    3.12   14.22     682
    8.26    8.94   11.03    4.44    3.13   14.16     682
    8.94    9.51   11.64    3.98    2.56   14.20     682
    9.51   10.02   12.07    3.55    2.12   14.19     682
   10.02   10.49   12.15    3.16    2.02   14.17     683
   10.49   10.99   12.09    2.77    2.10   14.19     682
   10.99   11.52   12.94    2.44    1.29   14.23     682
   11.52   12.14   12.00    2.01    2.26   14.26     682
   12.14   14.17   13.17    1.52    1.31   14.48     682

Int Range: [15,17]
  LAlpha  UAlpha     ROE    DExp    DAct    Rate     Num
   -3.65    5.40   11.91    8.07    4.39   16.30     472
    5.40    6.83   11.95    7.14    4.17   16.12     472
    6.83    7.94   11.18    6.51    4.99   16.17     471
    7.94    8.77   14.36    5.72    1.74   16.10     472
    8.77    9.58   12.29    5.17    3.77   16.06     471
    9.58   10.31   13.64    4.58    2.42   16.05     472
   10.31   11.01   13.87    4.07    2.18   16.05     472
   11.01   11.75   13.72    3.54    2.30   16.03     471
   11.75   12.65   13.71    2.98    2.39   16.10     472
   12.65   15.10   13.55    2.30    2.69   16.24     471

Int Range: [17,20]
  LAlpha  UAlpha     ROE    DExp    DAct    Rate     Num
   -2.62    4.75   12.81    9.39    5.58   18.39     411
    4.75    6.57   12.13    8.33    6.40   18.52     411
    6.57    7.91   11.34    7.74    7.11   18.46     411
    7.91    8.99   13.78    7.14    4.81   18.58     411
    8.99   10.01   14.47    6.58    4.03   18.50     411
   10.01   10.96   14.28    5.80    4.30   18.58     411
   10.96   11.93   15.61    5.16    2.99   18.60     411
   11.93   12.85   14.73    4.57    3.83   18.57     411
   12.85   13.90   15.77    3.97    2.84   18.62     411
   13.90   18.14   16.05    3.13    2.91   18.97     410

Int Range: [20,30]
  LAlpha  UAlpha     ROE    DExp    DAct    Rate     Num
  -11.37    2.15   12.30   14.24   10.87   23.17     281
    2.15    5.12   16.49   11.68    6.40   22.89     281
    5.12    7.20   14.73   10.64    7.92   22.65     281
    7.20    8.71   14.79   10.04    7.67   22.46     281
    8.71   10.11   16.19    8.91    6.29   22.47     280
   10.11   11.43   16.64    8.14    5.75   22.38     281
   11.43   12.64   16.73    7.44    5.64   22.37     281
   12.64   13.84   17.76    6.50    4.60   22.37     281
   13.84   15.28   16.86    5.64    5.48   22.35     281
   15.28   19.85   18.32    4.94    4.59   22.90     280


Forest Importance
('pub_rec', 0.000106829732334253)
('delinq_2yrs', 0.0012130689801546767)
('mths_since_last_record', 0.0013018991912471484)
('term', 0.0017512311158983901)
('is_inc_v', 0.0023771717625031682)
('title_upper_count', 0.0023872019778484349)
('caps_per_word', 0.0024973658529031917)
('loan_amnt', 0.002990396253112378)
('issue_mth', 0.0033911916429914691)
('even_loan_amnt', 0.0045522410273843095)
('mod_rate', 0.0048651677129849472)
('home_ownership', 0.0065526470834400248)
('title_first_word_rank', 0.0066576986376132739)
('purpose', 0.0068479397229146309)
('title_last_word_rank', 0.0069912625124856787)
('inq_last_6mths', 0.0075831184532721427)
('open_acc', 0.009417569548212143)
('tok4_capitalization_log_odds', 0.014043567350542366)
('total_acc', 0.014346027929258978)
('clean_title_rank', 0.014473682275851253)
('fico_range_low', 0.015008702691578599)
('emp_title_rank', 0.015099487293126984)
('mths_since_last_delinq', 0.015145843496293634)
('int_pymt', 0.015439583042842285)
('annual_inc', 0.016427733508755493)
('short_title_rank', 0.017483931491723892)
('tok4_emp_title_log_odds', 0.017944381689020104)
('zip_code', 0.018615317629889203)
('emp_length', 0.018699649706279294)
('installment', 0.018926294306958552)
('pct_med_inc', 0.020332317304814405)
('revol_util', 0.020498231660795518)
('urate', 0.020568916248775427)
('revol_bal', 0.02164280783492922)
('title_upper_pct', 0.021981573689948367)
('hpa4', 0.022575154933518152)
('med_inc', 0.022738962987620289)
('avg_urate', 0.024972493231380621)
('credit_length', 0.025795155863121831)
('dti', 0.025888970465867599)
('revol_bal-loan', 0.028320228413756917)
('urate_chg', 0.030025313827001868)
('urate_range', 0.033416564455988298)
('sub_grade', 0.052397231827705511)
('pymt_pct_inc', 0.053070331681987729)
('tok4_clean_title_log_odds', 0.1079633705658519)
('int_rate', 0.18467417138751549)


Forest Parameters
oob_score: False
n_jobs: 8
verbose: 0
min_density: None
compute_importances: None
max_leaf_nodes: None
bootstrap: True
min_samples_leaf: 100
n_estimators: 400
min_samples_split: 2
random_state: None
criterion: mse
max_features: auto
max_depth: None
