OOS Cutoff = 2014-01-01 00:00:00
Int Range: [0,7]
  LAlpha  UAlpha     ROE    DExp    DAct    Rate     Num
   -0.25    3.54    3.91    3.69    2.45    6.36      93
    3.54    4.16    6.28    2.42    0.00    6.28      92
    4.16    4.47    3.21    1.92    3.04    6.25      93
    4.47    4.76    6.34    1.74    0.00    6.34      92
    4.76    4.98    5.09    1.45    1.24    6.33      92
    4.98    5.17    6.35    1.28    0.00    6.35      93
    5.17    5.39    6.32    1.03    0.00    6.32      92
    5.39    5.58    6.39    0.89    0.00    6.39      93
    5.58    5.89    5.47    0.75    1.00    6.47      92
    5.89    6.45    6.61    0.50    0.00    6.61      92

Int Range: [7,10]
  LAlpha  UAlpha     ROE    DExp    DAct    Rate     Num
    0.53    5.15    6.15    3.83    2.00    8.15     518
    5.15    5.80    6.64    2.69    1.55    8.19     518
    5.80    6.24    7.22    2.14    0.95    8.17     518
    6.24    6.58    6.59    1.92    1.74    8.33     518
    6.58    6.88    7.56    1.67    0.84    8.40     518
    6.88    7.19    7.07    1.52    1.49    8.56     518
    7.19    7.50    8.07    1.43    0.71    8.77     518
    7.50    7.91    8.43    1.44    0.72    9.14     518
    7.91    8.39    7.20    1.18    2.13    9.33     518
    8.39    9.58    7.88    0.77    1.66    9.54     517

Int Range: [10,12]
  LAlpha  UAlpha     ROE    DExp    DAct    Rate     Num
    1.77    7.26    8.23    5.09    3.13   11.36     369
    7.26    8.06    9.29    3.73    2.15   11.44     369
    8.06    8.58    8.73    3.02    2.61   11.35     369
    8.58    8.96   10.34    2.64    1.08   11.41     369
    8.96    9.29    8.33    2.35    3.16   11.48     368
    9.29    9.59   10.22    2.02    1.25   11.47     369
    9.59    9.91   10.53    1.79    1.01   11.54     369
    9.91   10.23   10.99    1.56    0.63   11.62     369
   10.23   10.69   10.39    1.25    1.31   11.70     369
   10.69   11.84   11.06    0.86    0.90   11.95     368

Int Range: [12,13.5]
  LAlpha  UAlpha     ROE    DExp    DAct    Rate     Num
   -4.44    6.64    8.45    8.05    4.41   12.86     238
    6.64    7.84    9.90    5.54    2.94   12.84     237
    7.84    8.58   11.60    4.56    1.20   12.80     237
    8.58    9.14    9.82    3.95    3.00   12.82     237
    9.14    9.69    9.92    3.37    2.87   12.79     237
    9.69   10.15   12.09    2.87    0.70   12.79     238
   10.15   10.66    9.35    2.35    3.42   12.78     237
   10.66   11.13   10.03    1.90    2.77   12.80     237
   11.13   11.67   10.85    1.40    1.96   12.81     237
   11.67   12.74   11.91    0.84    0.96   12.87     237

Int Range: [13.5,15]
  LAlpha  UAlpha     ROE    DExp    DAct    Rate     Num
   -6.44    6.61   10.09    9.93    4.15   14.24     683
    6.61    8.09   10.34    6.76    3.84   14.19     682
    8.09    8.96   10.30    5.62    3.86   14.17     682
    8.96    9.66   11.10    4.88    3.10   14.21     682
    9.66   10.28   10.78    4.25    3.44   14.22     682
   10.28   10.86   11.90    3.61    2.28   14.18     683
   10.86   11.47   11.39    3.06    2.84   14.23     682
   11.47   12.07   12.24    2.44    1.96   14.20     682
   12.07   12.72   11.69    1.83    2.53   14.22     682
   12.72   14.77   11.92    1.26    2.59   14.50     682

Int Range: [15,17]
  LAlpha  UAlpha     ROE    DExp    DAct    Rate     Num
  -27.36    4.09    9.69   16.53    6.54   16.23     472
    4.09    6.45   11.76   10.72    4.42   16.18     472
    6.45    7.82   12.58    8.93    3.52   16.10     471
    7.82    8.90    9.25    7.74    6.87   16.13     472
    8.90    9.77   12.98    6.74    3.10   16.07     471
    9.77   10.73   12.69    5.79    3.35   16.04     472
   10.73   11.71   12.84    4.81    3.18   16.02     472
   11.71   12.76   12.89    3.80    3.14   16.03     471
   12.76   13.94   11.41    2.70    4.61   16.02     472
   13.94   16.53   13.30    1.70    3.07   16.37     471

Int Range: [17,20]
  LAlpha  UAlpha     ROE    DExp    DAct    Rate     Num
  -32.13    3.17   11.66   21.37    6.87   18.53     411
    3.17    5.97   11.61   13.70    6.82   18.42     411
    5.97    7.67   10.88   11.59    7.56   18.44     411
    7.67    9.02   11.87   10.17    6.67   18.54     411
    9.02   10.37   11.94    8.84    6.63   18.57     411
   10.37   11.76   12.31    7.56    6.28   18.59     411
   11.76   13.10   13.60    6.19    5.01   18.60     411
   13.10   14.64   13.41    4.64    5.11   18.53     411
   14.64   16.00   12.51    3.22    6.04   18.55     411
   16.00   19.31   12.00    2.05    7.01   19.01     410

Int Range: [20,30]
  LAlpha  UAlpha     ROE    DExp    DAct    Rate     Num
  -30.05    0.88    6.85   27.94   16.06   22.90     281
    0.88    4.38    9.53   19.86   13.16   22.70     281
    4.38    6.54   13.49   17.35    9.40   22.89     281
    6.54    8.31   13.30   15.07    9.20   22.50     281
    8.31   10.09   14.56   13.24    7.89   22.45     280
   10.09   11.81   14.04   11.36    8.29   22.33     281
   11.81   13.83   15.67    9.41    6.54   22.21     281
   13.83   16.39   12.49    7.48   10.03   22.52     281
   16.39   18.38   13.11    4.85    9.16   22.27     281
   18.38   23.06   15.61    3.64    7.62   23.23     280


MinAlpha	ROE	Count
-5	10.55	30397
-4	10.55	30353
-3	10.57	30291
-2	10.55	30218
-1	10.56	30113
0	10.56	29986
1	10.56	29805
2	10.58	29533
3	10.60	29179
4	10.64	28549
5	10.74	27396
6	10.91	25323
7	11.19	22450
8	11.51	19024
9	11.87	15363
10	12.24	11581
11	12.55	8208
12	12.78	5519
13	12.74	3520
14	13.04	2303
15	12.75	1547

Forest Importance
('pub_rec', 5.4277935896201041e-05)
('term', 0.00072324886302110479)
('delinq_2yrs', 0.00091281564047405626)
('mths_since_last_record', 0.0010935320649101334)
('is_inc_v', 0.0018739699243670771)
('loan_amnt', 0.0022404911500801638)
('even_loan_amnt', 0.0051427782863188217)
('home_ownership', 0.0053922264105072618)
('inq_last_6mths', 0.0061068113298849511)
('purpose', 0.0067258754852034218)
('open_acc', 0.0073499938131734392)
('mod_rate', 0.0074086945063189524)
('mths_since_last_delinq', 0.010908545462677792)
('fico_range_low', 0.011555644509749823)
('total_acc', 0.01204120623028045)
('clean_title_rank', 0.012334194461311534)
('int_pymt', 0.013666298558694272)
('annual_inc', 0.014306520556052577)
('zip_code', 0.014406389034027436)
('installment', 0.014535167293261531)
('emp_title_rank', 0.016119684560182253)
('short_title_rank', 0.016217830948113181)
('revol_bal', 0.01685545424247319)
('avg_urate', 0.017583025051615731)
('med_inc', 0.017584597752186258)
('urate', 0.017702758437605826)
('emp_length', 0.017844625973654958)
('tok4_capitalization_log_odds', 0.018534532990976446)
('hpa4', 0.018721550306955589)
('revol_util', 0.018882444635867694)
('pct_med_inc', 0.019055071460579606)
('credit_length', 0.020394925560127293)
('dti', 0.021854529762135307)
('revol_bal-loan', 0.022746554138626172)
('urate_chg', 0.023802215019190796)
('urate_range', 0.02510467154702754)
('tok4_clean_title_log_odds', 0.025520324447341248)
('pymt_pct_inc', 0.050033595875093283)
('sub_grade', 0.055671774613905628)
('int_rate', 0.15477020356231988)
('lr_clean_title_odds', 0.25622094759781128)


Forest Parameters
oob_score: False
n_jobs: 8
verbose: 0
min_density: None
compute_importances: None
max_leaf_nodes: None
bootstrap: True
min_samples_leaf: 100
n_estimators: 400
min_samples_split: 2
random_state: None
criterion: mse
max_features: auto
max_depth: None
