OOS Cutoff = 2014-10-01 00:00:00
Int Range: [0,7]
  LAlpha  UAlpha     ROE    DExp    DAct    Rate     Num
   -9.98    4.51    5.05    2.38    1.19    6.25     393
    4.51    4.93    5.19    1.59    1.14    6.33     392
    4.93    5.23    5.30    1.20    0.99    6.29     393
    5.23    5.43    5.27    0.95    1.02    6.29     392
    5.43    5.58    5.90    0.76    0.36    6.27     393
    5.58    5.71    5.79    0.61    0.47    6.26     392
    5.71    5.84    4.86    0.50    1.43    6.29     393
    5.84    6.00    5.42    0.46    0.96    6.38     392
    6.00    6.23    5.24    0.49    1.36    6.60     393
    6.23    6.92    6.21    0.34    0.56    6.77     392

Int Range: [7,10]
  LAlpha  UAlpha     ROE    DExp    DAct    Rate     Num
   -0.62    4.65    6.31    4.32    1.92    8.23    1106
    4.65    5.22    5.56    3.21    2.60    8.16    1106
    5.22    5.64    6.47    2.71    1.68    8.15    1106
    5.64    5.96    6.17    2.34    1.97    8.14    1106
    5.96    6.22    6.61    2.01    1.50    8.10    1106
    6.22    6.47    7.28    1.74    0.81    8.08    1106
    6.47    6.70    6.68    1.46    1.36    8.04    1106
    6.70    6.97    7.58    1.40    0.66    8.23    1106
    6.97    7.42    6.60    1.44    2.01    8.62    1106
    7.42    8.91    8.06    1.25    1.03    9.09    1105

Int Range: [10,12]
  LAlpha  UAlpha     ROE    DExp    DAct    Rate     Num
    0.13    5.53    7.98    6.63    3.12   11.09    1021
    5.53    6.35    7.39    5.00    3.57   10.97    1020
    6.35    6.90    8.17    4.39    2.86   11.03    1020
    6.90    7.33    8.67    3.90    2.36   11.02    1020
    7.33    7.75    7.66    3.52    3.41   11.07    1020
    7.75    8.11    8.16    3.15    2.92   11.08    1021
    8.11    8.47    8.78    2.80    2.31   11.09    1020
    8.47    8.87    8.78    2.43    2.32   11.09    1020
    8.87    9.36    8.54    2.11    2.67   11.20    1020
    9.36   11.12    9.79    1.67    1.69   11.48    1020

Int Range: [12,13.5]
  LAlpha  UAlpha     ROE    DExp    DAct    Rate     Num
   -2.95    4.86    6.25    9.35    6.65   12.90    1024
    4.86    5.83    7.03    7.49    5.85   12.88    1024
    5.83    6.53    7.21    6.66    5.65   12.86    1024
    6.53    7.15    7.95    6.02    4.92   12.87    1023
    7.15    7.69    9.08    5.45    3.78   12.86    1024
    7.69    8.18    8.50    4.93    4.36   12.87    1024
    8.18    8.66    9.56    4.45    3.32   12.88    1023
    8.66    9.16    9.43    4.01    3.48   12.91    1024
    9.16    9.81    9.48    3.42    3.41   12.89    1024
    9.81   11.94   10.88    2.58    2.10   12.97    1023

Int Range: [13.5,15]
  LAlpha  UAlpha     ROE    DExp    DAct    Rate     Num
   -4.01    4.52    6.06   11.27    8.33   14.39    1033
    4.52    5.72    5.93    9.21    8.46   14.38    1033
    5.72    6.56    7.82    8.22    6.55   14.37    1033
    6.56    7.27    6.47    7.46    7.91   14.38    1033
    7.27    7.91    6.19    6.77    8.17   14.36    1033
    7.91    8.51    8.86    6.18    5.52   14.39    1033
    8.51    9.12    8.33    5.57    6.06   14.39    1033
    9.12    9.77    8.13    4.95    6.26   14.39    1033
    9.77   10.60    8.99    4.22    5.40   14.39    1033
   10.60   13.14   10.90    3.20    3.61   14.51    1032

Int Range: [15,17]
  LAlpha  UAlpha     ROE    DExp    DAct    Rate     Num
  -11.95    3.10    5.58   15.18   10.70   16.28     727
    3.10    4.74    4.40   12.11   11.74   16.13     726
    4.74    5.78    7.02   10.86    9.11   16.13     726
    5.78    6.62    5.62    9.87   10.47   16.09     726
    6.62    7.40    6.88    9.11    9.25   16.13     726
    7.40    8.09    9.20    8.40    6.96   16.16     726
    8.09    8.83    8.37    7.66    7.74   16.11     726
    8.83    9.60    9.08    6.92    7.03   16.12     726
    9.60   10.61    9.67    6.02    6.45   16.12     726
   10.61   13.65   10.77    4.74    5.37   16.14     726

Int Range: [17,20]
  LAlpha  UAlpha     ROE    DExp    DAct    Rate     Num
  -11.25    0.59    0.53   20.81   18.30   18.83     669
    0.59    2.80    3.83   16.66   14.65   18.48     668
    2.80    4.37    5.56   14.83   12.87   18.43     668
    4.37    5.59    8.10   13.37   10.25   18.35     668
    5.59    6.65    6.14   12.19   12.19   18.33     668
    6.65    7.60    5.52   11.24   12.85   18.37     669
    7.60    8.48    7.54   10.24   10.73   18.27     668
    8.48    9.47    7.16    9.34   11.15   18.31     668
    9.47   10.64    9.18    8.29    9.12   18.30     668
   10.64   15.44    9.19    6.62    9.16   18.35     668

Int Range: [20,30]
  LAlpha  UAlpha     ROE    DExp    DAct    Rate     Num
  -15.58   -5.37   -3.09   30.92   26.33   23.24     406
   -5.37   -2.49    2.53   26.66   20.43   22.96     405
   -2.49   -0.56    2.54   24.21   20.21   22.74     405
   -0.56    1.24   -0.99   22.33   23.70   22.71     406
    1.24    2.94    5.11   20.68   17.64   22.76     405
    2.94    4.59    4.42   18.71   18.07   22.50     405
    4.59    6.11    4.39   17.17   18.12   22.52     406
    6.11    7.75    5.76   15.37   16.55   22.31     405
    7.75    9.63    2.28   13.59   19.96   22.24     405
    9.63   17.97    9.83   10.95   12.60   22.42     405


MinAlpha	ROE	Count
-5	7.30	63237
-4	7.32	63080
-3	7.35	62850
-2	7.38	62534
-1	7.39	62143
0	7.44	61652
1	7.51	60993
2	7.53	60130
3	7.60	58786
4	7.63	56408
5	7.84	51492
6	8.10	41794
7	8.57	30141
8	9.02	20336
9	9.62	11539
10	10.01	5360
11	10.43	1986
12	11.46	587
13	9.09	139
14	11.67	54
15	17.45	13

Forest Importance
('pub_rec', 0.00020289046187633203)
('delinq_2yrs', 0.00065765352096038661)
('term', 0.0022416503532572715)
('verification_status', 0.0041439470646737605)
('purpose', 0.0046962683863021569)
('even_loan_amnt', 0.0048247189243037546)
('mths_since_last_record', 0.0055117213521564115)
('mths_since_last_major_derog', 0.0058094493837151286)
('loan_amnt', 0.010782268261054696)
('open_acc', 0.012977212794122246)
('inq_last_6mths', 0.014244474248386143)
('home_ownership', 0.015715687841793884)
('int_pymt', 0.017538782476458303)
('mths_since_last_delinq', 0.018042509679896009)
('installment', 0.021286415894948941)
('total_acc', 0.021395041329405153)
('revol_bal', 0.023704435228594764)
('emp_length', 0.024351454399007676)
('annual_inc', 0.028104247352472481)
('dti', 0.028343392971001625)
('revol_util', 0.028422484169767184)
('revol_bal_pct_inc', 0.029030078491607478)
('tok4_capitalization_log_odds', 0.030015373032039362)
('revol_bal-loan', 0.031804289188458561)
('pct_med_inc', 0.033415279320123455)
('urate_chg', 0.034362263521256778)
('int_pct_inc', 0.035130908292706875)
('urate', 0.035542866185625042)
('pymt_pct_inc', 0.046251764874201198)
('credit_length', 0.052197312744087086)
('tok4_clean_title_log_odds', 0.057461205964330499)
('int_rate', 0.12615007925248875)
('sub_grade', 0.19564187303892058)


Forest Parameters
oob_score: False
n_jobs: 8
verbose: 0
min_density: None
compute_importances: None
max_leaf_nodes: None
bootstrap: True
min_samples_leaf: 150
n_estimators: 400
min_samples_split: 2
random_state: None
criterion: mse
max_features: auto
max_depth: None
