Int Range: [12,15]
Percentile, Default Prob cutoff, Good default, bad default, good int_rate, bad int_rate
10, 0.01335, 0.86, 5.57, 13.53, 13.52, 4429, 39534
20, 0.02115, 1.33, 6.04, 13.55, 13.52, 8818, 35145
30, 0.0291, 1.71, 6.55, 13.55, 13.51, 13204, 30759
40, 0.03815, 2.08, 7.11, 13.55, 13.51, 17593, 26370
50, 0.0481, 2.49, 7.71, 13.54, 13.51, 21993, 21970
60, 0.05935, 2.80, 8.55, 13.54, 13.50, 26380, 17583
70, 0.0735, 3.23, 9.45, 13.53, 13.51, 30781, 13182
80, 0.0926, 3.73, 10.58, 13.52, 13.53, 35179, 8784
90, 0.12255, 4.23, 12.90, 13.52, 13.56, 39569, 4394
Int Range: [15,20]
Percentile, Default Prob cutoff, Good default, bad default, good int_rate, bad int_rate
10, 0.0255, 1.55, 8.71, 16.84, 17.19, 4518, 40651
20, 0.03925, 2.25, 9.43, 16.89, 17.22, 9058, 36111
30, 0.0525, 2.81, 10.21, 16.92, 17.26, 13548, 31621
40, 0.065, 3.45, 11.02, 16.93, 17.31, 18069, 27100
50, 0.07855, 4.18, 11.81, 16.96, 17.36, 22598, 22571
60, 0.09365, 4.74, 12.87, 16.99, 17.42, 27108, 18061
70, 0.11035, 5.44, 13.96, 17.02, 17.48, 31627, 13542
80, 0.1317, 6.14, 15.40, 17.07, 17.53, 36138, 9031
90, 0.16231, 6.90, 17.84, 17.11, 17.60, 40652, 4517
Int Range: [20,30]
Percentile, Default Prob cutoff, Good default, bad default, good int_rate, bad int_rate
10, 0.0494, 3.32, 11.98, 21.73, 22.50, 1417, 12742
20, 0.06863, 4.06, 12.88, 21.94, 22.54, 2832, 11327
30, 0.08587, 4.90, 13.78, 22.03, 22.58, 4248, 9911
40, 0.1014, 5.86, 14.63, 22.09, 22.64, 5668, 8491
50, 0.1177, 6.64, 15.60, 22.16, 22.68, 7081, 7078
60, 0.13435, 7.48, 16.57, 22.21, 22.73, 8498, 5661
70, 0.15283, 8.39, 17.47, 22.27, 22.76, 9911, 4248
80, 0.17567, 8.98, 19.67, 22.32, 22.82, 11327, 2832
90, 0.20816, 9.82, 22.81, 22.37, 22.90, 12743, 1416


Forest Importance
('pub_rec', 0.0031802801194982045)
('term', 0.0032639341054480986)
('even_loan_amnt', 0.0046442053729755916)
('mths_since_last_record', 0.0066221624357167899)
('is_inc_v', 0.00708274861719817)
('delinq_2yrs', 0.0071020015964345208)
('home_ownership', 0.0073112793664022535)
('title_num_words', 0.010979370706338587)
('inq_last_6mths', 0.012659481497253048)
('purpose', 0.01301731711253885)
('title_upper_count', 0.014628858254071094)
('emp_length', 0.016191597484182408)
('mths_since_last_delinq', 0.017054368796866025)
('loan_amnt', 0.019020583932570952)
('issue_mth', 0.020754187300651004)
('fico_range_low', 0.0209384508815951)
('title_upper_pct', 0.021390699377415823)
('sub_grade', 0.022462892665788145)
('mod_rate', 0.022728911534286134)
('open_acc', 0.022765693676131637)
('title_len', 0.022968772664510171)
('credit_length', 0.025729570463692931)
('dti', 0.026441825361847589)
('urate_range', 0.026802693539476844)
('max_urate', 0.026931210026113445)
('total_acc', 0.027475244636835636)
('med_inc', 0.02770024088460046)
('zip_code', 0.029208277072570336)
('title_last_word_rank', 0.029233785925858666)
('min_urate', 0.029526912198251661)
('short_title_rank', 0.03011678376172091)
('revol_util', 0.030424678254587712)
('int_rate', 0.030491104608201924)
('installment', 0.030776585980877097)
('int_pymt', 0.030797837156063223)
('annual_inc', 0.030824740537920364)
('revol_bal', 0.030963828155436274)
('title_rank', 0.031623864404335011)
('title_first_word_rank', 0.032645922962658794)
('revol_bal-loan', 0.033599110890611385)
('avg_urate', 0.034985089328708703)
('pct_med_inc', 0.035008074428203993)
('urate_chg', 0.035175172895352394)
('urate', 0.036749649028201388)


Forest Parameters
oob_score: False
n_jobs: 1
verbose: 2
min_density: 0.1
compute_importances: True
bootstrap: True
min_samples_leaf: 1
n_estimators: 20000
min_samples_split: 2
random_state: None
criterion: gini
max_features: auto
max_depth: None
