Int Range: [12,15]
Percentile, Cutoff, Good ROE, Bad ROE, Good default, Bad default, Good int_rate, Bad int_rate
10, 6.459, 11.44, 11.31, 1.61, 2.43, 13.05, 13.74, 6716, 60444
20, 7.307, 11.63, 11.24, 1.57, 2.54, 13.20, 13.78, 13432, 53728
30, 8.035, 11.62, 11.19, 1.68, 2.63, 13.30, 13.82, 20148, 47012
40, 8.743, 11.53, 11.18, 1.84, 2.69, 13.37, 13.86, 26864, 40296
50, 9.433, 11.48, 11.16, 1.95, 2.74, 13.43, 13.90, 33580, 33580
60, 10.154, 11.44, 11.14, 2.04, 2.81, 13.48, 13.95, 40296, 26864
70, 10.938, 11.42, 11.08, 2.10, 2.93, 13.52, 14.01, 47012, 20148
80, 11.878, 11.37, 11.10, 2.19, 2.99, 13.56, 14.09, 53728, 13432
90, 13.191, 11.34, 11.13, 2.27, 3.07, 13.61, 14.20, 60444, 6716
Int Range: [15,20]
Percentile, Cutoff, Good ROE, Bad ROE, Good default, Bad default, Good int_rate, Bad int_rate
10, 9.418, 13.25, 12.97, 2.62, 4.35, 15.87, 17.32, 6901, 62102
20, 10.637, 13.18, 12.95, 2.96, 4.49, 16.14, 17.43, 13801, 55202
30, 11.579, 13.22, 12.90, 3.11, 4.64, 16.33, 17.54, 20701, 48302
40, 12.404, 13.27, 12.81, 3.21, 4.83, 16.48, 17.64, 27601, 41402
50, 13.217, 13.26, 12.73, 3.35, 5.01, 16.61, 17.74, 34502, 34501
60, 14.057, 13.19, 12.69, 3.53, 5.16, 16.72, 17.86, 41402, 27601
70, 15.010, 13.19, 12.55, 3.64, 5.45, 16.82, 18.00, 48302, 20701
80, 16.142, 13.14, 12.39, 3.78, 5.77, 16.93, 18.17, 55202, 13801
90, 17.732, 13.09, 12.14, 3.95, 6.29, 17.04, 18.43, 62102, 6901
Int Range: [20,30]
Percentile, Cutoff, Good ROE, Bad ROE, Good default, Bad default, Good int_rate, Bad int_rate
10, 13.663, 15.72, 15.21, 5.41, 7.52, 21.13, 22.73, 2438, 21935
20, 14.967, 15.79, 15.13, 5.62, 7.73, 21.41, 22.86, 4875, 19498
30, 15.955, 15.71, 15.07, 5.89, 7.91, 21.60, 22.99, 7312, 17061
40, 16.911, 15.79, 14.91, 5.96, 8.21, 21.75, 23.12, 9749, 14624
50, 17.833, 15.76, 14.76, 6.11, 8.50, 21.88, 23.27, 12187, 12186
60, 18.736, 15.72, 14.58, 6.29, 8.83, 22.01, 23.41, 14624, 9749
70, 19.684, 15.52, 14.67, 6.61, 8.94, 22.12, 23.61, 17061, 7312
80, 20.855, 15.46, 14.50, 6.79, 9.37, 22.25, 23.87, 19498, 4875
90, 22.335, 15.38, 14.20, 7.00, 10.09, 22.38, 24.29, 21935, 2438


Forest Importance
('pub_rec', 0.00038101466243155237)
('delinq_2yrs', 0.00070321789005914391)
('mths_since_last_record', 0.00085514733618601675)
('home_ownership', 0.00342032118328212)
('title_num_words', 0.0038287163976288676)
('is_inc_v', 0.004904852645149004)
('even_loan_amnt', 0.0059735076034908383)
('emp_length', 0.0095582929036219129)
('term', 0.0098475022946526089)
('open_acc', 0.010321049580507544)
('issue_mth', 0.01034365744642649)
('mths_since_last_delinq', 0.011361890938549966)
('title_len', 0.012191266923793307)
('loan_amnt', 0.01298753247818658)
('total_acc', 0.013390936115098418)
('credit_length', 0.014719138734866738)
('title_upper_count', 0.015100469136827522)
('mod_rate', 0.016677603431559135)
('max_urate', 0.017284387764116928)
('min_urate', 0.017377273554291955)
('purpose', 0.017416120400967787)
('urate_range', 0.017478038316020825)
('short_title_rank', 0.017508165170678575)
('zip_code', 0.017698113974886388)
('med_inc', 0.018099755414582072)
('title_first_word_rank', 0.018925382194925778)
('title_last_word_rank', 0.019990316870429504)
('title_rank', 0.020601062859260756)
('dti', 0.020604404176251517)
('urate_chg', 0.020681100208248406)
('urate', 0.021420497102615621)
('revol_bal', 0.021898436501938276)
('avg_urate', 0.022039886756350047)
('installment', 0.023811233999989613)
('revol_util', 0.024443082394216976)
('title_upper_pct', 0.026788084851695398)
('inq_last_6mths', 0.02721138230979497)
('revol_bal-loan', 0.02862530507331448)
('pct_med_inc', 0.044625440594326056)
('fico_range_low', 0.044636060556774125)
('int_pymt', 0.047872758746130284)
('annual_inc', 0.051445465966113935)
('sub_grade', 0.11281304683695571)
('int_rate', 0.12213907970280616)


Forest Parameters
oob_score: False
n_jobs: 1
verbose: 2
min_density: None
compute_importances: None
max_leaf_nodes: None
bootstrap: True
min_samples_leaf: 100
n_estimators: 400
min_samples_split: 2
random_state: None
criterion: gini
max_features: auto
max_depth: None
