OOS Cutoff = 2014-12-01 00:00:00
Int Range: [0,7]
  LAlpha  UAlpha     ROE    DExp    DAct    Rate     Num
  -22.03    4.33    5.61    2.69    0.77    6.38     369
    4.33    4.78    5.62    1.84    0.80    6.41     369
    4.78    5.11    5.19    1.48    1.24    6.43     369
    5.11    5.36    6.11    1.17    0.32    6.42     369
    5.36    5.57    6.28    0.98    0.17    6.45     368
    5.57    5.74    5.86    0.78    0.58    6.44     369
    5.74    5.90    6.11    0.68    0.40    6.50     369
    5.90    6.10    6.63    0.63    0.00    6.63     369
    6.10    6.35    5.81    0.53    0.95    6.76     369
    6.35    6.94    6.02    0.37    0.93    6.95     368

Int Range: [7,10]
  LAlpha  UAlpha     ROE    DExp    DAct    Rate     Num
    0.96    4.70    4.65    4.55    3.84    8.50     870
    4.70    5.34    6.47    3.39    1.97    8.44     869
    5.34    5.73    6.86    2.84    1.52    8.38     870
    5.73    6.07    6.61    2.46    1.75    8.36     869
    6.07    6.35    6.98    2.12    1.35    8.33     870
    6.35    6.60    6.05    1.86    2.29    8.34     869
    6.60    6.84    6.83    1.61    1.50    8.32     870
    6.84    7.12    7.21    1.42    1.19    8.40     869
    7.12    7.51    7.76    1.30    0.84    8.60     870
    7.51    9.07    8.47    1.23    0.70    9.17     869

Int Range: [10,12]
  LAlpha  UAlpha     ROE    DExp    DAct    Rate     Num
   -0.09    5.32    6.78    7.01    4.45   11.23     762
    5.32    6.12    7.09    5.48    4.15   11.24     761
    6.12    6.73    7.97    4.81    3.27   11.25     761
    6.73    7.22    7.47    4.29    3.79   11.27     761
    7.22    7.62    8.49    3.86    2.81   11.29     761
    7.62    8.02    9.38    3.45    1.90   11.28     762
    8.02    8.40    8.13    3.10    3.18   11.31     761
    8.40    8.82    8.44    2.76    2.92   11.36     761
    8.82    9.33    8.55    2.37    2.89   11.43     761
    9.33   10.99    9.10    1.83    2.50   11.60     761

Int Range: [12,13.5]
  LAlpha  UAlpha     ROE    DExp    DAct    Rate     Num
   -2.58    4.34    6.68    9.62    6.08   12.76     558
    4.34    5.43    5.79    7.76    6.89   12.68     557
    5.43    6.18    4.33    6.84    8.34   12.67     558
    6.18    6.80    7.58    6.20    5.12   12.69     557
    6.80    7.37    6.26    5.57    6.39   12.65     558
    7.37    7.92    8.80    5.02    3.87   12.66     557
    7.92    8.41    8.38    4.49    4.27   12.65     558
    8.41    9.00    9.01    3.98    3.66   12.67     557
    9.00    9.63    9.20    3.37    3.48   12.68     558
    9.63   12.07    8.81    2.51    3.92   12.73     557

Int Range: [13.5,15]
  LAlpha  UAlpha     ROE    DExp    DAct    Rate     Num
   -4.61    3.95    5.56   11.58    8.64   14.20     724
    3.95    5.08    5.96    9.66    8.25   14.22     723
    5.08    5.93    8.30    8.74    5.95   14.25     723
    5.93    6.61    8.75    8.00    5.51   14.26     723
    6.61    7.28    9.20    7.32    5.06   14.26     723
    7.28    7.97    7.36    6.64    6.90   14.26     723
    7.97    8.64    9.96    5.95    4.31   14.27     723
    8.64    9.36    9.26    5.26    5.00   14.26     723
    9.36   10.31   10.47    4.48    3.81   14.29     723
   10.31   13.17    9.51    3.33    4.89   14.41     723

Int Range: [15,17]
  LAlpha  UAlpha     ROE    DExp    DAct    Rate     Num
  -12.71    1.42    2.41   16.80   13.64   16.04     493
    1.42    3.33    3.92   13.50   12.08   16.00     492
    3.33    4.52    6.93   12.01    9.05   15.99     493
    4.52    5.48    6.58   10.95    9.38   15.96     492
    5.48    6.29    6.30   10.11    9.70   16.00     493
    6.29    7.08    8.83    9.29    7.15   15.98     492
    7.08    7.94    9.16    8.44    6.80   15.96     493
    7.94    8.75    9.67    7.64    6.28   15.96     492
    8.75    9.84    8.50    6.70    7.47   15.97     493
    9.84   13.06    9.00    5.15    6.96   15.96     492

Int Range: [17,20]
  LAlpha  UAlpha     ROE    DExp    DAct    Rate     Num
  -13.76   -1.45   -2.98   23.24   21.86   18.89     520
   -1.45    1.11    1.69   18.55   16.81   18.51     520
    1.11    2.77    4.46   16.43   13.98   18.43     520
    2.77    4.10    6.24   14.93   12.13   18.38     520
    4.10    5.24    6.33   13.61   11.94   18.27     520
    5.24    6.32    4.17   12.44   14.05   18.22     520
    6.32    7.30    6.20   11.35   11.97   18.17     520
    7.30    8.41    6.17   10.25   11.95   18.12     520
    8.41    9.88    7.20    8.99   10.90   18.10     520
    9.88   14.78   10.27    7.10    7.99   18.26     519

Int Range: [20,30]
  LAlpha  UAlpha     ROE    DExp    DAct    Rate     Num
  -17.13   -6.82   -4.63   33.30   28.51   23.88     244
   -6.82   -4.26   -4.36   29.12   28.07   23.70     243
   -4.26   -2.29    2.35   26.53   20.90   23.25     244
   -2.29   -0.36    5.44   24.53   17.77   23.21     243
   -0.36    1.30    1.23   22.75   21.97   23.20     243
    1.30    3.10    1.49   21.03   21.73   23.21     244
    3.10    4.76   10.94   19.04   12.06   23.00     243
    4.76    6.49    1.80   17.21   20.99   22.78     244
    6.49    8.82    4.83   15.35   18.10   22.93     243
    8.82   18.52    7.52   11.54   15.35   22.87     243


MinAlpha	ROE	Count
-5	7.08	44768
-4	7.11	44550
-3	7.14	44323
-2	7.19	44046
-1	7.20	43694
0	7.24	43239
1	7.32	42654
2	7.39	41843
3	7.47	40653
4	7.55	38471
5	7.70	34418
6	8.13	27020
7	8.58	18240
8	8.99	11395
9	9.22	6071
10	9.66	2542
11	9.01	898
12	10.31	287
13	12.92	92
14	10.52	36
15	8.47	17

Forest Importance
('pub_rec', 0.00027414988793056144)
('delinq_2yrs', 0.00091742907723775177)
('term', 0.0035071174465987447)
('loan_amnt', 0.0041157065985263103)
('even_loan_amnt', 0.0043827338321346179)
('purpose', 0.0050565586660208228)
('verification_status', 0.0051031845190175097)
('mths_since_last_record', 0.0059727700971535166)
('mths_since_last_major_derog', 0.0081805353536732826)
('inq_last_6mths', 0.013259628180040188)
('home_ownership', 0.013685083278872306)
('open_acc', 0.016239909230140556)
('mths_since_last_delinq', 0.019725880378270045)
('int_pymt', 0.022955924297832376)
('emp_length', 0.024578158202998829)
('annual_inc', 0.025811289246152898)
('tok4_capitalization_log_odds', 0.026105493646275756)
('total_acc', 0.026211497197769579)
('installment', 0.026635043221965759)
('revol_bal', 0.027857265641465553)
('credit_length', 0.032187519437134937)
('revol_bal_pct_inc', 0.033291380829734214)
('revol_util', 0.033927353696783784)
('revol_bal-loan', 0.034903334567748419)
('dti', 0.035235088821919683)
('int_pct_inc', 0.035970054378195199)
('clean_title_rank', 0.036517087386579584)
('pct_med_inc', 0.037813854132888618)
('int_rate', 0.040692366402478086)
('urate', 0.042847883414873771)
('pymt_pct_inc', 0.04352252166657878)
('tok4_clean_title_log_odds', 0.06336295444406588)
('sub_grade', 0.24915324282094209)


Forest Parameters
oob_score: False
n_jobs: 8
verbose: 0
min_density: None
compute_importances: None
max_leaf_nodes: None
bootstrap: True
min_samples_leaf: 100
n_estimators: 200
min_samples_split: 2
random_state: None
criterion: mse
max_features: auto
max_depth: None
