OOS Cutoff = 2014-08-01 00:00:00
Int Range: [0,7]
  LAlpha  UAlpha     ROE    DExp    DAct    Rate     Num
   -7.01    4.39    5.20    2.46    1.04    6.23     185
    4.39    4.83    5.41    1.54    0.77    6.18     185
    4.83    5.12    5.38    1.16    0.77    6.15     185
    5.12    5.29    6.17    0.96    0.00    6.17     185
    5.29    5.44    6.16    0.79    0.00    6.16     185
    5.44    5.58    5.54    0.64    0.62    6.15     185
    5.58    5.69    5.59    0.53    0.57    6.16     185
    5.69    5.81    5.75    0.42    0.42    6.17     185
    5.81    6.02    5.16    0.43    1.16    6.32     185
    6.02    6.38    6.49    0.32    0.00    6.49     184

Int Range: [7,10]
  LAlpha  UAlpha     ROE    DExp    DAct    Rate     Num
   -0.07    4.91    3.99    3.82    3.98    7.97     461
    4.91    5.49    5.83    2.78    2.17    8.00     461
    5.49    5.85    4.60    2.31    3.39    7.99     461
    5.85    6.14    6.37    1.94    1.57    7.94     461
    6.14    6.39    6.75    1.73    1.25    8.00     460
    6.39    6.63    6.01    1.48    1.98    7.99     461
    6.63    6.88    6.20    1.35    1.90    8.10     461
    6.88    7.19    6.86    1.50    1.66    8.52     461
    7.19    7.60    6.92    1.42    1.89    8.81     461
    7.60    8.68    7.43    1.10    1.63    9.06     460

Int Range: [10,12]
  LAlpha  UAlpha     ROE    DExp    DAct    Rate     Num
    0.63    5.93    5.79    6.03    5.01   10.80     450
    5.93    6.73    6.65    4.38    4.11   10.76     450
    6.73    7.22    8.09    3.75    2.64   10.73     450
    7.22    7.62    7.52    3.44    3.35   10.87     450
    7.62    7.97    8.79    3.12    2.13   10.92     450
    7.97    8.29    7.45    2.82    3.50   10.94     450
    8.29    8.61    8.59    2.48    2.34   10.93     450
    8.61    8.99    8.21    2.21    2.80   11.01     450
    8.99    9.48    9.05    1.97    2.14   11.19     450
    9.48   11.05    9.82    1.54    1.61   11.44     450

Int Range: [12,13.5]
  LAlpha  UAlpha     ROE    DExp    DAct    Rate     Num
   -3.10    5.19    4.20    9.14    8.76   12.96     446
    5.19    6.16    5.44    7.19    7.47   12.91     446
    6.16    6.88    8.25    6.41    4.69   12.93     446
    6.88    7.43    7.65    5.78    5.30   12.94     446
    7.43    7.96    6.17    5.27    6.79   12.96     445
    7.96    8.44    9.00    4.74    3.94   12.94     446
    8.44    8.91    8.12    4.27    4.83   12.95     446
    8.91    9.42    8.38    3.77    4.55   12.93     446
    9.42   10.12    8.19    3.22    4.76   12.94     446
   10.12   12.14    9.97    2.33    3.06   13.03     445

Int Range: [13.5,15]
  LAlpha  UAlpha     ROE    DExp    DAct    Rate     Num
   -2.91    4.66    6.22   11.28    8.25   14.48     436
    4.66    5.96    2.72    9.11   11.75   14.46     436
    5.96    6.87    6.05    8.04    8.42   14.47     436
    6.87    7.58    5.57    7.21    8.85   14.42     436
    7.58    8.21    8.12    6.56    6.34   14.46     436
    8.21    8.84    9.69    5.93    4.76   14.45     436
    8.84    9.50    9.52    5.30    4.94   14.46     436
    9.50   10.17    8.98    4.62    5.46   14.44     436
   10.17   11.01   10.64    3.84    3.77   14.41     436
   11.01   13.90    9.79    2.88    4.76   14.55     435

Int Range: [15,17]
  LAlpha  UAlpha     ROE    DExp    DAct    Rate     Num
   -6.38    3.82   -2.52   14.58   18.90   16.38     343
    3.82    5.31    5.78   11.64   10.50   16.28     342
    5.31    6.37    5.57   10.39   10.67   16.24     342
    6.37    7.23    6.35    9.42    9.87   16.22     343
    7.23    8.01    7.10    8.61    9.16   16.26     342
    8.01    8.70    9.21    7.88    7.03   16.25     342
    8.70    9.48    8.87    7.15    7.38   16.25     343
    9.48   10.29    8.45    6.37    7.80   16.25     342
   10.29   11.31   10.28    5.46    5.94   16.23     342
   11.31   14.04   10.88    4.24    5.44   16.32     342

Int Range: [17,20]
  LAlpha  UAlpha     ROE    DExp    DAct    Rate     Num
   -9.15    1.86   -2.49   19.24   21.15   18.66     319
    1.86    4.08    7.35   15.45   11.17   18.52     319
    4.08    5.59    4.94   13.64   13.57   18.51     319
    5.59    6.68    6.48   12.30   11.99   18.47     319
    6.68    7.72    6.24   11.14   12.11   18.36     318
    7.72    8.58    5.60   10.21   12.76   18.35     319
    8.58    9.50    4.85    9.37   13.53   18.38     319
    9.50   10.43    8.33    8.39   10.02   18.35     319
   10.43   11.65   13.77    7.49    4.68   18.46     319
   11.65   15.21    8.92    5.79    9.58   18.50     318

Int Range: [20,30]
  LAlpha  UAlpha     ROE    DExp    DAct    Rate     Num
  -14.95   -3.39   -1.10   29.17   23.92   22.82     299
   -3.39   -0.17    1.57   24.64   21.46   23.03     298
   -0.17    2.23   -2.73   21.93   25.71   22.98     299
    2.23    4.31   -2.09   19.79   25.19   23.10     298
    4.31    5.92    2.85   17.73   20.02   22.86     298
    5.92    7.59    9.08   16.11   13.78   22.86     299
    7.59    9.26    8.00   14.60   15.02   23.02     298
    9.26   11.13   10.71   12.65   12.09   22.81     299
   11.13   13.45    9.31   10.52   13.47   22.78     298
   13.45   20.25   11.72    8.27   11.88   23.60     298


MinAlpha	ROE	Count
-5	6.90	29169
-4	6.91	29088
-3	6.92	28999
-2	6.95	28877
-1	6.98	28733
0	7.05	28536
1	7.13	28246
2	7.24	27877
3	7.34	27374
4	7.47	26455
5	7.63	24492
6	8.16	20457
7	8.56	15813
8	9.09	11223
9	9.61	7083
10	10.32	3983
11	10.57	2056
12	11.05	1010
13	11.47	496
14	13.74	275
15	16.27	169

Forest Importance
('pub_rec', 0.0002186329901545838)
('delinq_2yrs', 0.00083657275418517465)
('term', 0.0018274724110363813)
('loan_amnt', 0.0038041130270777294)
('purpose', 0.0040082315341658228)
('mths_since_last_record', 0.0043932659368695138)
('verification_status', 0.0044450774411483145)
('even_loan_amnt', 0.0048963720267738986)
('mths_since_last_major_derog', 0.0061214499174609928)
('open_acc', 0.012815350072566612)
('home_ownership', 0.013682058170552019)
('inq_last_6mths', 0.014696742782512484)
('int_pymt', 0.017803441301505542)
('mths_since_last_delinq', 0.019287042748687928)
('total_acc', 0.020985918145816639)
('installment', 0.022227764505280266)
('revol_bal', 0.024859922088416475)
('emp_length', 0.025475503116725463)
('dti', 0.026504200299254502)
('tok4_capitalization_log_odds', 0.029305931411247568)
('revol_util', 0.030152206258951243)
('annual_inc', 0.03049550544334298)
('clean_title_rank', 0.030769832445640254)
('revol_bal_pct_inc', 0.030964773761522436)
('revol_bal-loan', 0.031675687169697805)
('credit_length', 0.032589996008237483)
('pct_med_inc', 0.034829827696306097)
('urate_chg', 0.035064078141993617)
('urate', 0.035626344170859837)
('int_pct_inc', 0.036080255429797155)
('pymt_pct_inc', 0.049368486034600673)
('tok4_clean_title_log_odds', 0.057362891559078928)
('sub_grade', 0.12815926760991414)
('int_rate', 0.17866578558861954)


Forest Parameters
oob_score: False
n_jobs: 8
verbose: 0
min_density: None
compute_importances: None
max_leaf_nodes: None
bootstrap: True
min_samples_leaf: 150
n_estimators: 400
min_samples_split: 2
random_state: None
criterion: mse
max_features: auto
max_depth: None
