OOS Cutoff = 2014-10-01 00:00:00
Int Range: [0,7]
  LAlpha  UAlpha     ROE    DExp    DAct    Rate     Num
   -8.80    4.47    4.43    2.49    1.84    6.27     393
    4.47    4.95    5.80    1.59    0.51    6.31     392
    4.95    5.24    5.37    1.20    0.93    6.31     393
    5.24    5.43    5.80    0.93    0.46    6.26     392
    5.43    5.58    4.68    0.76    1.59    6.26     393
    5.58    5.71    6.26    0.62    0.00    6.26     392
    5.71    5.84    5.12    0.51    1.15    6.28     393
    5.84    5.99    5.48    0.49    0.93    6.41     392
    5.99    6.22    5.21    0.48    1.38    6.59     393
    6.22    6.91    5.69    0.35    1.09    6.78     392

Int Range: [7,10]
  LAlpha  UAlpha     ROE    DExp    DAct    Rate     Num
   -1.86    4.59    6.37    4.45    1.89    8.26    1106
    4.59    5.19    5.75    3.24    2.41    8.16    1106
    5.19    5.61    5.73    2.77    2.46    8.18    1106
    5.61    5.92    6.02    2.33    2.09    8.11    1106
    5.92    6.20    7.01    2.03    1.09    8.10    1106
    6.20    6.45    6.12    1.77    1.97    8.09    1106
    6.45    6.68    7.23    1.52    0.86    8.08    1106
    6.68    6.95    7.08    1.37    1.10    8.18    1106
    6.95    7.38    7.31    1.50    1.33    8.64    1106
    7.38    8.92    7.94    1.26    1.12    9.06    1105

Int Range: [10,12]
  LAlpha  UAlpha     ROE    DExp    DAct    Rate     Num
   -1.01    5.34    7.27    6.82    3.81   11.08    1021
    5.34    6.22    8.20    5.14    2.79   10.99    1020
    6.22    6.81    7.22    4.45    3.76   10.98    1020
    6.81    7.29    7.95    3.97    3.08   11.03    1020
    7.29    7.70    8.00    3.55    3.05   11.05    1020
    7.70    8.08    8.21    3.17    2.84   11.06    1021
    8.08    8.44    9.39    2.87    1.74   11.13    1020
    8.44    8.87    8.06    2.47    3.06   11.13    1020
    8.87    9.39    8.91    2.11    2.32   11.23    1020
    9.39   11.20    9.37    1.59    2.08   11.45    1020

Int Range: [12,13.5]
  LAlpha  UAlpha     ROE    DExp    DAct    Rate     Num
   -3.28    4.72    6.49    9.54    6.41   12.90    1024
    4.72    5.81    7.79    7.57    5.09   12.87    1024
    5.81    6.48    6.03    6.72    6.84   12.87    1024
    6.48    7.14    7.84    6.06    5.03   12.88    1023
    7.14    7.65    7.56    5.45    5.30   12.86    1024
    7.65    8.15    8.74    4.97    4.14   12.87    1024
    8.15    8.63    9.19    4.50    3.70   12.88    1023
    8.63    9.14    9.84    4.02    3.06   12.90    1024
    9.14    9.84    9.58    3.44    3.31   12.89    1024
    9.84   12.31   10.25    2.54    2.71   12.97    1023

Int Range: [13.5,15]
  LAlpha  UAlpha     ROE    DExp    DAct    Rate     Num
   -4.26    4.41    4.96   11.41    9.42   14.37    1033
    4.41    5.64    7.04    9.31    7.34   14.39    1033
    5.64    6.51    6.42    8.27    7.94   14.37    1033
    6.51    7.22    6.26    7.48    8.10   14.37    1033
    7.22    7.86    6.98    6.86    7.42   14.40    1033
    7.86    8.48    7.47    6.20    6.91   14.37    1033
    8.48    9.12    7.71    5.58    6.66   14.37    1033
    9.12    9.78    9.43    4.95    4.95   14.38    1033
    9.78   10.61    8.40    4.27    6.02   14.42    1033
   10.61   13.42   10.09    3.19    4.42   14.52    1032

Int Range: [15,17]
  LAlpha  UAlpha     ROE    DExp    DAct    Rate     Num
  -10.27    2.88    4.11   15.46   12.17   16.27     727
    2.88    4.54    5.12   12.35   11.02   16.15     726
    4.54    5.61    5.50   11.01   10.60   16.11     726
    5.61    6.51    5.97   10.03   10.13   16.10     726
    6.51    7.24    6.86    9.24    9.26   16.12     726
    7.24    8.00    7.62    8.53    8.53   16.15     726
    8.00    8.78    8.50    7.72    7.60   16.10     726
    8.78    9.62    9.46    6.92    6.66   16.12     726
    9.62   10.65    9.66    6.02    6.47   16.12     726
   10.65   13.78   10.14    4.65    6.03   16.17     726

Int Range: [17,20]
  LAlpha  UAlpha     ROE    DExp    DAct    Rate     Num
  -12.59    0.30    0.30   21.02   18.51   18.81     669
    0.30    2.60    2.32   16.97   16.18   18.50     668
    2.60    4.22    5.43   14.99   12.98   18.41     668
    4.22    5.50    7.57   13.53   10.82   18.40     668
    5.50    6.59    7.59   12.30   10.77   18.36     668
    6.59    7.50    3.84   11.28   14.49   18.33     669
    7.50    8.48    5.45   10.36   12.89   18.33     668
    8.48    9.46    8.81    9.30    9.45   18.26     668
    9.46   10.68    7.06    8.25   11.21   18.28     668
   10.68   15.09    9.35    6.52    9.00   18.35     668

Int Range: [20,30]
  LAlpha  UAlpha     ROE    DExp    DAct    Rate     Num
  -15.61   -5.59   -3.78   31.39   27.12   23.33     406
   -5.59   -2.67    2.27   26.95   20.65   22.92     405
   -2.67   -0.69   -2.70   24.54   25.58   22.88     405
   -0.69    1.06    0.09   22.59   22.67   22.76     406
    1.06    2.85    6.23   20.74   16.46   22.69     405
    2.85    4.45    3.19   18.86   19.36   22.55     405
    4.45    6.11    4.18   16.98   18.10   22.28     406
    6.11    7.82    1.17   15.39   21.17   22.34     405
    7.82    9.73    5.96   13.46   16.23   22.19     405
    9.73   18.68    8.79   10.86   13.66   22.45     405


MinAlpha	ROE	Count
-5	7.04	63193
-4	7.09	63008
-3	7.09	62746
-2	7.11	62448
-1	7.17	62054
0	7.22	61522
1	7.28	60820
2	7.33	59872
3	7.40	58467
4	7.48	55920
5	7.57	50979
6	7.91	41138
7	8.38	29657
8	8.90	19900
9	9.25	11547
10	9.40	5416
11	10.23	2113
12	11.63	658
13	8.93	179
14	12.53	47
15	9.36	18

Forest Importance
('pub_rec', 0.00025755223194874247)
('delinq_2yrs', 0.00047337036392817159)
('term', 0.0021160822316992354)
('loan_amnt', 0.0043022832574024384)
('verification_status', 0.0044498661831754117)
('purpose', 0.0045817873708662669)
('even_loan_amnt', 0.0050198613426228082)
('mths_since_last_record', 0.0058341461160486673)
('mths_since_last_major_derog', 0.0058631915275586099)
('open_acc', 0.013898249721223698)
('inq_last_6mths', 0.014555074656146845)
('home_ownership', 0.016576345582891377)
('mths_since_last_delinq', 0.018741181517305541)
('int_pymt', 0.020804203203197504)
('total_acc', 0.021865414796992493)
('installment', 0.023560310266287413)
('emp_length', 0.02575769071034523)
('revol_bal', 0.025899088714130557)
('dti', 0.029205398408516044)
('revol_util', 0.030063232852688575)
('revol_bal_pct_inc', 0.03051369042488759)
('revol_bal-loan', 0.030556002786940414)
('annual_inc', 0.03091966259778196)
('tok4_capitalization_log_odds', 0.031228686161730863)
('clean_title_rank', 0.031608584968010278)
('pct_med_inc', 0.032852916542626148)
('credit_length', 0.034310660276311911)
('int_pct_inc', 0.036678298097846992)
('urate', 0.037641868279686103)
('pymt_pct_inc', 0.046440096103425678)
('tok4_clean_title_log_odds', 0.056093145197626343)
('int_rate', 0.11529498177248725)
('sub_grade', 0.21203707573566274)


Forest Parameters
oob_score: False
n_jobs: 8
verbose: 0
min_density: None
compute_importances: None
max_leaf_nodes: None
bootstrap: True
min_samples_leaf: 150
n_estimators: 100
min_samples_split: 2
random_state: None
criterion: mse
max_features: auto
max_depth: None
