OOS Cutoff = 2014-10-01 00:00:00
Int Range: [0,7]
  LAlpha  UAlpha     ROE    DExp    DAct    Rate     Num
  -10.12    4.49    4.70    2.41    1.55    6.25     393
    4.49    4.94    5.30    1.59    1.02    6.32     392
    4.94    5.21    5.80    1.22    0.50    6.30     393
    5.21    5.40    5.48    0.96    0.80    6.28     392
    5.40    5.54    5.49    0.77    0.75    6.24     393
    5.54    5.68    4.80    0.67    1.49    6.28     392
    5.68    5.82    5.56    0.54    0.73    6.29     393
    5.82    5.97    5.81    0.51    0.59    6.40     392
    5.97    6.20    4.62    0.50    1.96    6.58     393
    6.20    6.93    6.28    0.38    0.51    6.78     392

Int Range: [7,10]
  LAlpha  UAlpha     ROE    DExp    DAct    Rate     Num
   -0.87    4.62    6.09    4.39    2.17    8.25    1106
    4.62    5.21    6.10    3.21    2.06    8.15    1106
    5.21    5.60    5.14    2.77    3.04    8.18    1106
    5.60    5.93    6.70    2.36    1.43    8.14    1106
    5.93    6.20    6.49    2.02    1.59    8.08    1106
    6.20    6.43    6.77    1.76    1.30    8.08    1106
    6.43    6.67    7.39    1.49    0.66    8.05    1106
    6.67    6.94    6.81    1.42    1.41    8.22    1106
    6.94    7.38    7.34    1.50    1.30    8.64    1106
    7.38    8.93    7.71    1.28    1.36    9.07    1105

Int Range: [10,12]
  LAlpha  UAlpha     ROE    DExp    DAct    Rate     Num
   -0.98    5.45    7.66    6.68    3.41   11.07    1021
    5.45    6.30    7.53    5.11    3.49   11.01    1020
    6.30    6.86    7.42    4.40    3.57   10.99    1020
    6.86    7.32    8.06    3.93    2.96   11.02    1020
    7.32    7.71    8.14    3.51    2.89   11.03    1020
    7.71    8.09    8.58    3.20    2.51   11.10    1021
    8.09    8.44    8.67    2.80    2.40   11.06    1020
    8.44    8.84    8.27    2.48    2.85   11.12    1020
    8.84    9.34    8.89    2.15    2.34   11.23    1020
    9.34   11.24    9.35    1.69    2.13   11.48    1020

Int Range: [12,13.5]
  LAlpha  UAlpha     ROE    DExp    DAct    Rate     Num
   -4.47    4.81    6.09    9.40    6.82   12.90    1024
    4.81    5.83    7.54    7.53    5.35   12.89    1024
    5.83    6.52    6.97    6.67    5.89   12.85    1024
    6.52    7.13    6.98    6.05    5.89   12.87    1023
    7.13    7.65    7.82    5.47    5.04   12.86    1024
    7.65    8.14    9.20    4.97    3.67   12.87    1024
    8.14    8.63    8.48    4.48    4.39   12.87    1023
    8.63    9.13   10.10    4.02    2.79   12.89    1024
    9.13    9.78    9.85    3.45    3.05   12.90    1024
    9.78   12.19   10.26    2.61    2.71   12.97    1023

Int Range: [13.5,15]
  LAlpha  UAlpha     ROE    DExp    DAct    Rate     Num
   -4.34    4.48    4.86   11.32    9.53   14.39    1033
    4.48    5.68    6.52    9.23    7.85   14.37    1033
    5.68    6.50    8.25    8.27    6.13   14.38    1033
    6.50    7.24    5.15    7.49    9.22   14.37    1033
    7.24    7.89    7.54    6.82    6.84   14.39    1033
    7.89    8.49    7.62    6.19    6.74   14.37    1033
    8.49    9.10    6.88    5.60    7.50   14.39    1033
    9.10    9.75    9.10    4.98    5.30   14.40    1033
    9.75   10.59    7.85    4.26    6.55   14.40    1033
   10.59   13.22   10.99    3.23    3.51   14.50    1032

Int Range: [15,17]
  LAlpha  UAlpha     ROE    DExp    DAct    Rate     Num
  -10.15    2.92    4.34   15.44   11.93   16.27     727
    2.92    4.50    3.43   12.37   12.72   16.15     726
    4.50    5.58    7.76   11.03    8.36   16.12     726
    5.58    6.46    6.30   10.09    9.81   16.11     726
    6.46    7.21    6.51    9.32    9.65   16.16     726
    7.21    7.91    7.61    8.53    8.48   16.09     726
    7.91    8.70    8.41    7.83    7.72   16.12     726
    8.70    9.50    9.20    7.03    6.92   16.11     726
    9.50   10.50    8.96    6.14    7.16   16.12     726
   10.50   13.36   10.42    4.84    5.73   16.15     726

Int Range: [17,20]
  LAlpha  UAlpha     ROE    DExp    DAct    Rate     Num
  -10.49    0.37   -0.50   20.85   19.31   18.81     669
    0.37    2.69    3.28   16.82   15.18   18.46     668
    2.69    4.22    6.96   14.96   11.48   18.45     668
    4.22    5.51    6.35   13.48   12.03   18.38     668
    5.51    6.53    5.55   12.34   12.80   18.35     668
    6.53    7.45    3.07   11.35   15.27   18.34     669
    7.45    8.39    8.27   10.35   10.00   18.27     668
    8.39    9.35    6.79    9.45   11.53   18.31     668
    9.35   10.54    8.94    8.37    9.35   18.29     668
   10.54   15.75    9.02    6.72    9.33   18.35     668

Int Range: [20,30]
  LAlpha  UAlpha     ROE    DExp    DAct    Rate     Num
  -13.42   -5.16   -5.31   30.74   28.57   23.25     406
   -5.16   -2.62    3.38   26.85   19.65   23.04     405
   -2.62   -0.68    2.95   24.39   19.82   22.77     405
   -0.68    1.03   -5.13   22.54   27.88   22.75     406
    1.03    2.80    4.23   20.72   18.39   22.62     405
    2.80    4.43    6.83   18.92   15.71   22.54     405
    4.43    6.01    2.64   17.25   19.81   22.45     406
    6.01    7.56    2.92   15.58   19.44   22.36     405
    7.56    9.51    3.19   13.72   19.08   22.26     405
    9.51   18.16    9.73   10.94   12.63   22.36     405


MinAlpha	ROE	Count
-5	7.05	63256
-4	7.07	63043
-3	7.09	62795
-2	7.10	62482
-1	7.14	62077
0	7.20	61562
1	7.29	60844
2	7.34	59957
3	7.39	58622
4	7.44	56107
5	7.62	51135
6	7.89	41101
7	8.36	29554
8	8.87	19747
9	9.35	11260
10	9.78	5087
11	10.84	1869
12	11.43	534
13	9.36	133
14	8.58	44
15	17.49	15

Forest Importance
('pub_rec', 0.00028794623558491114)
('delinq_2yrs', 0.00068226634634158904)
('term', 0.0024343155383948988)
('loan_amnt', 0.0038348398966665215)
('verification_status', 0.0043271971941820442)
('purpose', 0.0044858095576212134)
('even_loan_amnt', 0.0048623232790044905)
('mths_since_last_record', 0.0055022315593621198)
('mths_since_last_major_derog', 0.0066280387025908017)
('reg_tok4_clean_title_log_odds', 0.013127380938182635)
('open_acc', 0.013322725692214018)
('inq_last_6mths', 0.014756315411562733)
('home_ownership', 0.015685613073663882)
('mths_since_last_delinq', 0.018417837555759063)
('int_pymt', 0.019662832259207234)
('total_acc', 0.021521688434814182)
('installment', 0.022853346364231621)
('revol_bal', 0.025011616198070696)
('emp_length', 0.02560261474214505)
('dti', 0.028773026860310923)
('revol_util', 0.029469774960611921)
('annual_inc', 0.029602673516655142)
('tok4_capitalization_log_odds', 0.029927115485330894)
('revol_bal_pct_inc', 0.030096355860643968)
('revol_bal-loan', 0.030650689682836622)
('clean_title_rank', 0.031130993674907875)
('credit_length', 0.033383491519063731)
('pct_med_inc', 0.034372368501562785)
('int_pct_inc', 0.036269119240457073)
('urate', 0.037132721526526968)
('pymt_pct_inc', 0.04659864243349969)
('tok4_clean_title_log_odds', 0.055359014512071175)
('int_rate', 0.11299852407998705)
('sub_grade', 0.21122854916593428)


Forest Parameters
oob_score: False
n_jobs: 8
verbose: 0
min_density: None
compute_importances: None
max_leaf_nodes: None
bootstrap: True
min_samples_leaf: 150
n_estimators: 400
min_samples_split: 2
random_state: None
criterion: mse
max_features: auto
max_depth: None
