OOS Cutoff = 2014-08-01 00:00:00
Int Range: [0,7]
  LAlpha  UAlpha     ROE    DExp    DAct    Rate     Num
   -7.32    4.34    5.02    2.51    1.19    6.21     185
    4.34    4.82    5.58    1.57    0.62    6.20     185
    4.82    5.12    5.55    1.19    0.62    6.17     185
    5.12    5.29    6.16    0.96    0.00    6.16     185
    5.29    5.43    5.73    0.80    0.42    6.15     185
    5.43    5.55    6.14    0.64    0.00    6.14     185
    5.55    5.67    6.12    0.51    0.00    6.12     185
    5.67    5.80    4.55    0.47    1.65    6.20     185
    5.80    6.00    5.92    0.45    0.42    6.34     185
    6.00    6.34    6.49    0.35    0.00    6.49     184

Int Range: [7,10]
  LAlpha  UAlpha     ROE    DExp    DAct    Rate     Num
    0.01    4.88    4.31    3.89    3.68    7.99     461
    4.88    5.51    5.03    2.76    2.98    8.00     461
    5.51    5.88    5.65    2.20    2.26    7.91     461
    5.88    6.19    6.97    1.95    1.02    7.99     461
    6.19    6.44    6.08    1.61    1.84    7.92     460
    6.44    6.67    5.58    1.51    2.48    8.06     461
    6.67    6.91    6.82    1.32    1.29    8.11     461
    6.91    7.25    6.51    1.47    2.03    8.53     461
    7.25    7.66    7.69    1.36    1.11    8.81     461
    7.66    8.72    7.27    1.06    1.81    9.07     460

Int Range: [10,12]
  LAlpha  UAlpha     ROE    DExp    DAct    Rate     Num
    0.33    5.95    5.70    6.01    5.10   10.80     450
    5.95    6.77    7.33    4.34    3.42   10.75     450
    6.77    7.26    8.21    3.74    2.55   10.77     450
    7.26    7.69    7.04    3.39    3.83   10.87     450
    7.69    8.06    9.40    3.03    1.51   10.91     450
    8.06    8.38    7.05    2.67    3.85   10.90     450
    8.38    8.70    7.20    2.38    3.73   10.93     450
    8.70    9.07    8.73    2.09    2.25   10.97     450
    9.07    9.56    8.79    1.94    2.44   11.23     450
    9.56   11.15   10.38    1.46    1.06   11.44     450

Int Range: [12,13.5]
  LAlpha  UAlpha     ROE    DExp    DAct    Rate     Num
   -2.38    5.38    5.68    8.93    7.27   12.95     446
    5.38    6.27    5.20    7.05    7.71   12.91     446
    6.27    6.97    7.31    6.29    5.63   12.93     446
    6.97    7.56    8.20    5.67    4.74   12.94     446
    7.56    8.05    8.21    5.13    4.73   12.94     445
    8.05    8.54    6.71    4.64    6.23   12.94     446
    8.54    9.00    7.62    4.18    5.33   12.94     446
    9.00    9.49    9.83    3.69    3.09   12.92     446
    9.49   10.13    8.23    3.17    4.73   12.97     446
   10.13   12.36    9.28    2.31    3.75   13.04     445

Int Range: [13.5,15]
  LAlpha  UAlpha     ROE    DExp    DAct    Rate     Num
   -3.11    4.88    5.91   10.99    8.60   14.51     436
    4.88    6.11    4.60    8.95    9.86   14.46     436
    6.11    6.98    3.02    7.88   11.41   14.43     436
    6.98    7.63    8.68    7.10    5.73   14.41     436
    7.63    8.28    8.48    6.51    5.99   14.47     436
    8.28    8.88   10.72    5.90    3.75   14.47     436
    8.88    9.51    7.60    5.24    6.83   14.43     436
    9.51   10.18    9.34    4.61    5.11   14.46     436
   10.18   11.00   10.00    3.81    4.41   14.40     436
   11.00   13.70   11.21    2.88    3.33   14.55     435

Int Range: [15,17]
  LAlpha  UAlpha     ROE    DExp    DAct    Rate     Num
   -6.43    3.97   -1.71   14.47   18.10   16.39     343
    3.97    5.43    5.28   11.49   10.99   16.27     342
    5.43    6.46    7.19   10.28    9.06   16.25     342
    6.46    7.31    7.27    9.36    8.98   16.24     343
    7.31    8.09    7.58    8.50    8.63   16.21     342
    8.09    8.83    7.57    7.78    8.68   16.24     342
    8.83    9.54    6.48    7.08    9.77   16.26     343
    9.54   10.38    9.48    6.32    6.78   16.26     342
   10.38   11.36   11.27    5.38    4.95   16.21     342
   11.36   13.88   10.42    4.22    5.92   16.34     342

Int Range: [17,20]
  LAlpha  UAlpha     ROE    DExp    DAct    Rate     Num
   -8.76    2.08   -3.09   18.97   21.67   18.58     319
    2.08    4.43    6.64   15.13   11.88   18.52     319
    4.43    5.75    7.12   13.34   11.33   18.45     319
    5.75    6.90    6.05   12.18   12.48   18.52     319
    6.90    7.90    5.33   10.98   13.07   18.40     318
    7.90    8.75    8.33   10.01   10.01   18.34     319
    8.75    9.61    4.50    9.20   13.89   18.40     319
    9.61   10.54   10.08    8.34    8.32   18.40     319
   10.54   11.70   10.83    7.39    7.60   18.43     319
   11.70   15.03   10.39    5.80    8.12   18.51     318

Int Range: [20,30]
  LAlpha  UAlpha     ROE    DExp    DAct    Rate     Num
  -13.83   -2.91    1.22   28.54   21.74   22.96     299
   -2.91    0.23   -5.83   24.24   28.88   23.05     298
    0.23    2.47    2.52   21.76   20.60   23.12     299
    2.47    4.34    0.31   19.49   22.63   22.95     298
    4.34    6.05    2.98   17.55   19.78   22.76     298
    6.05    7.68   10.67   16.10   12.26   22.92     299
    7.68    9.20    6.06   14.39   16.78   22.84     298
    9.20   11.00   10.87   12.90   12.08   22.94     299
   11.00   13.29    7.86   10.66   14.92   22.78     298
   13.29   19.70   12.36    8.36   11.18   23.55     298


MinAlpha	ROE	Count
-5	6.98	29209
-4	6.99	29133
-3	7.01	29041
-2	7.05	28937
-1	7.08	28794
0	7.19	28587
1	7.25	28323
2	7.37	27974
3	7.43	27497
4	7.56	26610
5	7.72	24701
6	8.13	20742
7	8.62	16148
8	8.89	11640
9	9.48	7381
10	10.26	4071
11	10.48	2070
12	10.80	988
13	11.68	470
14	14.96	254
15	15.58	154

Forest Importance
('pub_rec', 0.00019517633895368733)
('delinq_2yrs', 0.0007677892116954324)
('term', 0.002001364096925536)
('verification_status', 0.0036052654208487702)
('loan_amnt', 0.0036811847366511798)
('purpose', 0.0040366585914958369)
('mths_since_last_record', 0.0046425943677892538)
('even_loan_amnt', 0.0054659089326240962)
('mths_since_last_major_derog', 0.0065885471700276796)
('open_acc', 0.013430716035938825)
('home_ownership', 0.014858626940351179)
('inq_last_6mths', 0.015228649532789264)
('int_pymt', 0.019379643618100718)
('mths_since_last_delinq', 0.020958321459914914)
('total_acc', 0.022557878011900224)
('installment', 0.022831918502584547)
('emp_length', 0.026235931356226393)
('revol_bal', 0.027170917747676628)
('dti', 0.027292806860887434)
('revol_bal_pct_inc', 0.031565195510327645)
('revol_util', 0.031836071830653297)
('tok4_capitalization_log_odds', 0.031996080881720561)
('annual_inc', 0.032053347852376214)
('revol_bal-loan', 0.033179338280346957)
('clean_title_rank', 0.033722025678573825)
('credit_length', 0.033960378752502317)
('pct_med_inc', 0.03713886745056285)
('int_pct_inc', 0.037573954011339582)
('urate', 0.038936501674818463)
('pymt_pct_inc', 0.052167544323892784)
('tok4_clean_title_log_odds', 0.053281997940264725)
('sub_grade', 0.12348527314178226)
('int_rate', 0.18817352373745697)


Forest Parameters
oob_score: False
n_jobs: 8
verbose: 0
min_density: None
compute_importances: None
max_leaf_nodes: None
bootstrap: True
min_samples_leaf: 150
n_estimators: 400
min_samples_split: 2
random_state: None
criterion: mse
max_features: auto
max_depth: None
