OOS Cutoff = 2014-10-01 00:00:00
Int Range: [0,7]
  LAlpha  UAlpha     ROE    DExp    DAct    Rate     Num
  -15.28    3.69    5.16    3.99    1.18    6.34     393
    3.69    4.61    5.45    2.14    0.88    6.33     392
    4.61    5.13    5.06    1.48    1.30    6.36     393
    5.13    5.46    5.58    1.00    0.72    6.31     392
    5.46    5.67    5.38    0.69    0.89    6.26     393
    5.67    5.83    5.48    0.50    0.76    6.25     392
    5.83    5.98    5.45    0.35    0.80    6.25     393
    5.98    6.13    5.38    0.28    0.94    6.31     392
    6.13    6.39    5.31    0.28    1.25    6.56     393
    6.39    6.99    5.54    0.18    1.21    6.75     378

Int Range: [7,10]
  LAlpha  UAlpha     ROE    DExp    DAct    Rate     Num
  -13.33    3.28    5.81    6.52    2.49    8.30    1106
    3.28    4.42    5.97    4.31    2.25    8.23    1106
    4.42    5.15    6.22    3.39    1.96    8.19    1106
    5.15    5.70    6.32    2.70    1.81    8.13    1106
    5.70    6.15    6.90    2.19    1.21    8.11    1106
    6.15    6.50    6.68    1.76    1.40    8.09    1106
    6.50    6.84    6.98    1.37    1.06    8.04    1106
    6.84    7.18    7.11    1.13    1.03    8.14    1106
    7.18    7.70    7.02    1.18    1.59    8.61    1106
    7.70    9.42    7.52    0.85    1.51    9.02    1105

Int Range: [10,12]
  LAlpha  UAlpha     ROE    DExp    DAct    Rate     Num
   -8.54    3.81    6.63    9.23    4.52   11.15    1021
    3.81    5.31    7.84    6.45    3.26   11.10    1020
    5.31    6.25    7.99    5.25    3.09   11.07    1020
    6.25    6.97    8.34    4.41    2.70   11.04    1020
    6.97    7.59    8.09    3.78    2.97   11.06    1020
    7.59    8.13    8.83    3.16    2.20   11.02    1021
    8.13    8.66    8.23    2.60    2.77   11.00    1020
    8.66    9.18    8.82    2.17    2.26   11.08    1020
    9.18    9.80    9.09    1.68    2.06   11.16    1020
    9.80   11.63    8.72    1.14    2.71   11.43    1020

Int Range: [12,13.5]
  LAlpha  UAlpha     ROE    DExp    DAct    Rate     Num
  -13.58    3.14    7.26   11.93    5.63   12.89    1024
    3.14    4.80    6.72    8.82    6.15   12.87    1024
    4.80    5.90    7.22    7.48    5.63   12.85    1024
    5.90    6.75    8.48    6.54    4.39   12.87    1023
    6.75    7.53    7.25    5.72    5.61   12.87    1024
    7.53    8.17    8.85    5.04    4.05   12.90    1024
    8.17    8.83    8.62    4.37    4.25   12.87    1023
    8.83    9.51    9.81    3.73    3.09   12.90    1024
    9.51   10.37    9.07    2.98    3.82   12.90    1024
   10.37   13.18   10.00    1.91    2.98   12.97    1023

Int Range: [13.5,15]
  LAlpha  UAlpha     ROE    DExp    DAct    Rate     Num
  -12.41    2.73    3.83   14.11   10.57   14.40    1033
    2.73    4.70    6.89   10.61    7.53   14.42    1033
    4.70    5.95    6.49    9.04    7.89   14.39    1033
    5.95    6.94    6.73    7.91    7.64   14.37    1033
    6.94    7.81    6.94    7.02    7.45   14.39    1033
    7.81    8.56    8.33    6.19    6.05   14.38    1033
    8.56    9.39    6.55    5.39    7.83   14.37    1033
    9.39   10.19    8.04    4.60    6.34   14.39    1033
   10.19   11.21    9.95    3.73    4.45   14.40    1033
   11.21   14.81   11.02    2.39    3.42   14.44    1032

Int Range: [15,17]
  LAlpha  UAlpha     ROE    DExp    DAct    Rate     Num
  -17.59    1.03    5.04   18.16   11.19   16.22     727
    1.03    3.21    4.65   13.99   11.52   16.17     726
    3.21    4.64    4.65   12.17   11.48   16.13     726
    4.64    5.78    8.94   10.89    7.19   16.13     726
    5.78    6.85    6.53    9.78    9.58   16.11     726
    6.85    7.76    8.27    8.80    7.83   16.11     726
    7.76    8.71    6.41    7.85    9.68   16.10     726
    8.71    9.72    8.86    6.89    7.25   16.10     726
    9.72   10.96    8.32    5.83    7.83   16.15     726
   10.96   15.70   11.26    4.01    4.91   16.17     726

Int Range: [17,20]
  LAlpha  UAlpha     ROE    DExp    DAct    Rate     Num
  -28.95   -1.77    0.15   24.36   18.56   18.71     669
   -1.77    1.23    0.29   18.71   18.25   18.54     668
    1.23    3.23    6.26   16.14   12.21   18.46     668
    3.23    4.79    6.04   14.33   12.37   18.41     668
    4.79    6.10    6.20   12.94   12.21   18.41     668
    6.10    7.30    8.58   11.64    9.76   18.34     669
    7.30    8.50    6.39   10.42   11.94   18.33     668
    8.50    9.86    6.96    9.08   11.31   18.26     668
    9.86   11.43    7.05    7.67   11.20   18.25     668
   11.43   17.02    9.80    5.45    8.50   18.31     668

Int Range: [20,30]
  LAlpha  UAlpha     ROE    DExp    DAct    Rate     Num
  -30.50   -8.61   -6.12   36.27   29.29   23.17     406
   -8.61   -4.88    1.66   29.60   21.31   22.97     405
   -4.88   -1.91    1.96   26.13   20.87   22.83     405
   -1.91    0.43    2.07   23.41   20.62   22.68     406
    0.43    2.30    1.03   21.26   21.61   22.64     405
    2.30    4.23    5.75   19.30   16.82   22.57     405
    4.23    6.16    3.83   17.28   18.65   22.48     406
    6.16    8.11    5.09   15.22   17.23   22.32     405
    8.11   10.64    4.35   13.02   17.96   22.31     405
   10.64   19.75    5.79    9.38   16.65   22.44     405


MinAlpha	ROE	Count
-5	7.12	62502
-4	7.16	62221
-3	7.19	61837
-2	7.20	61332
-1	7.24	60669
0	7.29	59765
1	7.36	58540
2	7.44	56874
3	7.53	54393
4	7.63	50828
5	7.76	45625
6	8.03	37558
7	8.33	28182
8	8.64	20091
9	8.96	13190
10	9.53	7481
11	10.26	3658
12	10.96	1650
13	11.82	645
14	12.69	257
15	8.95	113

Forest Importance
('pub_rec', 0.00092489163198895266)
('term', 0.0018865815154060586)
('delinq_2yrs', 0.0025485336753229811)
('even_loan_amnt', 0.0047962300984522258)
('loan_amnt', 0.0065229938637512462)
('verification_status', 0.0068122437425939698)
('mths_since_last_record', 0.0086562322175146728)
('purpose', 0.0090059003803181562)
('home_ownership', 0.0094858864387058189)
('mths_since_last_major_derog', 0.012723611507764155)
('inq_last_6mths', 0.015172022969252841)
('open_acc', 0.023982656520885069)
('emp_length', 0.024419818124847864)
('tok4_capitalization_log_odds', 0.024702122541427913)
('mths_since_last_delinq', 0.025687836617485638)
('int_pymt', 0.030425844552947164)
('annual_inc', 0.03324207671046283)
('installment', 0.033795180016245194)
('revol_bal', 0.036140228619128321)
('credit_length', 0.037422289735435647)
('total_acc', 0.037625619109339939)
('dti', 0.037705032871731416)
('revol_bal-loan', 0.044490529625216844)
('int_pct_inc', 0.044905502181962584)
('revol_bal_pct_inc', 0.04581131425204879)
('revol_util', 0.047169609418671661)
('pymt_pct_inc', 0.048502384381927138)
('pct_med_inc', 0.050785337058603386)
('clean_title_rank', 0.051307565773198685)
('int_rate', 0.051648524368118238)
('tok4_clean_title_log_odds', 0.05716674156181796)
('urate', 0.061390765977291227)
('sub_grade', 0.073137891940135494)


Forest Parameters
oob_score: False
n_jobs: 8
verbose: 0
min_density: None
compute_importances: None
max_leaf_nodes: None
bootstrap: True
min_samples_leaf: 20
n_estimators: 100
min_samples_split: 2
random_state: None
criterion: mse
max_features: auto
max_depth: None
