OOS Cutoff = 2014-10-01 00:00:00
Int Range: [0,7]
  LAlpha  UAlpha     ROE    DExp    DAct    Rate     Num
   -8.69    4.43    4.72    2.67    1.55    6.28     393
    4.43    4.93    5.51    1.60    0.80    6.31     392
    4.93    5.22    5.80    1.23    0.51    6.31     393
    5.22    5.44    5.20    0.96    1.09    6.29     392
    5.44    5.59    5.09    0.75    1.18    6.27     393
    5.59    5.74    5.77    0.57    0.47    6.24     392
    5.74    5.88    5.52    0.51    0.80    6.32     393
    5.88    6.04    5.42    0.41    0.94    6.36     392
    6.04    6.26    4.91    0.44    1.67    6.58     393
    6.26    6.98    5.89    0.30    0.88    6.77     392

Int Range: [7,10]
  LAlpha  UAlpha     ROE    DExp    DAct    Rate     Num
   -1.67    4.40    6.06    4.63    2.14    8.20    1106
    4.40    5.08    5.96    3.41    2.22    8.17    1106
    5.08    5.54    5.65    2.83    2.51    8.16    1106
    5.54    5.89    6.06    2.43    2.09    8.15    1106
    5.89    6.19    6.49    2.08    1.63    8.12    1106
    6.19    6.46    6.61    1.73    1.44    8.05    1106
    6.46    6.72    7.49    1.48    0.58    8.07    1106
    6.72    7.01    7.51    1.38    0.72    8.23    1106
    7.01    7.46    7.28    1.40    1.34    8.62    1106
    7.46    9.06    7.42    1.16    1.65    9.07    1105

Int Range: [10,12]
  LAlpha  UAlpha     ROE    DExp    DAct    Rate     Num
   -1.77    5.24    7.16    7.04    3.93   11.09    1021
    5.24    6.16    7.91    5.29    3.12   11.03    1020
    6.16    6.76    7.38    4.55    3.64   11.02    1020
    6.76    7.25    8.24    4.00    2.77   11.02    1020
    7.25    7.70    8.73    3.57    2.32   11.05    1020
    7.70    8.08    8.02    3.18    3.05   11.07    1021
    8.08    8.47    8.80    2.83    2.31   11.11    1020
    8.47    8.88    8.69    2.43    2.40   11.10    1020
    8.88    9.43    8.15    2.05    3.04   11.19    1020
    9.43   11.28    9.48    1.55    1.97   11.45    1020

Int Range: [12,13.5]
  LAlpha  UAlpha     ROE    DExp    DAct    Rate     Num
   -5.60    4.63    6.88    9.68    6.03   12.90    1024
    4.63    5.73    6.50    7.63    6.38   12.88    1024
    5.73    6.47    6.92    6.77    5.96   12.88    1024
    6.47    7.10    7.89    6.05    4.96   12.85    1023
    7.10    7.65    8.66    5.49    4.21   12.87    1024
    7.65    8.18    8.07    4.96    4.80   12.87    1024
    8.18    8.70    9.33    4.45    3.56   12.89    1023
    8.70    9.25    8.60    3.92    4.29   12.89    1024
    9.25    9.93    9.57    3.33    3.33   12.90    1024
    9.93   12.31   10.89    2.43    2.09   12.97    1023

Int Range: [13.5,15]
  LAlpha  UAlpha     ROE    DExp    DAct    Rate     Num
   -5.11    4.24    4.87   11.68    9.54   14.41    1033
    4.24    5.58    6.55    9.42    7.83   14.38    1033
    5.58    6.48    6.57    8.34    7.82   14.39    1033
    6.48    7.25    6.83    7.50    7.55   14.38    1033
    7.25    7.92    6.86    6.79    7.53   14.38    1033
    7.92    8.56    7.50    6.13    6.87   14.37    1033
    8.56    9.20    7.37    5.49    7.01   14.38    1033
    9.20    9.89    9.10    4.84    5.28   14.38    1033
    9.89   10.76    8.46    4.10    5.94   14.40    1033
   10.76   13.52   10.67    2.98    3.82   14.49    1032

Int Range: [15,17]
  LAlpha  UAlpha     ROE    DExp    DAct    Rate     Num
  -11.63    2.70    3.91   15.85   12.37   16.27     727
    2.70    4.37    4.30   12.50   11.83   16.14     726
    4.37    5.52    8.22   11.20    7.93   16.15     726
    5.52    6.41    5.79   10.15   10.33   16.12     726
    6.41    7.24    5.15    9.27   10.95   16.10     726
    7.24    8.03    8.95    8.48    7.17   16.12     726
    8.03    8.79    6.98    7.72    9.14   16.12     726
    8.79    9.61    8.53    6.92    7.59   16.12     726
    9.61   10.69   10.62    5.99    5.50   16.12     726
   10.69   14.22   10.49    4.57    5.67   16.15     726

Int Range: [17,20]
  LAlpha  UAlpha     ROE    DExp    DAct    Rate     Num
  -12.23   -0.04    0.12   21.58   18.71   18.82     669
   -0.04    2.48    2.11   17.14   16.34   18.46     668
    2.48    4.13    6.67   15.07   11.77   18.44     668
    4.13    5.40    5.94   13.57   12.43   18.37     668
    5.40    6.50    4.72   12.40   13.64   18.35     668
    6.50    7.46    7.46   11.35   10.87   18.33     669
    7.46    8.40    6.55   10.36   11.74   18.29     668
    8.40    9.47    5.82    9.37   12.48   18.30     668
    9.47   10.79    9.13    8.23    9.21   18.34     668
   10.79   15.87    9.21    6.39    9.11   18.32     668

Int Range: [20,30]
  LAlpha  UAlpha     ROE    DExp    DAct    Rate     Num
  -16.81   -5.88   -2.90   31.75   26.04   23.14     406
   -5.88   -2.91   -0.68   27.20   23.57   22.89     405
   -2.91   -0.81    1.55   24.89   21.48   23.03     405
   -0.81    0.97    2.23   22.51   20.39   22.62     406
    0.97    2.78   -0.53   20.77   23.19   22.66     405
    2.78    4.39    9.11   19.11   13.60   22.70     405
    4.39    6.10   -0.94   17.07   23.31   22.37     406
    6.10    7.75    6.52   15.53   15.91   22.42     405
    7.75    9.83    2.53   13.50   19.69   22.22     405
    9.83   19.31    8.52   10.61   13.82   22.34     405


MinAlpha	ROE	Count
-5	7.06	63105
-4	7.08	62895
-3	7.10	62643
-2	7.14	62319
-1	7.17	61910
0	7.21	61356
1	7.27	60618
2	7.36	59640
3	7.39	58174
4	7.48	55382
5	7.58	50298
6	7.92	40689
7	8.40	29589
8	8.74	20106
9	9.27	11836
10	9.93	5794
11	10.51	2382
12	11.03	796
13	10.07	223
14	11.73	69
15	7.20	28

Forest Importance
('pub_rec', 0.00046038399049388225)
('delinq_2yrs', 0.00094993112483576076)
('term', 0.0022739942113139712)
('even_loan_amnt', 0.0050852829876635265)
('purpose', 0.0051139152993063906)
('verification_status', 0.0051192870632199997)
('loan_amnt', 0.0053395218132377418)
('mths_since_last_record', 0.0065384452974368602)
('mths_since_last_major_derog', 0.0083055357921316079)
('home_ownership', 0.014019632591178605)
('inq_last_6mths', 0.014135815426945714)
('open_acc', 0.0160788186618132)
('mths_since_last_delinq', 0.021489896577179625)
('int_pymt', 0.023441870660670959)
('emp_length', 0.025143876766321981)
('total_acc', 0.0252945331941304)
('installment', 0.025592211084491431)
('revol_bal', 0.028506203267759031)
('tok4_capitalization_log_odds', 0.028723634546420268)
('dti', 0.031509640476411215)
('annual_inc', 0.032138645068721418)
('credit_length', 0.034284638677027239)
('revol_bal_pct_inc', 0.034315728192800501)
('revol_bal-loan', 0.035440252028295087)
('revol_util', 0.035575557499806142)
('clean_title_rank', 0.037900758683845327)
('pct_med_inc', 0.039392408172387296)
('int_pct_inc', 0.040806416656950895)
('urate', 0.043785184534354586)
('pymt_pct_inc', 0.046207070560746882)
('tok4_clean_title_log_odds', 0.058235114682228861)
('int_rate', 0.10046699263028978)
('sub_grade', 0.16832880177958376)


Forest Parameters
oob_score: False
n_jobs: 8
verbose: 0
min_density: None
compute_importances: None
max_leaf_nodes: None
bootstrap: True
min_samples_leaf: 100
n_estimators: 100
min_samples_split: 2
random_state: None
criterion: mse
max_features: auto
max_depth: None
