OOS Cutoff = 2015-01-01
Int Range: [0,7]
  LAlpha  UAlpha     ROE    DExp    DAct    Rate     Num
  -22.53    4.10    5.28    3.32    1.25    6.53     526
    4.10    4.67    5.92    2.04    0.54    6.46     525
    4.67    5.06    6.41    1.59    0.06    6.47     526
    5.06    5.32    5.61    1.28    0.85    6.47     525
    5.32    5.53    5.84    1.02    0.61    6.45     525
    5.53    5.72    5.87    0.81    0.56    6.43     526
    5.72    5.89    6.26    0.68    0.22    6.49     525
    5.89    6.10    6.32    0.61    0.28    6.60     526
    6.10    6.35    6.26    0.49    0.44    6.70     525
    6.35    6.94    6.19    0.36    0.72    6.91     525

Int Range: [7,10]
  LAlpha  UAlpha     ROE    DExp    DAct    Rate     Num
   -2.94    4.15    5.42    5.47    3.13    8.55    1155
    4.15    4.97    5.65    3.90    2.85    8.50    1155
    4.97    5.51    7.34    3.19    1.10    8.44    1155
    5.51    5.90    6.97    2.69    1.43    8.40    1154
    5.90    6.24    6.72    2.28    1.64    8.36    1155
    6.24    6.53    7.18    1.99    1.21    8.38    1155
    6.53    6.82    6.40    1.77    2.04    8.44    1154
    6.82    7.16    7.52    1.56    1.02    8.54    1155
    7.16    7.58    7.57    1.42    1.20    8.78    1155
    7.58    9.66    7.97    1.26    1.33    9.31    1154

Int Range: [10,12]
  LAlpha  UAlpha     ROE    DExp    DAct    Rate     Num
   -5.06    4.51    7.27    8.35    4.12   11.40     908
    4.51    5.61    7.17    6.20    4.16   11.33     907
    5.61    6.34    8.19    5.34    3.14   11.33     908
    6.34    6.92    7.51    4.68    3.79   11.31     907
    6.92    7.42    7.39    4.11    3.90   11.29     908
    7.42    7.88    8.04    3.63    3.24   11.28     907
    7.88    8.34    8.40    3.15    2.86   11.26     908
    8.34    8.81    9.17    2.68    2.08   11.25     907
    8.81    9.35    8.56    2.16    2.69   11.24     908
    9.35   11.17    8.75    1.63    2.70   11.45     907

Int Range: [12,13.5]
  LAlpha  UAlpha     ROE    DExp    DAct    Rate     Num
   -5.70    3.51    6.59   10.77    6.14   12.73     816
    3.51    4.79    7.60    8.52    5.12   12.72     816
    4.79    5.64    7.99    7.47    4.71   12.70     816
    5.64    6.38    7.35    6.67    5.34   12.68     816
    6.38    6.97    7.20    6.00    5.48   12.68     816
    6.97    7.53    8.59    5.46    4.12   12.70     816
    7.53    8.09    9.46    4.89    3.24   12.70     816
    8.09    8.74    9.22    4.30    3.48   12.70     816
    8.74    9.50    9.24    3.61    3.47   12.71     816
    9.50   12.08    9.22    2.58    3.54   12.76     816

Int Range: [13.5,15]
  LAlpha  UAlpha     ROE    DExp    DAct    Rate     Num
   -6.14    3.31    7.09   12.63    7.12   14.22     851
    3.31    4.63    6.68   10.23    7.59   14.27     850
    4.63    5.59    7.89    9.15    6.37   14.26     850
    5.59    6.37    9.91    8.30    4.38   14.29     851
    6.37    7.09    8.81    7.52    5.44   14.25     850
    7.09    7.80    8.56    6.83    5.69   14.25     850
    7.80    8.53    9.07    6.08    5.19   14.26     851
    8.53    9.31   10.78    5.36    3.50   14.28     850
    9.31   10.30    9.93    4.52    4.37   14.29     850
   10.30   14.01    9.58    3.21    4.78   14.36     850

Int Range: [15,17]
  LAlpha  UAlpha     ROE    DExp    DAct    Rate     Num
  -14.02    0.75    2.30   17.89   13.76   16.06     631
    0.75    2.81    7.15   14.22    8.94   16.08     631
    2.81    4.16    4.67   12.51   11.39   16.06     630
    4.16    5.24    5.84   11.36   10.23   16.07     631
    5.24    6.16    8.13   10.35    7.95   16.07     630
    6.16    7.07    8.81    9.41    7.23   16.04     631
    7.07    7.92    8.09    8.54    7.94   16.02     631
    7.92    8.86   11.13    7.67    4.91   16.04     630
    8.86   10.03   10.40    6.62    5.62   16.02     631
   10.03   14.43    9.41    4.96    6.64   16.05     630

Int Range: [17,20]
  LAlpha  UAlpha     ROE    DExp    DAct    Rate     Num
  -20.54   -2.40    0.63   24.45   18.16   18.79     686
   -2.40    0.39    3.99   19.39   14.50   18.50     686
    0.39    2.21    3.25   17.09   15.19   18.45     686
    2.21    3.66    6.12   15.42   12.28   18.40     685
    3.66    4.81    6.23   14.02   12.05   18.27     686
    4.81    5.96    7.49   12.82   10.72   18.21     686
    5.96    7.15    6.54   11.64   11.64   18.18     685
    7.15    8.42    8.53   10.35    9.58   18.12     686
    8.42    9.96    8.15    9.00    9.98   18.13     686
    9.96   15.18    9.92    6.84    8.31   18.23     685

Int Range: [20,30]
  LAlpha  UAlpha     ROE    DExp    DAct    Rate     Num
  -20.95   -8.14  -10.80   35.11   34.54   23.74     311
   -8.14   -5.08   -1.01   29.83   24.29   23.28     311
   -5.08   -2.82    2.43   27.35   20.96   23.39     311
   -2.82   -0.81    3.97   24.92   19.18   23.15     311
   -0.81    0.92    2.67   23.03   20.41   23.08     311
    0.92    2.59    4.50   21.36   18.56   23.06     311
    2.59    4.41   11.46   19.40   11.44   22.91     311
    4.41    6.09    4.30   17.54   18.50   22.79     311
    6.09    8.68    9.91   15.56   12.90   22.81     311
    8.68   18.02    7.54   11.94   15.34   22.88     310


MinAlpha	ROE	Count
-5	7.44	57779
-4	7.48	57487
-3	7.50	57140
-2	7.55	56711
-1	7.57	56131
0	7.65	55424
1	7.72	54440
2	7.79	53035
3	7.83	50953
4	7.92	47528
5	8.14	41702
6	8.40	32183
7	8.83	21741
8	9.19	13481
9	9.40	7338
10	9.75	3273
11	10.62	1296
12	10.59	483
13	7.53	157
14	13.44	40
15	12.03	12

Forest Importance
('even_loan_amnt', 0.004246604422885881)
('purpose', 0.0066313655211909317)
('loan_amnt', 0.010255468578949283)
('home_ownership', 0.010924679365471469)
('emp_length', 0.023418216954371705)
('caploC', 0.025511471538571532)
('annual_inc', 0.03039487825011522)
('total_acc', 0.032340577106191953)
('credit_length', 0.032793782322899104)
('dti', 0.035446791766334133)
('avg_urate', 0.036263402830709439)
('installment', 0.036362419610511336)
('urate', 0.0381495439040005)
('int_pct_inc', 0.03839342956663392)
('revol_util', 0.039914020037391432)
('urate_range', 0.0413065341545951)
('clean_title_rank', 0.041641632765428857)
('revol_bal-loan', 0.042797599091590192)
('pct_med_inc', 0.043095815787429291)
('revol_bal_pct_inc', 0.043749250414854196)
('pymt_pct_inc', 0.045206706850652797)
('urate_chg', 0.046776398418659319)
('hpa4', 0.049724522463986301)
('ctloC', 0.052810268022362862)
('sub_grade', 0.19184462025421326)


Forest Parameters
oob_score: False
n_jobs: 8
verbose: 0
min_density: None
compute_importances: None
max_leaf_nodes: None
bootstrap: True
min_samples_leaf: 50
n_estimators: 200
min_samples_split: 2
random_state: None
criterion: mse
max_features: auto
max_depth: None
