OOS Cutoff = 2014-01-01 00:00:00
Int Range: [0,7]
  LAlpha  UAlpha     ROE    DExp    DAct    Rate     Num
   -1.82    3.23    6.39    4.16    0.00    6.39      53
    3.23    3.87    4.12    2.72    2.19    6.31      52
    3.87    4.26    6.32    2.26    0.00    6.32      53
    4.26    4.48    6.29    1.92    0.00    6.29      52
    4.48    4.71    6.39    1.79    0.00    6.39      52
    4.71    4.92    6.38    1.54    0.00    6.38      53
    4.92    5.14    6.39    1.37    0.00    6.39      52
    5.14    5.41    6.41    1.14    0.00    6.41      53
    5.41    5.73    6.43    0.85    0.00    6.43      52
    5.73    6.55    6.59    0.57    0.00    6.59      52

Int Range: [7,10]
  LAlpha  UAlpha     ROE    DExp    DAct    Rate     Num
   -1.09    4.71    5.16    4.83    3.29    8.45     302
    4.71    5.47    7.31    3.11    0.94    8.25     302
    5.47    5.96    7.53    2.54    0.75    8.28     302
    5.96    6.27    6.94    2.14    1.33    8.26     301
    6.27    6.59    7.46    1.97    0.94    8.40     302
    6.59    6.91    6.53    1.84    2.07    8.60     302
    6.91    7.27    8.12    1.68    0.66    8.77     301
    7.27    7.64    7.98    1.50    0.97    8.94     302
    7.64    8.19    9.02    1.40    0.28    9.30     302
    8.19    9.51    8.61    0.91    0.86    9.47     301

Int Range: [10,12]
  LAlpha  UAlpha     ROE    DExp    DAct    Rate     Num
    2.44    6.49    8.39    6.15    2.96   11.34     200
    6.49    7.49    8.85    4.37    2.54   11.39     200
    7.49    8.04   11.05    3.60    0.33   11.38     200
    8.04    8.47   10.33    3.15    1.08   11.41     200
    8.47    8.84    7.87    2.76    3.55   11.42     200
    8.84    9.18    9.13    2.46    2.33   11.46     200
    9.18    9.52    9.60    2.21    1.96   11.56     200
    9.52    9.94    8.08    1.93    3.56   11.64     200
    9.94   10.41    9.99    1.52    1.70   11.69     200
   10.41   11.58   10.45    1.13    1.46   11.91     200

Int Range: [12,13.5]
  LAlpha  UAlpha     ROE    DExp    DAct    Rate     Num
   -0.02    7.04    9.08    6.87    3.69   12.77     236
    7.04    7.94    8.69    5.24    4.10   12.79     235
    7.94    8.50   10.16    4.51    2.60   12.76     236
    8.50    8.99   10.36    3.97    2.36   12.72     235
    8.99    9.40   11.21    3.57    1.55   12.77     236
    9.40    9.80    9.91    3.11    2.80   12.71     235
    9.80   10.16    9.97    2.76    2.77   12.74     236
   10.16   10.57   10.59    2.37    2.13   12.72     235
   10.57   11.04   10.37    1.95    2.39   12.75     236
   11.04   12.51   10.09    1.35    2.71   12.80     235

Int Range: [13.5,15]
  LAlpha  UAlpha     ROE    DExp    DAct    Rate     Num
   -2.10    5.54    9.26   10.04    4.98   14.23     324
    5.54    6.72    9.21    8.05    4.97   14.17     324
    6.72    7.67    9.20    6.88    4.92   14.12     324
    7.67    8.46    9.29    6.08    4.86   14.15     324
    8.46    9.06   10.59    5.39    3.56   14.15     323
    9.06    9.60    9.56    4.81    4.59   14.15     324
    9.60   10.12   10.97    4.32    3.21   14.18     324
   10.12   10.69   11.87    3.76    2.29   14.16     324
   10.69   11.34   11.12    3.15    3.04   14.17     324
   11.34   13.56   10.93    2.27    3.30   14.24     323

Int Range: [15,17]
  LAlpha  UAlpha     ROE    DExp    DAct    Rate     Num
   -9.08    4.53    8.09   13.69    7.97   16.06     305
    4.53    6.17   10.01   10.47    5.89   15.90     305
    6.17    7.23   10.27    9.07    5.53   15.80     305
    7.23    8.18   11.06    8.04    4.69   15.75     305
    8.18    9.07   11.64    7.10    4.09   15.72     305
    9.07    9.77   12.63    6.33    3.14   15.77     305
    9.77   10.44    9.32    5.58    6.39   15.71     305
   10.44   11.07    9.57    4.97    6.17   15.75     305
   11.07   11.88   12.09    4.32    3.69   15.78     305
   11.88   14.26   13.95    3.15    1.82   15.76     304

Int Range: [17,20]
  LAlpha  UAlpha     ROE    DExp    DAct    Rate     Num
  -12.30    1.79    7.54   19.72   11.13   18.68     311
    1.79    4.38    8.53   15.42   10.03   18.56     310
    4.38    6.23   11.98   13.26    6.60   18.58     310
    6.23    7.55   11.35   11.85    7.38   18.72     310
    7.55    8.75   12.79   10.48    5.87   18.66     310
    8.75    9.84   11.45    9.35    7.21   18.65     310
    9.84   10.89   11.05    8.30    7.61   18.66     310
   10.89   11.96   13.54    7.27    5.13   18.67     310
   11.96   13.09   14.98    6.23    3.78   18.76     310
   13.09   16.93   15.20    4.99    3.82   19.02     310

Int Range: [20,30]
  LAlpha  UAlpha     ROE    DExp    DAct    Rate     Num
  -16.21   -0.80    4.84   28.18   18.52   23.36     177
   -0.80    2.79   10.41   21.54   12.29   22.70     177
    2.79    5.29    4.76   18.40   17.66   22.42     177
    5.29    7.35   10.92   15.93   11.33   22.25     176
    7.35    8.68    5.71   14.13   16.44   22.15     177
    8.68   10.13   12.15   12.88   10.17   22.32     177
   10.13   11.37   14.30   11.32    7.82   22.13     176
   11.37   12.64   11.76   10.05   10.28   22.03     177
   12.64   14.28   12.88    8.80    9.27   22.15     177
   14.28   19.75   16.64    7.14    6.18   22.82     176


MinAlpha	ROE	Count
-5	9.99	18961
-4	10.01	18932
-3	10.04	18884
-2	10.07	18832
-1	10.07	18749
0	10.06	18635
1	10.08	18483
2	10.08	18262
3	10.08	17909
4	10.20	17354
5	10.34	16383
6	10.49	14889
7	10.85	12762
8	11.20	10451
9	11.54	7872
10	12.11	5288
11	12.81	2933
12	14.12	1480
13	14.64	720
14	15.74	335
15	18.73	147

Forest Importance
('pub_rec', 0.00020332943676283258)
('delinq_2yrs', 0.0011648785971186211)
('term', 0.0015100376135442281)
('mths_since_last_record', 0.0018645645535547012)
('is_inc_v', 0.00323847154531977)
('loan_amnt', 0.0033456973216443647)
('even_loan_amnt', 0.0043174222727356878)
('purpose', 0.0046191139170483472)
('mod_rate', 0.0060992067814504558)
('inq_last_6mths', 0.0083571413960400204)
('home_ownership', 0.0091764095835203778)
('open_acc', 0.011493547007968683)
('fico_range_low', 0.013420119711060783)
('mths_since_last_delinq', 0.015313336882672324)
('total_acc', 0.015360310887588215)
('tok4_capitalization_log_odds', 0.015890142414099018)
('clean_title_rank', 0.016192164207579809)
('emp_title_rank', 0.017512618634326661)
('int_pymt', 0.017857065370208581)
('installment', 0.018266707503495752)
('annual_inc', 0.019998411190548723)
('revol_bal', 0.020299623579879897)
('dti', 0.021768198895614082)
('zip_code', 0.022715845360801373)
('urate', 0.0233898618162727)
('avg_urate', 0.02371123726078574)
('revol_util', 0.02376563695250293)
('emp_length', 0.023778874096049792)
('short_title_rank', 0.024673242310839089)
('pct_med_inc', 0.024685813322970148)
('med_inc', 0.025457282811693873)
('credit_length', 0.025523819222754832)
('revol_bal-loan', 0.028121596704963826)
('urate_chg', 0.02816787646807075)
('revol_bal_pct_inc', 0.030744149094726399)
('urate_range', 0.031589901395341735)
('hpa4', 0.031678741615754812)
('pymt_pct_inc', 0.050977343210634053)
('sub_grade', 0.085859861128552026)
('tok4_clean_title_log_odds', 0.097823361658781791)
('int_rate', 0.1500670362647222)


Forest Parameters
oob_score: False
n_jobs: 8
verbose: 0
min_density: None
compute_importances: None
max_leaf_nodes: None
bootstrap: True
min_samples_leaf: 100
n_estimators: 400
min_samples_split: 2
random_state: None
criterion: mse
max_features: auto
max_depth: None
