OOS Cutoff = 2014-10-01 00:00:00
Int Range: [0,7]
  LAlpha  UAlpha     ROE    DExp    DAct    Rate     Num
   -8.56    4.50    4.91    2.38    1.34    6.25     393
    4.50    4.91    5.02    1.60    1.30    6.32     392
    4.91    5.18    5.67    1.26    0.64    6.31     393
    5.18    5.37    5.74    1.00    0.54    6.28     392
    5.37    5.52    4.67    0.82    1.59    6.26     393
    5.52    5.65    5.82    0.67    0.43    6.25     392
    5.65    5.79    4.60    0.57    1.70    6.29     393
    5.79    5.95    6.02    0.53    0.38    6.39     392
    5.95    6.17    5.49    0.52    1.08    6.57     393
    6.17    6.91    5.92    0.42    0.88    6.79     392

Int Range: [7,10]
  LAlpha  UAlpha     ROE    DExp    DAct    Rate     Num
   -0.58    4.67    5.98    4.27    2.24    8.22    1106
    4.67    5.23    6.40    3.16    1.74    8.14    1106
    5.23    5.61    5.91    2.72    2.25    8.15    1106
    5.61    5.93    5.91    2.34    2.20    8.12    1106
    5.93    6.20    6.15    2.04    1.96    8.11    1106
    6.20    6.44    7.23    1.77    0.86    8.09    1106
    6.44    6.67    6.85    1.52    1.22    8.07    1106
    6.67    6.95    6.60    1.43    1.64    8.23    1106
    6.95    7.41    7.85    1.50    0.81    8.66    1106
    7.41    8.80    7.67    1.25    1.40    9.07    1105

Int Range: [10,12]
  LAlpha  UAlpha     ROE    DExp    DAct    Rate     Num
   -0.70    5.48    7.70    6.66    3.40   11.10    1021
    5.48    6.30    7.92    5.09    3.10   11.02    1020
    6.30    6.84    7.53    4.45    3.49   11.02    1020
    6.84    7.30    7.74    3.93    3.25   10.99    1020
    7.30    7.68    8.11    3.53    2.92   11.03    1020
    7.68    8.06    8.40    3.23    2.70   11.10    1021
    8.06    8.41    8.79    2.86    2.30   11.09    1020
    8.41    8.80    8.41    2.51    2.70   11.11    1020
    8.80    9.30    8.72    2.16    2.47   11.20    1020
    9.30   11.09    9.24    1.71    2.22   11.46    1020

Int Range: [12,13.5]
  LAlpha  UAlpha     ROE    DExp    DAct    Rate     Num
   -2.24    4.87    7.10    9.27    5.79   12.88    1024
    4.87    5.86    7.04    7.47    5.84   12.88    1024
    5.86    6.53    6.62    6.64    6.22   12.85    1024
    6.53    7.12    7.40    6.02    5.45   12.85    1023
    7.12    7.61    8.72    5.51    4.17   12.88    1024
    7.61    8.09    8.29    5.03    4.58   12.88    1024
    8.09    8.58    8.84    4.55    4.04   12.88    1023
    8.58    9.12    9.13    4.06    3.77   12.90    1024
    9.12    9.77    9.38    3.49    3.53   12.91    1024
    9.77   12.33   10.78    2.59    2.20   12.97    1023

Int Range: [13.5,15]
  LAlpha  UAlpha     ROE    DExp    DAct    Rate     Num
   -3.29    4.55    5.69   11.23    8.73   14.41    1033
    4.55    5.70    5.78    9.18    8.59   14.37    1033
    5.70    6.52    6.96    8.24    7.40   14.36    1033
    6.52    7.24    7.25    7.48    7.11   14.36    1033
    7.24    7.88    6.71    6.83    7.69   14.39    1033
    7.88    8.45    6.94    6.22    7.44   14.38    1033
    8.45    9.07    8.88    5.65    5.51   14.39    1033
    9.07    9.73    6.91    4.98    7.46   14.37    1033
    9.73   10.56    9.14    4.28    5.26   14.40    1033
   10.56   13.49   10.52    3.28    4.01   14.53    1032

Int Range: [15,17]
  LAlpha  UAlpha     ROE    DExp    DAct    Rate     Num
   -9.98    3.08    4.48   15.24   11.75   16.24     727
    3.08    4.69    4.18   12.21   11.99   16.17     726
    4.69    5.69    5.42   10.91   10.69   16.11     726
    5.69    6.54    7.16    9.99    8.97   16.12     726
    6.54    7.27    7.17    9.19    8.92   16.10     726
    7.27    8.02    7.25    8.46    8.85   16.10     726
    8.02    8.72    8.32    7.73    7.80   16.12     726
    8.72    9.51    9.29    7.04    6.86   16.15     726
    9.51   10.49    8.43    6.14    7.69   16.11     726
   10.49   13.72   11.24    4.89    4.95   16.18     726

Int Range: [17,20]
  LAlpha  UAlpha     ROE    DExp    DAct    Rate     Num
  -10.70    0.60    1.15   20.78   17.64   18.80     669
    0.60    2.79    1.78   16.74   16.72   18.50     668
    2.79    4.35    6.08   14.85   12.36   18.44     668
    4.35    5.56    6.74   13.40   11.64   18.38     668
    5.56    6.59    6.50   12.23   11.83   18.32     668
    6.59    7.50    6.42   11.30   11.94   18.36     669
    7.50    8.46    4.64   10.32   13.66   18.30     668
    8.46    9.43    7.23    9.34   11.06   18.29     668
    9.43   10.61    7.76    8.35   10.56   18.32     668
   10.61   15.15    9.42    6.66    8.89   18.32     668

Int Range: [20,30]
  LAlpha  UAlpha     ROE    DExp    DAct    Rate     Num
  -13.28   -5.22   -4.28   30.66   27.50   23.23     406
   -5.22   -2.71    1.83   26.70   21.00   22.83     405
   -2.71   -0.88    0.73   24.54   22.05   22.79     405
   -0.88    0.83    0.46   22.72   22.23   22.70     406
    0.83    2.58    0.83   21.09   21.96   22.79     405
    2.58    4.24    6.50   19.11   16.06   22.56     405
    4.24    5.83    4.88   17.47   17.64   22.51     406
    5.83    7.44    1.69   15.59   20.53   22.22     405
    7.44    9.51    2.90   13.91   19.43   22.34     405
    9.51   17.89    9.84   10.98   12.60   22.45     405


MinAlpha	ROE	Count
-5	7.04	63226
-4	7.06	63033
-3	7.09	62763
-2	7.11	62466
-1	7.14	62069
0	7.22	61586
1	7.27	60903
2	7.33	60008
3	7.38	58714
4	7.43	56360
5	7.58	51393
6	7.94	41317
7	8.36	29604
8	8.79	19672
9	9.22	11074
10	9.63	5127
11	11.17	1886
12	11.46	523
13	9.83	138
14	11.14	49
15	11.88	17

Forest Importance
('pub_rec', 0.00024616063595060239)
('delinq_2yrs', 0.00064411008448999078)
('term', 0.0029022462290109051)
('purpose', 0.0033271173314918844)
('loan_amnt', 0.0034858480814517374)
('verification_status', 0.003952202113691284)
('mths_since_last_major_derog', 0.0051394596186042276)
('even_loan_amnt', 0.0051647455333858373)
('mths_since_last_record', 0.005607564565789965)
('open_acc', 0.012092689698459455)
('inq_last_6mths', 0.012962829160604816)
('home_ownership', 0.017155598015385225)
('mths_since_last_delinq', 0.017398539867637466)
('int_pymt', 0.017612945754051777)
('total_acc', 0.018954063242478104)
('installment', 0.020394758265485501)
('revol_bal', 0.022467171611554246)
('emp_length', 0.024522701874390915)
('clean_title_rank', 0.025886451654866041)
('revol_util', 0.026062229390459535)
('revol_bal_pct_inc', 0.026603516430778767)
('dti', 0.028012718140310935)
('revol_bal-loan', 0.028954837443140015)
('pct_med_inc', 0.030473549019345816)
('annual_inc', 0.030933259019032561)
('tok4_capitalization_log_odds', 0.031405495643256606)
('urate', 0.032217987299601743)
('credit_length', 0.033492401454620103)
('int_pct_inc', 0.035194163003274569)
('pymt_pct_inc', 0.045837255225966704)
('tok4_clean_title_log_odds', 0.057969372742742366)
('int_rate', 0.13458420951812256)
('sub_grade', 0.2383418023305677)


Forest Parameters
oob_score: False
n_jobs: 8
verbose: 0
min_density: None
compute_importances: None
max_leaf_nodes: None
bootstrap: True
min_samples_leaf: 200
n_estimators: 100
min_samples_split: 2
random_state: None
criterion: mse
max_features: auto
max_depth: None
