OOS Cutoff = 2013-01-01 00:00:00
Int Range: [0,7]
  LAlpha  UAlpha     ROE    DExp    DAct    Rate     Num
   -1.25    3.79    4.85    3.00    1.39    6.24    1148
    3.79    4.19    5.89    2.23    0.35    6.23    1147
    4.19    4.43    5.62    1.91    0.61    6.23    1147
    4.43    4.63    5.81    1.71    0.44    6.24    1147
    4.63    4.78    5.65    1.55    0.61    6.26    1147
    4.78    4.94    5.99    1.39    0.26    6.26    1147
    4.94    5.10    6.02    1.26    0.26    6.28    1147
    5.10    5.28    6.07    1.14    0.26    6.33    1147
    5.28    5.50    6.07    1.04    0.35    6.42    1147
    5.50    6.55    6.41    0.87    0.17    6.59    1147

Int Range: [7,10]
  LAlpha  UAlpha     ROE    DExp    DAct    Rate     Num
    1.22    5.00    6.67    3.61    1.37    8.04    4150
    5.00    5.47    7.14    2.85    0.96    8.10    4150
    5.47    5.78    6.92    2.51    1.23    8.14    4150
    5.78    6.05    7.43    2.33    0.82    8.25    4150
    6.05    6.31    7.40    2.18    0.96    8.36    4150
    6.31    6.55    7.46    2.07    1.04    8.50    4150
    6.55    6.82    7.82    2.01    0.87    8.69    4150
    6.82    7.16    8.06    1.99    0.92    8.97    4150
    7.16    7.57    8.14    1.87    1.08    9.23    4150
    7.57    9.35    8.50    1.56    1.01    9.51    4150

Int Range: [10,12]
  LAlpha  UAlpha     ROE    DExp    DAct    Rate     Num
    3.15    6.45    9.03    5.19    1.93   10.96    4038
    6.45    7.04    8.85    4.18    2.11   10.95    4038
    7.04    7.44    9.08    3.71    1.88   10.96    4038
    7.44    7.78    9.12    3.39    1.88   11.00    4038
    7.78    8.08    9.68    3.12    1.36   11.05    4038
    8.08    8.36    9.75    2.87    1.34   11.08    4038
    8.36    8.65    9.99    2.65    1.16   11.15    4038
    8.65    8.96   10.13    2.45    1.11   11.24    4038
    8.96    9.37   10.38    2.27    1.04   11.42    4038
    9.37   10.96   10.52    1.95    1.16   11.68    4037

Int Range: [12,13.5]
  LAlpha  UAlpha     ROE    DExp    DAct    Rate     Num
    0.89    6.93    9.68    6.68    3.12   12.80    3810
    6.93    7.70   10.14    5.42    2.63   12.77    3809
    7.70    8.20   10.21    4.81    2.57   12.78    3810
    8.20    8.62   10.79    4.34    1.97   12.76    3809
    8.62    8.97   10.86    3.97    1.92   12.77    3810
    8.97    9.31   11.17    3.63    1.60   12.77    3809
    9.31    9.64   11.21    3.30    1.57   12.78    3810
    9.64    9.98   11.20    3.00    1.60   12.80    3809
    9.98   10.38   11.41    2.69    1.44   12.86    3810
   10.38   11.78   11.59    2.25    1.37   12.95    3809

Int Range: [13.5,15]
  LAlpha  UAlpha     ROE    DExp    DAct    Rate     Num
    2.13    7.12   10.95    8.07    3.35   14.31    4382
    7.12    7.95   11.45    6.71    2.83   14.28    4382
    7.95    8.52   11.19    6.02    3.08   14.27    4381
    8.52    8.99   11.55    5.51    2.72   14.27    4382
    8.99    9.42   11.69    5.03    2.56   14.24    4381
    9.42    9.81   11.68    4.63    2.56   14.24    4382
    9.81   10.19   12.03    4.22    2.19   14.22    4382
   10.19   10.58   11.99    3.84    2.24   14.22    4381
   10.58   11.06   11.68    3.43    2.56   14.23    4382
   11.06   12.74   12.63    2.88    1.71   14.34    4381

Int Range: [15,17]
  LAlpha  UAlpha     ROE    DExp    DAct    Rate     Num
    3.28    7.67    9.96    9.04    5.92   15.88    4613
    7.67    8.49   11.19    7.81    4.73   15.92    4613
    8.49    9.08   12.32    7.14    3.62   15.94    4613
    9.08    9.58   12.60    6.60    3.34   15.94    4613
    9.58   10.03   12.88    6.15    3.08   15.96    4613
   10.03   10.49   12.98    5.67    2.95   15.93    4613
   10.49   10.96   12.68    5.21    3.25   15.93    4613
   10.96   11.45   13.36    4.74    2.58   15.94    4613
   11.45   12.06   13.54    4.25    2.45   15.99    4613
   12.06   15.16   14.17    3.58    2.02   16.18    4613

Int Range: [17,20]
  LAlpha  UAlpha     ROE    DExp    DAct    Rate     Num
    4.22    8.84   10.39   10.08    7.73   18.12    4414
    8.84    9.62   12.45    8.97    5.78   18.23    4414
    9.62   10.22   11.95    8.35    6.32   18.27    4414
   10.22   10.74   13.43    7.85    4.89   18.33    4414
   10.74   11.24   13.44    7.38    4.92   18.36    4414
   11.24   11.75   13.71    6.91    4.69   18.40    4414
   11.75   12.29   14.21    6.44    4.24   18.45    4414
   12.29   12.91   14.88    5.88    3.60   18.48    4414
   12.91   13.70   14.96    5.29    3.60   18.57    4414
   13.70   17.30   15.83    4.54    3.15   18.98    4414

Int Range: [20,30]
  LAlpha  UAlpha     ROE    DExp    DAct    Rate     Num
    5.72   10.85   13.59   11.39    7.67   21.26    3024
   10.85   11.85   14.44   10.29    7.24   21.68    3023
   11.85   12.60   14.00    9.69    7.94   21.94    3023
   12.60   13.25   15.86    9.18    6.25   22.11    3023
   13.25   13.88   15.18    8.79    7.18   22.35    3023
   13.88   14.48   15.56    8.36    6.98   22.54    3023
   14.48   15.13   16.13    7.94    6.62   22.74    3023
   15.13   15.85   16.48    7.48    6.48   22.97    3023
   15.85   16.80   16.71    6.96    6.55   23.25    3023
   16.80   21.04   18.19    6.47    6.02   24.21    3023


Forest Importance
('pub_rec', 0.00057889197005634851)
('delinq_2yrs', 0.0010083715566442282)
('mths_since_last_record', 0.0021508211273516906)
('home_ownership', 0.0034589301562376659)
('title_num_words', 0.0046649764698468797)
('is_inc_v', 0.0051219062668984719)
('term', 0.0064780063283329204)
('even_loan_amnt', 0.0085572403291045759)
('issue_mth', 0.010681781859425737)
('emp_length', 0.011657212284774024)
('open_acc', 0.011677117354492939)
('loan_amnt', 0.012635926194701386)
('title_len', 0.013417355086523934)
('hpa_own', 0.013514060673434143)
('mod_rate', 0.013515245276423711)
('mths_since_last_delinq', 0.013783416644052644)
('credit_length', 0.015205729687991346)
('title_upper_count', 0.016772431677813934)
('total_acc', 0.019735356199644234)
('max_urate', 0.019789806684146635)
('min_urate', 0.019837898942576124)
('med_inc', 0.020248088609777261)
('short_title_rank', 0.02055201136170174)
('urate_range', 0.020801200289245311)
('title_first_word_rank', 0.021655463987877557)
('title_last_word_rank', 0.022167423330847136)
('avg_urate', 0.022205966294592719)
('zip_code', 0.022330840482293765)
('dti', 0.022991458949448415)
('installment', 0.023491815952720277)
('urate', 0.024343475438863761)
('urate_chg', 0.024935509030575807)
('revol_bal', 0.026616420058441604)
('revol_util', 0.028532636596077091)
('title_rank', 0.030687877842998323)
('purpose', 0.030857782846946562)
('inq_last_6mths', 0.031265038109299807)
('title_upper_pct', 0.031794581796266055)
('int_pymt', 0.031984340460051851)
('revol_bal-loan', 0.032487908339196563)
('fico_range_low', 0.036439747354537248)
('pct_med_inc', 0.04364839105114611)
('annual_inc', 0.04646926786377957)
('sub_grade', 0.075902068689333732)
('int_rate', 0.083348202493508036)


Forest Parameters
oob_score: False
n_jobs: 1
verbose: 2
min_density: None
compute_importances: None
max_leaf_nodes: None
bootstrap: True
min_samples_leaf: 100
n_estimators: 400
min_samples_split: 2
random_state: None
criterion: gini
max_features: auto
max_depth: None
