OOS Cutoff = 2014-03-01 00:00:00
Int Range: [0,7]
  LAlpha  UAlpha     ROE    DExp    DAct    Rate     Num
    0.30    3.73    5.16    3.58    1.21    6.37      94
    3.73    4.19    6.36    2.38    0.00    6.36      94
    4.19    4.59    6.34    1.92    0.00    6.34      94
    4.59    4.93    6.28    1.52    0.00    6.28      93
    4.93    5.13    6.05    1.30    0.28    6.32      94
    5.13    5.29    6.28    1.07    0.00    6.28      94
    5.29    5.48    6.38    1.00    0.00    6.38      93
    5.48    5.72    6.43    0.84    0.00    6.43      94
    5.72    5.94    4.40    0.70    2.12    6.53      94
    5.94    6.57    6.62    0.49    0.00    6.62      93

Int Range: [7,10]
  LAlpha  UAlpha     ROE    DExp    DAct    Rate     Num
   -0.89    4.98    6.56    4.37    1.82    8.38     547
    4.98    5.72    7.00    2.96    1.36    8.36     546
    5.72    6.19    7.37    2.34    0.95    8.32     546
    6.19    6.54    6.47    2.01    1.92    8.39     547
    6.54    6.83    6.82    1.69    1.56    8.37     546
    6.83    7.13    7.97    1.53    0.53    8.51     546
    7.13    7.45    7.34    1.33    1.28    8.62     547
    7.45    7.82    8.29    1.46    0.79    9.08     546
    7.82    8.30    7.70    1.25    1.62    9.31     546
    8.30    9.54    8.66    0.83    0.85    9.51     546

Int Range: [10,12]
  LAlpha  UAlpha     ROE    DExp    DAct    Rate     Num
    0.53    6.68    9.35    5.89    2.00   11.35     374
    6.68    7.59    9.76    4.20    1.61   11.37     374
    7.59    8.13    9.14    3.53    2.27   11.41     374
    8.13    8.56    9.68    3.08    1.75   11.43     374
    8.56    8.93    9.09    2.68    2.34   11.44     374
    8.93    9.25    9.43    2.41    2.08   11.51     374
    9.25    9.57    9.95    2.16    1.61   11.56     374
    9.57    9.99    8.96    1.85    2.67   11.63     374
    9.99   10.39   10.36    1.56    1.37   11.73     374
   10.39   11.74   11.11    1.05    0.78   11.89     374

Int Range: [12,13.5]
  LAlpha  UAlpha     ROE    DExp    DAct    Rate     Num
    1.11    6.78    9.47    7.23    3.38   12.85     436
    6.78    7.69    6.98    5.57    5.84   12.82     436
    7.69    8.35    9.04    4.75    3.75   12.79     436
    8.35    8.85   11.35    4.19    1.44   12.79     436
    8.85    9.31   10.12    3.64    2.60   12.72     436
    9.31    9.70   10.09    3.22    2.64   12.73     436
    9.70   10.09   10.08    2.80    2.62   12.69     436
   10.09   10.50   10.59    2.41    2.12   12.71     436
   10.50   11.00   10.63    2.01    2.13   12.75     436
   11.00   12.26   10.97    1.33    1.76   12.73     436

Int Range: [13.5,15]
  LAlpha  UAlpha     ROE    DExp    DAct    Rate     Num
   -0.52    6.12    9.14    9.30    5.07   14.21     628
    6.12    7.28    9.21    7.42    4.95   14.16     627
    7.28    8.12   10.01    6.41    4.12   14.13     628
    8.12    8.85    8.99    5.63    5.15   14.14     627
    8.85    9.48   10.02    4.96    4.12   14.14     628
    9.48   10.04    9.99    4.37    4.15   14.14     627
   10.04   10.58   10.82    3.81    3.30   14.12     628
   10.58   11.11   10.08    3.35    4.11   14.19     627
   11.11   11.75   10.47    2.74    3.69   14.16     628
   11.75   13.76   11.24    2.02    3.05   14.29     627

Int Range: [15,17]
  LAlpha  UAlpha     ROE    DExp    DAct    Rate     Num
   -7.88    5.48    6.58   12.26    9.41   15.99     581
    5.48    7.03   10.63    9.52    5.22   15.85     581
    7.03    8.04    9.78    8.24    6.02   15.80     581
    8.04    8.96   10.46    7.24    5.31   15.77     581
    8.96    9.71   10.67    6.41    5.08   15.76     581
    9.71   10.37   10.68    5.71    5.08   15.76     581
   10.37   11.02   12.37    5.03    3.37   15.74     581
   11.02   11.67   10.84    4.39    4.90   15.74     581
   11.67   12.45   12.15    3.71    3.60   15.76     581
   12.45   15.05   13.08    2.76    2.71   15.78     580

Int Range: [17,20]
  LAlpha  UAlpha     ROE    DExp    DAct    Rate     Num
  -12.64    2.87    5.91   18.65   12.68   18.59     568
    2.87    5.32    9.55   14.39    9.06   18.61     567
    5.32    7.01   10.34   12.34    8.21   18.56     568
    7.01    8.14   13.00   11.03    5.59   18.60     567
    8.14    9.29   10.74    9.86    7.84   18.58     567
    9.29   10.19    9.91    8.83    8.67   18.58     568
   10.19   11.09   12.22    8.05    6.47   18.69     567
   11.09   12.01   12.52    7.12    6.16   18.68     568
   12.01   13.14   13.64    6.22    5.13   18.77     567
   13.14   17.38   14.29    5.01    4.79   19.07     567

Int Range: [20,30]
  LAlpha  UAlpha     ROE    DExp    DAct    Rate     Num
  -16.23   -0.76    1.23   27.92   22.00   23.23     330
   -0.76    3.40    6.98   21.17   15.86   22.83     329
    3.40    5.54   11.30   17.94   11.26   22.55     330
    5.54    7.47   12.16   15.94   10.34   22.51     329
    7.47    8.77    9.67   14.19   12.68   22.35     329
    8.77    9.94    8.13   12.89   14.16   22.29     330
    9.94   11.15    9.39   11.43   12.62   22.00     329
   11.15   12.41   13.26   10.32    8.80   22.06     330
   12.41   13.93    8.97    8.81   13.01   21.98     329
   13.93   20.79   14.76    7.35    7.99   22.75     329


MinAlpha	ROE	Count
-5	9.80	35399
-4	9.80	35354
-3	9.80	35281
-2	9.84	35215
-1	9.84	35073
0	9.84	34949
1	9.85	34742
2	9.88	34464
3	9.93	34027
4	9.98	33252
5	10.07	31764
6	10.23	29147
7	10.46	25432
8	10.76	20831
9	11.09	15992
10	11.64	11068
11	12.15	6497
12	12.79	3268
13	13.54	1452
14	14.33	596
15	15.67	256

Forest Importance
('pub_rec', 0.00031950859283439906)
('delinq_2yrs', 0.0011173256042232909)
('term', 0.0017082331283448755)
('is_inc_v', 0.0029891158973927908)
('mths_since_last_record', 0.0030418703627012626)
('loan_amnt', 0.0031144950809445003)
('purpose', 0.0038006167403131365)
('even_loan_amnt', 0.0039510221829089972)
('mod_rate', 0.0061546045425363008)
('home_ownership', 0.0076028639838189773)
('inq_last_6mths', 0.0087846095823810519)
('open_acc', 0.010371530980557235)
('tok4_capitalization_log_odds', 0.013172831188722534)
('fico_range_low', 0.014265559698977985)
('mths_since_last_delinq', 0.01561842670023313)
('clean_title_rank', 0.015669360888568237)
('int_pymt', 0.016478878520182358)
('total_acc', 0.016980460918372232)
('emp_title_rank', 0.017362199495575461)
('installment', 0.019152756389788011)
('annual_inc', 0.019152898139872546)
('revol_bal', 0.019423341461466688)
('zip_code', 0.021385611099626632)
('revol_util', 0.022334802760226168)
('urate', 0.023264909884967943)
('pct_med_inc', 0.023940070421768263)
('avg_urate', 0.024244403944973177)
('dti', 0.02439062776963102)
('emp_length', 0.025387975959883936)
('short_title_rank', 0.02742805673675543)
('urate_chg', 0.027689614097606702)
('med_inc', 0.027935644741264601)
('revol_bal_pct_inc', 0.028291589727688908)
('revol_bal-loan', 0.028609182167713288)
('hpa4', 0.028800931359684263)
('credit_length', 0.028831700828509606)
('urate_range', 0.031320489486630507)
('pymt_pct_inc', 0.046686733120724355)
('sub_grade', 0.054125912778937017)
('tok4_clean_title_log_odds', 0.10128171014005588)
('int_rate', 0.18381752289263628)


Forest Parameters
oob_score: False
n_jobs: 8
verbose: 0
min_density: None
compute_importances: None
max_leaf_nodes: None
bootstrap: True
min_samples_leaf: 100
n_estimators: 400
min_samples_split: 2
random_state: None
criterion: mse
max_features: auto
max_depth: None
