OOS Cutoff = 2014-01-01 00:00:00
Int Range: [0,7]
  LAlpha  UAlpha     ROE    DExp    DAct    Rate     Num
    1.93    4.19    3.20    2.53    3.06    6.26      93
    4.19    4.59    6.27    1.86    0.00    6.27      92
    4.59    4.83    5.12    1.62    1.23    6.35      93
    4.83    5.05    6.28    1.34    0.00    6.28      92
    5.05    5.24    5.36    1.13    0.93    6.29      92
    5.24    5.39    6.29    0.97    0.00    6.29      93
    5.39    5.54    6.38    0.91    0.00    6.38      92
    5.54    5.70    5.16    0.81    1.27    6.44      93
    5.70    5.93    6.52    0.72    0.00    6.52      92
    5.93    6.47    5.38    0.48    1.24    6.62      92

Int Range: [7,10]
  LAlpha  UAlpha     ROE    DExp    DAct    Rate     Num
    2.29    5.76    7.19    2.88    0.94    8.13     518
    5.76    6.20    6.01    2.17    2.16    8.17     518
    6.20    6.51    7.16    1.85    1.05    8.21     518
    6.51    6.79    7.45    1.59    0.81    8.25     518
    6.79    7.03    7.30    1.49    1.09    8.39     518
    7.03    7.29    7.91    1.34    0.59    8.50     518
    7.29    7.60    6.82    1.44    2.06    8.88     518
    7.60    7.96    7.71    1.42    1.49    9.20     518
    7.96    8.34    8.44    1.16    0.87    9.31     518
    8.34    9.46    6.82    0.86    2.74    9.56     517

Int Range: [10,12]
  LAlpha  UAlpha     ROE    DExp    DAct    Rate     Num
    3.38    7.39    7.96    4.66    3.36   11.32     369
    7.39    8.03   10.03    3.67    1.36   11.40     369
    8.03    8.46    9.74    3.09    1.62   11.36     369
    8.46    8.83    9.20    2.79    2.24   11.44     369
    8.83    9.12    9.57    2.46    1.87   11.44     368
    9.12    9.42    9.39    2.20    2.08   11.47     369
    9.42    9.71   10.66    1.96    0.86   11.53     369
    9.71   10.06    9.48    1.70    2.10   11.58     369
   10.06   10.53   11.04    1.54    0.78   11.82     369
   10.53   11.54   11.03    1.15    0.95   11.98     368

Int Range: [12,13.5]
  LAlpha  UAlpha     ROE    DExp    DAct    Rate     Num
    4.17    7.88    7.87    5.79    4.97   12.84     238
    7.88    8.58   10.76    4.55    2.05   12.82     237
    8.58    9.10   11.01    3.95    1.79   12.80     237
    9.10    9.52    9.30    3.51    3.52   12.82     237
    9.52    9.87   10.49    3.11    2.32   12.81     237
    9.87   10.19   10.29    2.77    2.51   12.80     238
   10.19   10.53   11.24    2.44    1.56   12.80     237
   10.53   10.87   10.86    2.13    1.96   12.82     237
   10.87   11.20   11.44    1.78    1.36   12.80     237
   11.20   12.12   10.67    1.32    2.16   12.84     237

Int Range: [13.5,15]
  LAlpha  UAlpha     ROE    DExp    DAct    Rate     Num
    0.64    7.67   10.36    7.68    3.87   14.24     683
    7.67    8.63    9.48    5.98    4.70   14.18     682
    8.63    9.28   10.94    5.23    3.26   14.20     682
    9.28    9.80   10.26    4.63    3.92   14.18     682
    9.80   10.26   12.33    4.13    1.84   14.17     682
   10.26   10.68    9.88    3.69    4.28   14.16     683
   10.68   11.08   12.21    3.31    1.99   14.20     682
   11.08   11.50   12.83    2.95    1.41   14.24     682
   11.50   12.01   11.25    2.53    3.01   14.27     682
   12.01   13.81   12.21    2.04    2.31   14.52     682

Int Range: [15,17]
  LAlpha  UAlpha     ROE    DExp    DAct    Rate     Num
   -0.69    6.85    9.67   10.94    6.58   16.25     472
    6.85    7.94   11.32    8.71    4.82   16.14     472
    7.94    8.72   11.73    7.81    4.43   16.16     471
    8.72    9.32   10.69    7.03    5.38   16.07     472
    9.32    9.88   11.93    6.48    4.15   16.08     471
    9.88   10.41   12.33    5.95    3.77   16.10     472
   10.41   10.89   12.37    5.43    3.71   16.07     472
   10.89   11.42   12.99    4.91    3.08   16.07     471
   11.42   12.10   14.02    4.39    2.10   16.12     472
   12.10   14.53   12.34    3.49    3.80   16.15     471

Int Range: [17,20]
  LAlpha  UAlpha     ROE    DExp    DAct    Rate     Num
   -1.24    6.26   11.05   13.90    7.40   18.45     411
    6.26    7.78    6.44   11.33   11.96   18.40     411
    7.78    8.76   11.60   10.08    6.77   18.37     411
    8.76    9.56   11.49    9.29    6.99   18.48     411
    9.56   10.29   12.48    8.47    5.92   18.39     411
   10.29   10.97   12.03    7.83    6.42   18.45     411
   10.97   11.62   14.62    7.31    3.97   18.60     411
   11.62   12.34   12.37    6.68    6.27   18.64     411
   12.34   13.26   15.75    6.01    3.03   18.78     411
   13.26   16.95   13.94    4.98    5.28   19.22     410

Int Range: [20,30]
  LAlpha  UAlpha     ROE    DExp    DAct    Rate     Num
   -4.22    4.10    6.64   20.93   16.51   23.16     281
    4.10    6.27    9.05   17.73   13.95   23.00     281
    6.27    7.47   12.92   16.21   10.18   23.10     281
    7.47    8.54   11.51   14.80   11.31   22.83     281
    8.54    9.53   14.24   13.64    8.41   22.65     280
    9.53   10.52   16.22   12.30    6.09   22.32     281
   10.52   11.49   13.53   11.36    8.84   22.37     281
   11.49   12.66   13.91   10.08    8.24   22.15     281
   12.66   14.13   14.71    8.66    7.32   22.03     281
   14.13   18.86   15.61    7.07    6.80   22.41     280


MinAlpha	ROE	Count
-5	10.53	30626
-4	10.53	30624
-3	10.53	30624
-2	10.53	30622
-1	10.54	30610
0	10.54	30592
1	10.55	30548
2	10.55	30477
3	10.57	30349
4	10.61	30060
5	10.68	29328
6	10.86	27610
7	11.17	24593
8	11.65	20774
9	12.11	16330
10	12.53	11448
11	13.07	6572
12	13.71	2942
13	14.44	1180
14	15.47	524
15	14.75	222

Forest Importance
('pub_rec', 0.00027748783706207252)
('delinq_2yrs', 0.0021537085647164501)
('term', 0.0034297867953577269)
('mths_since_last_record', 0.0046968871026536038)
('is_inc_v', 0.0077857086451520981)
('loan_amnt', 0.0091778581890749594)
('purpose', 0.010733986434350347)
('even_loan_amnt', 0.014350289252624554)
('home_ownership', 0.014424452481702052)
('inq_last_6mths', 0.015204090567987947)
('open_acc', 0.027515580015517439)
('fico_range_low', 0.034327318991132602)
('total_acc', 0.034910296389414688)
('mths_since_last_delinq', 0.036347905562424031)
('emp_length', 0.037680567154327632)
('credit_length', 0.0444107909255217)
('int_pymt', 0.0444404262540836)
('dti', 0.049299774290187483)
('revol_util', 0.050673801792013556)
('revol_bal', 0.052495432773450083)
('installment', 0.059919397589453999)
('sub_grade', 0.064608642913357023)
('revol_bal-loan', 0.067554738193431635)
('annual_inc', 0.082231298246525281)
('int_rate', 0.2313497730384774)


Forest Parameters
oob_score: False
n_jobs: 8
verbose: 0
min_density: None
compute_importances: None
max_leaf_nodes: None
bootstrap: True
min_samples_leaf: 100
n_estimators: 400
min_samples_split: 2
random_state: None
criterion: mse
max_features: auto
max_depth: None
