OOS Cutoff = 2014-01-01 00:00:00
Int Range: [0,7]
  LAlpha  UAlpha     ROE    DExp    DAct    Rate     Num
    0.72    4.00    2.90    2.90    3.37    6.27      93
    4.00    4.42    5.34    2.02    0.93    6.27      92
    4.42    4.70    5.37    1.72    0.92    6.29      93
    4.70    4.96    6.29    1.44    0.00    6.29      92
    4.96    5.13    6.31    1.26    0.00    6.31      92
    5.13    5.29    6.31    1.11    0.00    6.31      93
    5.29    5.46    6.44    1.06    0.00    6.44      92
    5.46    5.63    5.11    0.85    1.27    6.39      93
    5.63    5.83    6.52    0.79    0.00    6.52      92
    5.83    6.40    5.37    0.57    1.24    6.61      92

Int Range: [7,10]
  LAlpha  UAlpha     ROE    DExp    DAct    Rate     Num
    2.13    5.59    6.61    3.17    1.52    8.13     518
    5.59    6.06    6.58    2.26    1.52    8.09     518
    6.06    6.38    7.30    2.00    0.93    8.23     518
    6.38    6.68    7.27    1.72    0.99    8.26     518
    6.68    6.93    7.48    1.59    0.92    8.40     518
    6.93    7.19    6.77    1.49    1.79    8.55     518
    7.19    7.50    8.13    1.49    0.71    8.84     518
    7.50    7.88    7.25    1.51    1.94    9.19     518
    7.88    8.27    7.73    1.25    1.60    9.33     518
    8.27    9.41    7.70    0.95    1.87    9.57     517

Int Range: [10,12]
  LAlpha  UAlpha     ROE    DExp    DAct    Rate     Num
    3.27    7.16    8.24    4.94    3.11   11.35     369
    7.16    7.92    9.20    3.80    2.18   11.38     369
    7.92    8.41    8.99    3.22    2.40   11.39     369
    8.41    8.75    9.74    2.80    1.65   11.39     369
    8.75    9.03   10.09    2.53    1.34   11.43     368
    9.03    9.35   10.15    2.26    1.31   11.46     369
    9.35    9.65   10.45    2.08    1.12   11.57     369
    9.65    9.99   10.02    1.77    1.56   11.59     369
    9.99   10.40    9.90    1.62    1.91   11.81     369
   10.40   11.57   11.33    1.22    0.64   11.97     368

Int Range: [12,13.5]
  LAlpha  UAlpha     ROE    DExp    DAct    Rate     Num
    3.92    7.70    8.13    6.09    4.72   12.85     238
    7.70    8.51   10.62    4.65    2.19   12.81     237
    8.51    8.99   10.36    4.06    2.45   12.81     237
    8.99    9.40    9.66    3.61    3.16   12.82     237
    9.40    9.77    9.10    3.21    3.71   12.81     237
    9.77   10.11   11.58    2.87    1.23   12.81     238
   10.11   10.41   10.28    2.55    2.53   12.81     237
   10.41   10.69   11.61    2.27    1.20   12.81     237
   10.69   11.06   11.69    1.94    1.12   12.81     237
   11.06   12.33   10.90    1.42    1.92   12.82     237

Int Range: [13.5,15]
  LAlpha  UAlpha     ROE    DExp    DAct    Rate     Num
    0.22    7.42   10.24    7.96    3.97   14.21     683
    7.42    8.51   10.56    6.20    3.66   14.22     682
    8.51    9.20   11.12    5.34    3.09   14.21     682
    9.20    9.73   10.58    4.73    3.63   14.21     682
    9.73   10.18   10.99    4.22    3.19   14.18     682
   10.18   10.58   11.43    3.75    2.70   14.13     683
   10.58   10.96   11.00    3.41    3.18   14.18     682
   10.96   11.35   11.17    3.10    3.08   14.25     682
   11.35   11.84   12.84    2.72    1.47   14.30     682
   11.84   13.60   11.82    2.15    2.64   14.46     682

Int Range: [15,17]
  LAlpha  UAlpha     ROE    DExp    DAct    Rate     Num
   -1.21    6.40    9.02   11.13    7.17   16.19     472
    6.40    7.55   11.63    9.16    4.57   16.20     472
    7.55    8.38   13.19    8.16    2.97   16.16     471
    8.38    9.05   10.34    7.39    5.77   16.11     472
    9.05    9.62   10.92    6.74    5.17   16.09     471
    9.62   10.10   13.13    6.23    2.95   16.08     472
   10.10   10.62   13.48    5.71    2.59   16.07     472
   10.62   11.19   11.09    5.18    5.00   16.09     471
   11.19   11.95   13.85    4.53    2.23   16.08     472
   11.95   14.53   12.77    3.55    3.37   16.14     471

Int Range: [17,20]
  LAlpha  UAlpha     ROE    DExp    DAct    Rate     Num
   -0.39    6.09    9.21   13.93    9.24   18.44     411
    6.09    7.45   10.12   11.55    8.25   18.37     411
    7.45    8.46    8.83   10.51    9.66   18.49     411
    8.46    9.28   13.55    9.54    4.88   18.43     411
    9.28    9.96   11.18    8.78    7.20   18.38     411
    9.96   10.63   14.53    8.24    4.02   18.55     411
   10.63   11.34   13.64    7.62    4.97   18.62     411
   11.34   12.08   12.63    6.87    5.97   18.60     411
   12.08   13.10   14.27    6.21    4.50   18.77     411
   13.10   17.64   13.82    4.99    5.31   19.13     410

Int Range: [20,30]
  LAlpha  UAlpha     ROE    DExp    DAct    Rate     Num
   -8.39    4.07    2.52   21.50   20.48   23.01     281
    4.07    5.97   11.52   17.88   11.49   23.00     281
    5.97    7.24    9.87   16.19   12.97   22.84     281
    7.24    8.38   15.35   15.03    7.50   22.85     281
    8.38    9.37   15.58   13.67    6.95   22.52     280
    9.37   10.31   15.65   12.80    6.96   22.62     281
   10.31   11.34   12.77   11.48    9.51   22.28     281
   11.34   12.44   13.68   10.40    8.58   22.27     281
   12.44   13.88   14.66    9.01    7.49   22.15     281
   13.88   18.68   16.76    7.30    5.73   22.49     280


MinAlpha	ROE	Count
-5	10.54	30619
-4	10.54	30615
-3	10.54	30608
-2	10.54	30598
-1	10.54	30586
0	10.55	30568
1	10.56	30515
2	10.59	30424
3	10.62	30292
4	10.65	30016
5	10.74	29156
6	10.96	27139
7	11.31	23921
8	11.65	20083
9	12.05	15563
10	12.44	10697
11	13.05	5772
12	13.65	2522
13	14.54	1020
14	16.32	452
15	16.21	212

Forest Importance
('pub_rec', 0.0002979172847350498)
('delinq_2yrs', 0.001875504328728521)
('term', 0.0020305244098521931)
('mths_since_last_record', 0.0026581974871466786)
('is_inc_v', 0.0043869115170136284)
('loan_amnt', 0.0049846504769016347)
('even_loan_amnt', 0.0078126794639828429)
('home_ownership', 0.0092724083917945926)
('purpose', 0.0098274910627463904)
('inq_last_6mths', 0.013317845948788402)
('open_acc', 0.015936939675824269)
('mths_since_last_delinq', 0.021654955597126962)
('fico_range_low', 0.022062783417477187)
('total_acc', 0.023049523309391709)
('installment', 0.02596098433634364)
('int_pymt', 0.026017503536976308)
('emp_length', 0.026518471824072961)
('credit_length', 0.03232609998779671)
('revol_util', 0.032985311940317896)
('revol_bal', 0.033451414671259387)
('annual_inc', 0.033622079120018883)
('urate', 0.033667224182412199)
('dti', 0.033695224116347677)
('med_inc', 0.03676025163513244)
('pct_med_inc', 0.037808107631309651)
('avg_urate', 0.04005672598203204)
('urate_chg', 0.041226847047990331)
('urate_range', 0.042151209804014697)
('revol_bal-loan', 0.042944947111107086)
('sub_grade', 0.063877513135389113)
('pymt_pct_inc', 0.073778201547791189)
('int_rate', 0.20398355001817783)


Forest Parameters
oob_score: False
n_jobs: 8
verbose: 0
min_density: None
compute_importances: None
max_leaf_nodes: None
bootstrap: True
min_samples_leaf: 100
n_estimators: 400
min_samples_split: 2
random_state: None
criterion: mse
max_features: auto
max_depth: None
