OOS Cutoff = 2014-03-01 00:00:00
Int Range: [0,7]
  LAlpha  UAlpha     ROE    DExp    DAct    Rate     Num
    1.20    3.98    4.20    2.96    2.15    6.35      53
    3.98    4.51    6.31    2.07    0.00    6.31      52
    4.51    4.85    6.26    1.60    0.00    6.26      53
    4.85    5.09    6.31    1.36    0.00    6.31      52
    5.09    5.30    6.31    1.12    0.00    6.31      52
    5.30    5.45    6.30    0.93    0.00    6.30      53
    5.45    5.60    6.39    0.87    0.00    6.39      52
    5.60    5.78    6.44    0.74    0.00    6.44      53
    5.78    6.03    6.59    0.69    0.00    6.59      52
    6.03    6.44    6.62    0.41    0.00    6.62      52

Int Range: [7,10]
  LAlpha  UAlpha     ROE    DExp    DAct    Rate     Num
    1.05    5.49    5.66    3.55    2.63    8.29     302
    5.49    6.07    6.76    2.46    1.51    8.27     302
    6.07    6.41    6.04    2.05    2.26    8.30     302
    6.41    6.70    7.66    1.76    0.66    8.32     301
    6.70    6.95    7.74    1.58    0.66    8.41     302
    6.95    7.19    7.41    1.36    1.02    8.43     302
    7.19    7.46    8.16    1.39    0.55    8.71     301
    7.46    7.86    8.31    1.52    0.87    9.18     302
    7.86    8.28    7.75    1.22    1.53    9.29     302
    8.28    9.45    9.16    0.93    0.38    9.54     301

Int Range: [10,12]
  LAlpha  UAlpha     ROE    DExp    DAct    Rate     Num
    3.50    7.34    8.99    4.85    2.31   11.30     200
    7.34    8.07    9.05    3.60    2.27   11.32     200
    8.07    8.55    9.81    2.99    1.50   11.31     200
    8.55    8.95    8.39    2.64    2.99   11.38     200
    8.95    9.25    9.87    2.32    1.56   11.42     200
    9.25    9.52    9.25    2.15    2.28   11.54     200
    9.52    9.80    9.44    1.90    2.13   11.56     200
    9.80   10.10    9.15    1.67    2.46   11.61     200
   10.10   10.53   10.53    1.49    1.27   11.80     200
   10.53   11.45    9.27    1.12    2.70   11.96     200

Int Range: [12,13.5]
  LAlpha  UAlpha     ROE    DExp    DAct    Rate     Num
    0.75    7.28    8.66    6.68    4.25   12.91     236
    7.28    8.03    9.15    5.17    3.69   12.84     235
    8.03    8.63    9.65    4.48    3.17   12.83     236
    8.63    9.10    9.35    3.91    3.42   12.78     235
    9.10    9.48   10.12    3.46    2.65   12.76     236
    9.48    9.83   11.50    3.08    1.23   12.74     235
    9.83   10.19    8.11    2.68    4.59   12.70     236
   10.19   10.56   11.57    2.32    1.12   12.69     235
   10.56   10.96   11.03    1.93    1.65   12.68     236
   10.96   12.13   11.31    1.32    1.31   12.62     235

Int Range: [13.5,15]
  LAlpha  UAlpha     ROE    DExp    DAct    Rate     Num
   -0.24    6.66    9.62    8.65    4.56   14.19     324
    6.66    7.70   10.27    6.98    3.89   14.16     324
    7.70    8.38    9.34    6.07    4.80   14.14     324
    8.38    8.95    9.61    5.46    4.52   14.13     324
    8.95    9.47    8.39    4.97    5.77   14.16     323
    9.47    9.90   10.13    4.48    4.03   14.16     324
    9.90   10.38   10.23    4.06    3.95   14.18     324
   10.38   10.84   12.45    3.56    1.70   14.15     324
   10.84   11.44   11.24    3.04    2.93   14.17     324
   11.44   13.13   10.70    2.34    3.56   14.27     323

Int Range: [15,17]
  LAlpha  UAlpha     ROE    DExp    DAct    Rate     Num
   -2.43    6.30    7.10   11.36    8.95   16.05     305
    6.30    7.70    8.75    8.84    7.16   15.91     305
    7.70    8.55    8.78    7.71    7.07   15.84     305
    8.55    9.25   13.10    6.86    2.67   15.77     305
    9.25    9.85   10.21    6.19    5.51   15.73     305
    9.85   10.32   11.46    5.65    4.28   15.73     305
   10.32   10.85   11.16    5.11    4.54   15.70     305
   10.85   11.44   12.11    4.53    3.57   15.68     305
   11.44   12.07   12.90    4.02    2.86   15.75     305
   12.07   14.49   13.06    3.11    2.77   15.83     304

Int Range: [17,20]
  LAlpha  UAlpha     ROE    DExp    DAct    Rate     Num
   -5.81    4.25    6.77   16.67   11.86   18.63     311
    4.25    6.11    9.58   13.41    9.07   18.65     310
    6.11    7.37    9.59   11.88    9.04   18.64     310
    7.37    8.43   13.11   10.70    5.50   18.61     310
    8.43    9.39   11.05    9.70    7.57   18.62     310
    9.39   10.26   12.57    8.84    6.09   18.66     310
   10.26   11.01   13.00    7.99    5.61   18.61     310
   11.01   11.82   12.81    7.34    5.94   18.74     310
   11.82   12.80   14.36    6.48    4.43   18.79     310
   12.80   16.55   15.55    5.24    3.46   19.01     310

Int Range: [20,30]
  LAlpha  UAlpha     ROE    DExp    DAct    Rate     Num
  -13.76    0.90    2.88   26.02   20.42   23.30     177
    0.90    4.01    2.27   20.37   20.66   22.94     177
    4.01    6.08   12.45   17.37   10.04   22.49     177
    6.08    7.61   10.26   15.62   12.20   22.46     176
    7.61    8.80   14.29   14.02    7.97   22.25     177
    8.80    9.87   14.44   12.75    7.62   22.06     177
    9.87   11.00    6.65   11.72   15.44   22.09     176
   11.00   12.16   12.37   10.56    9.73   22.10     177
   12.16   13.52   11.49    9.36   10.66   22.15     177
   13.52   18.88   17.24    7.76    5.25   22.49     176


MinAlpha	ROE	Count
-5	9.97	19021
-4	9.98	19002
-3	9.99	18992
-2	10.02	18955
-1	10.05	18914
0	10.07	18868
1	10.07	18782
2	10.08	18676
3	10.11	18515
4	10.21	18205
5	10.29	17594
6	10.46	16331
7	10.78	14278
8	11.10	11828
9	11.43	9044
10	11.99	5950
11	12.77	3128
12	14.23	1400
13	15.31	588
14	16.51	223
15	15.85	93

Forest Importance
('pub_rec', 0.00025921407783929714)
('term', 0.0021305962984277016)
('delinq_2yrs', 0.0022118564748228832)
('mths_since_last_record', 0.0031588412294737953)
('loan_amnt', 0.0035383219967304513)
('is_inc_v', 0.0035698265895515234)
('even_loan_amnt', 0.0039874149094794361)
('purpose', 0.0043327941548162311)
('home_ownership', 0.010552073580620243)
('inq_last_6mths', 0.011400173642095238)
('open_acc', 0.012273467425022009)
('fico_range_low', 0.017065541563626548)
('total_acc', 0.01869631705262103)
('mths_since_last_delinq', 0.018709812132558231)
('int_pymt', 0.020605228225566641)
('tok4_capitalization_log_odds', 0.023209736977014613)
('revol_bal', 0.023559692247154068)
('zip_code', 0.023822292216426569)
('urate', 0.024654712876262933)
('installment', 0.024752684145576707)
('dti', 0.025799661489373044)
('emp_length', 0.026586932309441001)
('revol_util', 0.027867185847944165)
('annual_inc', 0.02897673850578121)
('avg_urate', 0.029389147613847019)
('sub_grade', 0.029584950843316887)
('urate_chg', 0.029831163636536172)
('med_inc', 0.030597018382815953)
('credit_length', 0.030633339410893235)
('revol_bal_pct_inc', 0.03076717418494046)
('urate_range', 0.030878515257241265)
('revol_bal-loan', 0.031679942893144082)
('pct_med_inc', 0.032203337694000349)
('hpa4', 0.033329492092996522)
('pymt_pct_inc', 0.047768787597333162)
('tok4_clean_title_log_odds', 0.058467068985550513)
('int_rate', 0.223148945439159)


Forest Parameters
oob_score: False
n_jobs: 8
verbose: 0
min_density: None
compute_importances: None
max_leaf_nodes: None
bootstrap: True
min_samples_leaf: 100
n_estimators: 400
min_samples_split: 2
random_state: None
criterion: mse
max_features: auto
max_depth: None
