OOS Cutoff = 2014-05-01 00:00:00
Int Range: [0,7]
  LAlpha  UAlpha     ROE    DExp    DAct    Rate     Num
    0.81    3.78    6.02    3.15    0.18    6.19     147
    3.78    4.46    3.90    2.07    2.33    6.23     147
    4.46    4.81    6.22    1.57    0.00    6.22     147
    4.81    5.07    5.41    1.21    0.76    6.17     147
    5.07    5.26    6.21    1.04    0.00    6.21     147
    5.26    5.43    6.19    0.85    0.00    6.19     147
    5.43    5.59    5.40    0.66    0.78    6.18     147
    5.59    5.75    5.66    0.58    0.58    6.24     147
    5.75    5.95    5.77    0.52    0.58    6.35     147
    5.95    6.44    6.52    0.39    0.00    6.52     146

Int Range: [7,10]
  LAlpha  UAlpha     ROE    DExp    DAct    Rate     Num
    1.62    5.08    5.82    3.78    2.22    8.04     489
    5.08    5.77    5.61    2.61    2.47    8.08     489
    5.77    6.17    7.27    2.13    0.83    8.10     488
    6.17    6.49    6.56    1.78    1.55    8.12     489
    6.49    6.77    6.93    1.51    1.21    8.15     488
    6.77    7.04    6.32    1.32    1.90    8.23     489
    7.04    7.30    7.07    1.20    1.30    8.37     489
    7.30    7.61    7.68    1.15    0.92    8.60     488
    7.61    8.00    7.00    1.06    1.85    8.85     489
    8.00    9.19    7.89    0.82    1.25    9.15     488

Int Range: [10,12]
  LAlpha  UAlpha     ROE    DExp    DAct    Rate     Num
    1.49    6.22    7.32    5.72    3.54   10.85     543
    6.22    7.15    8.11    4.11    2.74   10.84     543
    7.15    7.65    9.19    3.47    1.68   10.88     543
    7.65    8.07    8.01    2.98    2.84   10.85     542
    8.07    8.43    7.96    2.70    2.99   10.95     543
    8.43    8.78    7.73    2.39    3.27   11.00     543
    8.78    9.12    9.29    2.09    1.75   11.05     542
    9.12    9.49    8.73    1.86    2.44   11.17     543
    9.49    9.96    8.87    1.63    2.46   11.34     543
    9.96   11.40    9.62    1.21    1.98   11.59     542

Int Range: [12,13.5]
  LAlpha  UAlpha     ROE    DExp    DAct    Rate     Num
   -3.36    5.81    5.86    8.57    7.11   12.97     588
    5.81    6.89    8.16    6.51    4.77   12.94     588
    6.89    7.59    8.00    5.68    4.93   12.93     587
    7.59    8.14    8.61    5.04    4.31   12.92     588
    8.14    8.67    9.38    4.52    3.55   12.93     587
    8.67    9.12    8.77    4.00    4.12   12.89     588
    9.12    9.55    9.64    3.57    3.26   12.90     588
    9.55   10.02    9.98    3.12    2.92   12.90     587
   10.02   10.57   11.32    2.64    1.61   12.93     588
   10.57   12.39    9.93    1.94    3.07   13.01     587

Int Range: [13.5,15]
  LAlpha  UAlpha     ROE    DExp    DAct    Rate     Num
   -2.85    5.68    6.40   10.15    8.00   14.41     615
    5.68    6.79    5.83    8.11    8.55   14.39     614
    6.79    7.61    8.03    7.21    6.40   14.44     614
    7.61    8.26    8.55    6.46    5.85   14.40     614
    8.26    8.84    9.21    5.82    5.16   14.37     614
    8.84    9.41   10.91    5.27    3.50   14.41     614
    9.41    9.99    9.57    4.76    4.87   14.45     614
    9.99   10.58   10.65    4.12    3.76   14.41     614
   10.58   11.32   10.04    3.47    4.37   14.41     614
   11.32   13.84   11.45    2.52    3.10   14.55     614

Int Range: [15,17]
  LAlpha  UAlpha     ROE    DExp    DAct    Rate     Num
   -6.67    4.42    7.34   13.88    9.00   16.35     507
    4.42    5.99    7.15   10.96    9.07   16.22     507
    5.99    7.08   10.49    9.56    5.65   16.14     507
    7.08    7.88    7.37    8.70    8.81   16.18     506
    7.88    8.58    9.94    7.85    6.14   16.09     507
    8.58    9.27   10.00    7.20    6.12   16.11     507
    9.27    9.95    8.76    6.50    7.33   16.09     506
    9.95   10.68   10.04    5.77    6.02   16.06     507
   10.68   11.62    9.61    4.98    6.50   16.10     507
   11.62   14.26   12.38    3.70    3.72   16.10     506

Int Range: [17,20]
  LAlpha  UAlpha     ROE    DExp    DAct    Rate     Num
   -9.99    2.98    3.59   18.01   14.89   18.48     459
    2.98    5.04    3.67   14.36   14.81   18.48     458
    5.04    6.42    5.69   12.71   12.79   18.48     459
    6.42    7.52    6.15   11.40   12.22   18.37     458
    7.52    8.46    8.26   10.48   10.21   18.47     459
    8.46    9.35    9.35    9.57    9.11   18.45     458
    9.35   10.23    9.93    8.61    8.46   18.39     459
   10.23   11.12    9.80    7.83    8.70   18.50     458
   11.12   12.28   11.21    6.85    7.31   18.52     459
   12.28   15.91   13.11    5.51    5.62   18.73     458

Int Range: [20,30]
  LAlpha  UAlpha     ROE    DExp    DAct    Rate     Num
  -11.81   -0.58    0.61   26.69   22.73   23.34     280
   -0.58    2.04   -1.88   21.88   24.63   22.74     280
    2.04    3.86    1.53   19.55   20.96   22.50     280
    3.86    5.39   -0.12   17.53   22.30   22.18     279
    5.39    6.67    9.91   16.19   12.33   22.24     280
    6.67    8.11    8.38   14.85   13.85   22.23     280
    8.11    9.29    8.21   13.47   13.95   22.16     279
    9.29   10.74   11.39   12.34   10.93   22.32     280
   10.74   12.66    9.51   10.73   12.88   22.39     280
   12.66   20.60   11.19    8.80   11.88   23.06     279


MinAlpha	ROE	Count
-5	8.21	36172
-4	8.21	36133
-3	8.24	36083
-2	8.25	35999
-1	8.27	35885
0	8.32	35708
1	8.36	35495
2	8.41	35126
3	8.46	34549
4	8.60	33571
5	8.74	31749
6	9.07	28327
7	9.41	23774
8	9.82	18098
9	10.31	12364
10	10.67	7200
11	11.35	3499
12	12.72	1565
13	11.99	602
14	10.70	218
15	10.95	76

Forest Importance
('pub_rec', 0.00028227343560752752)
('delinq_2yrs', 0.0010034622039196994)
('term', 0.0023991151214107238)
('verification_status', 0.0038020356378001587)
('mths_since_last_record', 0.004218348735028965)
('loan_amnt', 0.0047319090858682997)
('even_loan_amnt', 0.0049889799546671476)
('purpose', 0.0050138030483371085)
('home_ownership', 0.010516696701480805)
('inq_last_6mths', 0.013748166538896371)
('open_acc', 0.013882608833436111)
('total_acc', 0.023064314604370199)
('int_pymt', 0.023824900952913529)
('mths_since_last_delinq', 0.024433977021862691)
('installment', 0.025619058085922148)
('tok4_capitalization_log_odds', 0.026144671253994476)
('emp_length', 0.027144557409046435)
('revol_bal', 0.029294085252000793)
('dti', 0.029941540798801961)
('urate', 0.033905064311580614)
('credit_length', 0.034573548992880947)
('revol_util', 0.03481957664763808)
('clean_title_rank', 0.035221067849299167)
('avg_urate', 0.035669193620481605)
('revol_bal-loan', 0.035863127582825526)
('annual_inc', 0.0361621092062532)
('revol_bal_pct_inc', 0.036725396292454152)
('pct_med_inc', 0.040795441954961514)
('urate_chg', 0.04165523670565148)
('tok4_clean_title_log_odds', 0.050697294679913699)
('pymt_pct_inc', 0.061811636431664312)
('sub_grade', 0.074168017350961166)
('int_rate', 0.17387878369806933)


Forest Parameters
oob_score: False
n_jobs: 8
verbose: 0
min_density: None
compute_importances: None
max_leaf_nodes: None
bootstrap: True
min_samples_leaf: 100
n_estimators: 400
min_samples_split: 2
random_state: None
criterion: mse
max_features: auto
max_depth: None
