OOS Cutoff = 2014-02-01 00:00:00
Int Range: [0,7]
  LAlpha  UAlpha     ROE    DExp    DAct    Rate     Num
   -0.95    3.35    6.35    4.07    0.00    6.35      46
    3.35    3.92    6.31    2.67    0.00    6.31      46
    3.92    4.31    3.84    2.15    2.43    6.27      46
    4.31    4.67    4.33    1.71    1.90    6.23      45
    4.67    4.93    6.30    1.50    0.00    6.30      46
    4.93    5.13    6.24    1.21    0.00    6.24      46
    5.13    5.38    6.36    1.12    0.00    6.36      45
    5.38    5.55    6.39    0.91    0.00    6.39      46
    5.55    5.85    6.44    0.75    0.00    6.44      46
    5.85    6.40    6.62    0.57    0.00    6.62      45

Int Range: [7,10]
  LAlpha  UAlpha     ROE    DExp    DAct    Rate     Num
    0.62    4.95    5.78    4.19    2.46    8.24     247
    4.95    5.70    6.02    2.96    2.32    8.34     246
    5.70    6.12    7.98    2.33    0.27    8.25     246
    6.12    6.45    5.84    1.97    2.41    8.25     247
    6.45    6.79    7.02    1.78    1.38    8.40     246
    6.79    7.08    7.59    1.58    0.93    8.51     246
    7.08    7.42    7.28    1.48    1.46    8.73     247
    7.42    7.76    7.87    1.43    1.15    9.02     246
    7.76    8.23    7.82    1.38    1.54    9.36     246
    8.23    9.39    8.75    0.86    0.73    9.48     246

Int Range: [10,12]
  LAlpha  UAlpha     ROE    DExp    DAct    Rate     Num
    2.41    6.94    7.77    5.45    3.61   11.38     176
    6.94    7.83    9.69    4.00    1.72   11.42     176
    7.83    8.35    9.68    3.36    1.77   11.44     176
    8.35    8.76    8.72    2.84    2.68   11.40     176
    8.76    9.11    8.35    2.51    3.09   11.44     175
    9.11    9.49    9.41    2.20    2.08   11.48     176
    9.49    9.78   10.25    1.90    1.28   11.54     176
    9.78   10.13    9.34    1.69    2.30   11.64     176
   10.13   10.56   10.72    1.36    0.97   11.69     176
   10.56   11.83   11.12    0.95    0.80   11.92     175

Int Range: [12,13.5]
  LAlpha  UAlpha     ROE    DExp    DAct    Rate     Num
    2.50    7.50    8.36    6.29    4.44   12.80     135
    7.50    8.46    9.33    4.83    3.49   12.81     135
    8.46    9.07    8.13    3.98    4.63   12.76     135
    9.07    9.49   10.43    3.50    2.34   12.77     134
    9.49    9.89    8.15    3.09    4.64   12.79     135
    9.89   10.27    9.69    2.69    3.07   12.76     135
   10.27   10.61   11.26    2.32    1.49   12.75     134
   10.61   10.97    9.56    2.00    3.23   12.80     135
   10.97   11.39   12.15    1.61    0.63   12.79     135
   11.39   12.63   12.23    1.08    0.64   12.87     134

Int Range: [13.5,15]
  LAlpha  UAlpha     ROE    DExp    DAct    Rate     Num
   -3.81    6.64    7.54    9.08    6.72   14.27     305
    6.64    7.70    9.95    6.99    4.28   14.22     304
    7.70    8.47    9.69    6.06    4.48   14.16     304
    8.47    9.05   11.18    5.40    2.99   14.16     305
    9.05    9.65   10.07    4.78    4.07   14.14     304
    9.65   10.15   12.25    4.21    1.86   14.11     304
   10.15   10.60   11.41    3.83    2.79   14.20     305
   10.60   11.13   12.35    3.31    1.81   14.17     304
   11.13   11.79   12.14    2.80    2.09   14.23     304
   11.79   14.45   14.11    2.02    0.28   14.39     304

Int Range: [15,17]
  LAlpha  UAlpha     ROE    DExp    DAct    Rate     Num
   -2.85    5.62    7.14   12.52    9.14   16.29     234
    5.62    7.03   10.94    9.73    5.17   16.11     234
    7.03    8.02   10.28    8.49    5.75   16.03     234
    8.02    8.91   12.50    7.46    3.46   15.96     234
    8.91    9.57    9.73    6.64    6.15   15.88     234
    9.57   10.18   12.96    6.04    2.98   15.94     234
   10.18   10.90   14.38    5.35    1.50   15.88     234
   10.90   11.52   14.39    4.77    1.58   15.98     234
   11.52   12.37   14.21    4.04    1.76   15.96     234
   12.37   14.60   12.49    2.98    3.51   16.00     234

Int Range: [17,20]
  LAlpha  UAlpha     ROE    DExp    DAct    Rate     Num
   -6.07    4.07    7.74   16.70   10.63   18.37     219
    4.07    5.93    7.77   13.43   10.78   18.55     219
    5.93    7.43    8.80   11.75    9.66   18.46     219
    7.43    8.70   13.78   10.41    4.70   18.47     218
    8.70    9.66   11.80    9.34    6.75   18.55     219
    9.66   10.53   11.70    8.42    6.83   18.53     219
   10.53   11.44   14.54    7.48    3.97   18.51     218
   11.44   12.34   13.48    6.74    5.15   18.63     219
   12.34   13.41   12.93    5.79    5.72   18.65     219
   13.41   17.48   13.73    4.76    5.29   19.02     218

Int Range: [20,30]
  LAlpha  UAlpha     ROE    DExp    DAct    Rate     Num
  -12.56    1.30   -1.33   25.38   24.86   23.53     141
    1.30    4.19    4.00   20.05   18.90   22.90     140
    4.19    6.01   15.55   17.61    7.18   22.73     141
    6.01    7.71   11.72   15.70   10.85   22.57     140
    7.71    9.14    9.56   13.81   12.69   22.25     141
    9.14   10.50   14.26   12.44    8.01   22.27     140
   10.50   11.73   14.85   11.19    7.43   22.28     141
   11.73   13.03   10.19    9.60   11.80   21.99     140
   13.03   14.44   13.56    8.74    8.83   22.39     141
   14.44   20.19   16.33    6.66    6.20   22.53     140


MinAlpha	ROE	Count
-5	10.20	14989
-4	10.20	14983
-3	10.23	14964
-2	10.26	14933
-1	10.26	14902
0	10.29	14852
1	10.34	14784
2	10.36	14666
3	10.42	14489
4	10.47	14180
5	10.71	13545
6	10.86	12455
7	11.33	10946
8	11.68	9058
9	12.09	7136
10	12.75	4992
11	13.25	2958
12	13.39	1496
13	13.87	718
14	15.95	316
15	15.68	139

Forest Importance
('pub_rec', 0.00026652783891637063)
('delinq_2yrs', 0.0015864461357527385)
('term', 0.0018151292570694659)
('mths_since_last_record', 0.0021529022241081395)
('is_inc_v', 0.0025901403425931473)
('even_loan_amnt', 0.0034219128186400226)
('loan_amnt', 0.0037343412503646175)
('purpose', 0.0047094313451040209)
('mod_rate', 0.005938554766404737)
('home_ownership', 0.0087503469595166996)
('inq_last_6mths', 0.0088270682938890038)
('open_acc', 0.010875519720135958)
('mths_since_last_delinq', 0.014437129704006407)
('total_acc', 0.014758225874755546)
('fico_range_low', 0.015083719607381522)
('clean_title_rank', 0.016734671624177709)
('int_pymt', 0.017287330643342293)
('installment', 0.017986229607541707)
('emp_title_rank', 0.018091046275553493)
('tok4_capitalization_log_odds', 0.018284163019465303)
('annual_inc', 0.018982542732946056)
('revol_bal', 0.019883159713192003)
('zip_code', 0.019990250480524573)
('dti', 0.02217376913866358)
('pct_med_inc', 0.022630923176329771)
('emp_length', 0.022933168374051474)
('short_title_rank', 0.023296946881033204)
('revol_util', 0.023766994100003914)
('urate', 0.024068566262333634)
('credit_length', 0.024406525828425264)
('med_inc', 0.025008284145458602)
('urate_chg', 0.0276603599562051)
('avg_urate', 0.027906766243267742)
('revol_bal-loan', 0.028198773792239208)
('hpa4', 0.028925163680318833)
('urate_range', 0.031145399596781198)
('revol_bal_pct_inc', 0.032031873154503399)
('pymt_pct_inc', 0.052609118008246095)
('sub_grade', 0.072526514388929111)
('tok4_clean_title_log_odds', 0.097437565433654325)
('int_rate', 0.16708649760417416)


Forest Parameters
oob_score: False
n_jobs: 8
verbose: 0
min_density: None
compute_importances: None
max_leaf_nodes: None
bootstrap: True
min_samples_leaf: 100
n_estimators: 400
min_samples_split: 2
random_state: None
criterion: mse
max_features: auto
max_depth: None
