OOS Cutoff = 2014-06-01 00:00:00
Int Range: [0,7]
  LAlpha  UAlpha     ROE    DExp    DAct    Rate     Num
   -7.65    3.88    4.69    3.24    1.62    6.31     393
    3.88    4.46    4.51    2.12    1.82    6.33     392
    4.46    4.79    5.54    1.62    0.72    6.26     393
    4.79    5.01    5.68    1.36    0.58    6.26     392
    5.01    5.19    4.80    1.18    1.47    6.27     393
    5.19    5.36    5.98    0.99    0.29    6.27     392
    5.36    5.51    5.58    0.90    0.77    6.34     393
    5.51    5.70    6.19    0.80    0.22    6.40     392
    5.70    5.93    5.52    0.72    1.02    6.53     393
    5.93    6.91    5.36    0.58    1.38    6.74     392

Int Range: [7,10]
  LAlpha  UAlpha     ROE    DExp    DAct    Rate     Num
   -0.80    4.79    6.19    4.03    1.84    8.03    1106
    4.79    5.45    5.91    2.93    2.17    8.08    1106
    5.45    5.86    5.80    2.40    2.26    8.06    1106
    5.86    6.16    6.77    2.01    1.27    8.03    1106
    6.16    6.43    6.19    1.72    1.83    8.02    1106
    6.43    6.68    6.82    1.54    1.28    8.10    1106
    6.68    6.93    6.87    1.47    1.40    8.27    1106
    6.93    7.23    7.06    1.38    1.39    8.45    1106
    7.23    7.61    7.34    1.31    1.38    8.72    1106
    7.61    8.92    7.59    1.10    1.50    9.09    1105

Int Range: [10,12]
  LAlpha  UAlpha     ROE    DExp    DAct    Rate     Num
   -0.63    5.67    7.77    6.58    3.29   11.05    1021
    5.67    6.51    8.20    4.84    2.77   10.97    1020
    6.51    7.07    8.47    4.15    2.48   10.95    1020
    7.07    7.46    7.21    3.74    3.80   11.01    1020
    7.46    7.83    7.94    3.39    3.10   11.03    1020
    7.83    8.18    8.24    3.04    2.80   11.04    1021
    8.18    8.53    8.23    2.71    2.83   11.07    1020
    8.53    8.92    7.88    2.44    3.28   11.16    1020
    8.92    9.43    9.73    2.14    1.57   11.30    1020
    9.43   10.88    8.90    1.67    2.63   11.53    1020

Int Range: [12,13.5]
  LAlpha  UAlpha     ROE    DExp    DAct    Rate     Num
   -4.20    4.86    7.69    9.44    5.25   12.94    1024
    4.86    6.00    6.48    7.40    6.42   12.89    1024
    6.00    6.72    7.07    6.49    5.79   12.87    1024
    6.72    7.32    6.65    5.84    6.23   12.88    1023
    7.32    7.82    8.31    5.30    4.56   12.87    1024
    7.82    8.31    8.16    4.81    4.71   12.87    1024
    8.31    8.80    8.95    4.33    3.92   12.87    1023
    8.80    9.34    9.55    3.80    3.31   12.86    1024
    9.34   10.02   10.15    3.23    2.73   12.88    1024
   10.02   12.33   10.35    2.38    2.63   12.97    1023

Int Range: [13.5,15]
  LAlpha  UAlpha     ROE    DExp    DAct    Rate     Num
   -2.32    4.75    6.92   11.04    7.44   14.36    1033
    4.75    5.96    6.32    8.93    8.03   14.35    1033
    5.96    6.78    4.77    7.96    9.57   14.35    1033
    6.78    7.43    7.51    7.26    6.87   14.38    1033
    7.43    8.07    7.50    6.59    6.85   14.35    1033
    8.07    8.63    6.79    6.03    7.59   14.38    1033
    8.63    9.27    7.84    5.46    6.56   14.41    1033
    9.27    9.97    7.59    4.83    6.84   14.43    1033
    9.97   10.83    8.85    4.06    5.59   14.44    1033
   10.83   13.53   10.70    2.96    3.84   14.54    1032

Int Range: [15,17]
  LAlpha  UAlpha     ROE    DExp    DAct    Rate     Num
   -7.99    3.69    3.58   14.50   12.68   16.26     727
    3.69    5.21    5.84   11.60   10.29   16.13     726
    5.21    6.24    5.34   10.37   10.78   16.12     726
    6.24    7.07    7.14    9.42    8.97   16.11     726
    7.07    7.82    7.67    8.67    8.44   16.11     726
    7.82    8.51    8.33    7.93    7.77   16.10     726
    8.51    9.22    7.75    7.21    8.34   16.09     726
    9.22    9.99    7.91    6.55    8.24   16.15     726
    9.99   10.92    8.68    5.69    7.45   16.13     726
   10.92   14.12   10.70    4.50    5.52   16.21     726

Int Range: [17,20]
  LAlpha  UAlpha     ROE    DExp    DAct    Rate     Num
  -13.28    1.17    0.75   19.92   17.80   18.55     669
    1.17    3.29    3.31   16.15   15.15   18.46     668
    3.29    4.80    5.22   14.37   13.25   18.47     668
    4.80    6.01    6.88   12.91   11.46   18.34     668
    6.01    7.06    4.47   11.87   13.94   18.41     668
    7.06    8.04    5.20   10.78   13.13   18.33     669
    8.04    8.97    6.61    9.80   11.69   18.30     668
    8.97    9.97    8.18    8.87   10.16   18.34     668
    9.97   11.16    9.46    7.86    8.91   18.38     668
   11.16   15.00    7.63    6.21   10.81   18.44     668

Int Range: [20,30]
  LAlpha  UAlpha     ROE    DExp    DAct    Rate     Num
  -13.44   -3.47   -0.59   29.27   23.85   23.26     406
   -3.47   -0.78   -2.08   24.91   24.94   22.85     405
   -0.78    1.37    0.41   22.40   22.30   22.71     405
    1.37    3.15    2.12   20.24   20.40   22.52     406
    3.15    4.61    4.67   18.83   18.07   22.74     405
    4.61    5.86   -3.01   17.26   25.51   22.50     405
    5.86    7.35    4.51   15.76   17.87   22.38     406
    7.35    8.83    4.71   14.17   17.54   22.25     405
    8.83   10.72    7.22   12.74   15.21   22.43     405
   10.72   17.36    7.41   10.44   15.33   22.74     405


MinAlpha	ROE	Count
-5	7.00	63435
-4	7.01	63325
-3	7.03	63142
-2	7.03	62910
-1	7.09	62613
0	7.14	62194
1	7.19	61643
2	7.24	60861
3	7.30	59490
4	7.38	57130
5	7.49	52307
6	7.80	43701
7	8.20	33088
8	8.59	22282
9	9.01	13215
10	9.54	6648
11	9.55	2848
12	9.59	984
13	8.03	278
14	7.35	84
15	17.00	26

Forest Importance
('pub_rec', 0.00030591975103747969)
('delinq_2yrs', 0.00055853487009720974)
('term', 0.0018731620533043033)
('purpose', 0.0040859827673435821)
('loan_amnt', 0.004162652766966461)
('verification_status', 0.0047168149237225201)
('even_loan_amnt', 0.0053808476029277462)
('mths_since_last_record', 0.0054077024623153643)
('mths_since_last_major_derog', 0.0056547264967282606)
('home_ownership', 0.010290492537171387)
('open_acc', 0.012552219864788265)
('inq_last_6mths', 0.014530099047831273)
('int_pymt', 0.019353655614868973)
('mths_since_last_delinq', 0.020856409770322829)
('total_acc', 0.022346160990915829)
('installment', 0.024673966999762383)
('revol_bal', 0.02541326817940465)
('emp_length', 0.026002023187049379)
('tok4_capitalization_log_odds', 0.027527556547144113)
('dti', 0.02808701582278153)
('revol_bal_pct_inc', 0.032600294335921362)
('revol_bal-loan', 0.032973789466944209)
('annual_inc', 0.033792546935530299)
('revol_util', 0.034838070224579229)
('int_pct_inc', 0.035798870164553354)
('clean_title_rank', 0.037199316740706354)
('credit_length', 0.037773758964264832)
('urate', 0.040239916952243757)
('pct_med_inc', 0.041998241677994652)
('pymt_pct_inc', 0.050396327979416435)
('tok4_clean_title_log_odds', 0.057125788887719527)
('sub_grade', 0.12234943270960244)
('int_rate', 0.17913443270404014)


Forest Parameters
oob_score: False
n_jobs: 8
verbose: 0
min_density: None
compute_importances: None
max_leaf_nodes: None
bootstrap: True
min_samples_leaf: 150
n_estimators: 100
min_samples_split: 2
random_state: None
criterion: mse
max_features: auto
max_depth: None
