OOS Cutoff = 2014-02-01 00:00:00
Int Range: [0,7]
  LAlpha  UAlpha     ROE    DExp    DAct    Rate     Num
   -1.59    3.49    5.06    3.72    1.24    6.30     215
    3.49    4.10    3.88    2.44    2.39    6.26     215
    4.10    4.48    5.46    1.96    0.80    6.26     215
    4.48    4.72    5.75    1.66    0.52    6.27     215
    4.72    4.91    6.31    1.49    0.00    6.31     215
    4.91    5.12    5.81    1.33    0.53    6.34     215
    5.12    5.31    6.30    1.08    0.00    6.30     215
    5.31    5.53    5.39    0.90    0.93    6.32     215
    5.53    5.79    5.41    0.80    1.05    6.46     215
    5.79    6.45    6.19    0.56    0.40    6.59     215

Int Range: [7,10]
  LAlpha  UAlpha     ROE    DExp    DAct    Rate     Num
   -0.03    4.99    5.62    4.21    2.66    8.28    1061
    4.99    5.68    6.18    2.80    1.99    8.17    1060
    5.68    6.11    6.50    2.32    1.72    8.22    1061
    6.11    6.45    6.99    2.01    1.30    8.30    1060
    6.45    6.75    7.11    1.73    1.22    8.34    1060
    6.75    7.03    7.12    1.57    1.34    8.46    1061
    7.03    7.34    6.71    1.45    1.92    8.64    1060
    7.34    7.75    7.62    1.47    1.38    9.00    1061
    7.75    8.21    7.24    1.27    2.01    9.25    1060
    8.21    9.50    8.03    0.90    1.45    9.48    1060

Int Range: [10,12]
  LAlpha  UAlpha     ROE    DExp    DAct    Rate     Num
   -0.76    6.51    6.98    5.89    4.22   11.20     823
    6.51    7.47    8.56    4.15    2.62   11.18     822
    7.47    8.03    7.58    3.43    3.61   11.20     822
    8.03    8.43    8.19    2.99    3.04   11.22     823
    8.43    8.78    7.94    2.66    3.33   11.27     822
    8.78    9.12    8.24    2.37    3.09   11.33     822
    9.12    9.44    9.37    2.16    2.07   11.44     823
    9.44    9.82    9.08    1.89    2.42   11.50     822
    9.82   10.27    9.51    1.60    2.13   11.63     822
   10.27   11.70    9.69    1.18    2.19   11.88     822

Int Range: [12,13.5]
  LAlpha  UAlpha     ROE    DExp    DAct    Rate     Num
   -2.69    7.03    6.70    7.17    6.18   12.88     873
    7.03    8.04    7.58    5.25    5.25   12.84     873
    8.04    8.65    6.60    4.48    6.24   12.84     873
    8.65    9.14    9.08    3.91    3.73   12.81     873
    9.14    9.52    8.33    3.46    4.47   12.80     873
    9.52    9.87    9.51    3.10    3.28   12.79     873
    9.87   10.22    9.25    2.73    3.53   12.79     873
   10.22   10.57    9.91    2.39    2.87   12.78     873
   10.57   11.00    9.88    2.00    2.89   12.77     873
   11.00   12.40    9.89    1.46    2.94   12.82     872

Int Range: [13.5,15]
  LAlpha  UAlpha     ROE    DExp    DAct    Rate     Num
   -4.04    5.62    5.59   10.11    8.71   14.30    1265
    5.62    6.88    6.84    7.94    7.41   14.25    1264
    6.88    7.75    7.83    6.90    6.39   14.22    1265
    7.75    8.44    7.55    6.12    6.67   14.21    1264
    8.44    9.01    9.65    5.48    4.56   14.21    1265
    9.01    9.55    8.62    4.93    5.59   14.21    1264
    9.55   10.07    9.86    4.39    4.35   14.20    1265
   10.07   10.65   10.06    3.86    4.15   14.21    1264
   10.65   11.35   10.91    3.24    3.30   14.21    1265
   11.35   13.93   11.17    2.36    3.12   14.29    1264

Int Range: [15,17]
  LAlpha  UAlpha     ROE    DExp    DAct    Rate     Num
   -8.32    4.40    6.13   13.79   10.04   16.17    1096
    4.40    6.04    7.37   10.74    8.66   16.02    1096
    6.04    7.17    6.86    9.31    9.11   15.97    1095
    7.17    8.01    9.24    8.31    6.68   15.92    1096
    8.01    8.74    8.21    7.49    7.67   15.88    1095
    8.74    9.43   10.81    6.75    5.04   15.85    1096
    9.43   10.13   10.93    6.08    4.93   15.86    1096
   10.13   10.81   11.16    5.38    4.67   15.83    1095
   10.81   11.66   11.09    4.57    4.70   15.79    1096
   11.66   14.36   11.97    3.45    3.85   15.82    1095

Int Range: [17,20]
  LAlpha  UAlpha     ROE    DExp    DAct    Rate     Num
  -10.60    2.95    0.81   17.86   17.72   18.53    1038
    2.95    5.15    5.21   14.39   13.30   18.51    1038
    5.15    6.55    6.28   12.59   12.21   18.49    1038
    6.55    7.66    8.59   11.42    9.96   18.55    1038
    7.66    8.65   10.71   10.39    7.85   18.56    1038
    8.65    9.53    8.86    9.49    9.74   18.60    1038
    9.53   10.45    8.68    8.60    9.89   18.57    1038
   10.45   11.40   11.51    7.72    7.13   18.64    1038
   11.40   12.50   11.02    6.85    7.75   18.77    1038
   12.50   17.21   13.33    5.41    5.61   18.94    1038

Int Range: [20,30]
  LAlpha  UAlpha     ROE    DExp    DAct    Rate     Num
  -13.24    0.09   -5.18   26.67   28.63   23.45     622
    0.09    3.04   -4.42   21.31   27.39   22.97     622
    3.04    4.97    7.71   18.69   15.02   22.73     621
    4.97    6.60    7.58   16.71   14.93   22.51     622
    6.60    7.88    7.25   15.05   15.05   22.31     621
    7.88    9.22    6.84   13.66   15.35   22.20     622
    9.22   10.43    7.35   12.36   14.85   22.20     622
   10.43   11.70    8.75   11.02   13.32   22.07     621
   11.70   13.33   10.60    9.49   11.35   21.95     622
   13.33   20.34   12.68    7.74    9.83   22.51     621


MinAlpha	ROE	Count
-5	8.19	69726
-4	8.21	69664
-3	8.24	69557
-2	8.27	69392
-1	8.29	69185
0	8.33	68855
1	8.35	68371
2	8.44	67680
3	8.56	66556
4	8.67	64607
5	8.80	61091
6	9.01	55361
7	9.36	47506
8	9.71	38313
9	10.17	28044
10	10.77	17627
11	11.56	8852
12	12.05	3825
13	13.31	1624
14	13.63	701
15	14.03	296

Forest Importance
('pub_rec', 0.00015116062874234295)
('delinq_2yrs', 0.0007487447777804804)
('term', 0.0021695977011603365)
('mths_since_last_record', 0.0032015269042576398)
('verification_status', 0.0050309341816115747)
('purpose', 0.0059058604263108085)
('even_loan_amnt', 0.006855344635585312)
('loan_amnt', 0.0097568583799429696)
('home_ownership', 0.011627325042522445)
('inq_last_6mths', 0.013009200896001175)
('open_acc', 0.018296640252013451)
('mths_since_last_delinq', 0.023069872220195804)
('total_acc', 0.026727128631121679)
('dti', 0.030362311142832787)
('revol_bal', 0.030500445404363224)
('emp_length', 0.031406890949612534)
('installment', 0.032873786165971683)
('tok4_capitalization_log_odds', 0.033076851308697391)
('revol_util', 0.035337413225952387)
('credit_length', 0.037587666060005812)
('clean_title_rank', 0.038325381402560373)
('annual_inc', 0.03978748455077822)
('pct_med_inc', 0.040581988107499668)
('revol_bal-loan', 0.042099029117326527)
('revol_bal_pct_inc', 0.044894863576822999)
('urate', 0.054415785509501137)
('tok4_clean_title_log_odds', 0.056204227759222493)
('pymt_pct_inc', 0.070114741420585436)
('sub_grade', 0.097987653731877067)
('int_rate', 0.15789328588914425)


Forest Parameters
oob_score: False
n_jobs: 8
verbose: 0
min_density: None
compute_importances: None
max_leaf_nodes: None
bootstrap: True
min_samples_leaf: 100
n_estimators: 400
min_samples_split: 2
random_state: None
criterion: mse
max_features: auto
max_depth: None
