OOS Cutoff = 2014-02-01 00:00:00
Int Range: [0,7]
  LAlpha  UAlpha     ROE    DExp    DAct    Rate     Num
   -0.65    3.72    3.69    3.10    2.56    6.25     215
    3.72    4.21    5.73    2.27    0.53    6.26     215
    4.21    4.52    4.81    1.88    1.45    6.25     215
    4.52    4.71    6.24    1.62    0.00    6.24     215
    4.71    4.91    5.91    1.49    0.40    6.31     215
    4.91    5.10    5.25    1.31    1.06    6.31     215
    5.10    5.27    6.34    1.15    0.00    6.34     215
    5.27    5.47    5.43    0.99    0.92    6.35     215
    5.47    5.72    5.96    0.91    0.53    6.49     215
    5.72    6.35    6.19    0.66    0.40    6.59     215

Int Range: [7,10]
  LAlpha  UAlpha     ROE    DExp    DAct    Rate     Num
    0.67    5.22    5.36    3.81    2.90    8.26    1061
    5.22    5.79    6.36    2.60    1.77    8.13    1060
    5.79    6.19    6.73    2.17    1.44    8.17    1061
    6.19    6.50    7.07    1.90    1.18    8.25    1060
    6.50    6.77    6.94    1.67    1.36    8.30    1060
    6.77    7.04    7.18    1.55    1.27    8.45    1061
    7.04    7.34    6.66    1.55    2.08    8.73    1060
    7.34    7.73    7.04    1.55    2.03    9.07    1061
    7.73    8.17    7.88    1.31    1.37    9.25    1060
    8.17    9.37    7.91    1.00    1.61    9.51    1060

Int Range: [10,12]
  LAlpha  UAlpha     ROE    DExp    DAct    Rate     Num
    0.07    6.61    7.11    5.81    4.10   11.22     823
    6.61    7.48    7.00    4.06    4.17   11.17     822
    7.48    8.00    8.87    3.45    2.35   11.22     822
    8.00    8.37    8.86    3.00    2.33   11.19     823
    8.37    8.70    8.45    2.67    2.76   11.21     822
    8.70    9.01    8.22    2.50    3.15   11.37     822
    9.01    9.34    9.06    2.23    2.35   11.41     823
    9.34    9.68    8.55    2.04    3.00   11.55     822
    9.68   10.13    9.27    1.74    2.36   11.63     822
   10.13   11.56    9.73    1.35    2.16   11.89     822

Int Range: [12,13.5]
  LAlpha  UAlpha     ROE    DExp    DAct    Rate     Num
   -0.63    6.96    7.15    7.18    5.71   12.86     873
    6.96    8.01    6.61    5.30    6.23   12.83     873
    8.01    8.61    7.70    4.50    5.13   12.83     873
    8.61    9.07    7.65    3.95    5.15   12.80     873
    9.07    9.42    9.10    3.54    3.69   12.79     873
    9.42    9.76    9.50    3.19    3.29   12.79     873
    9.76   10.10    9.63    2.85    3.15   12.78     873
   10.10   10.43    9.34    2.52    3.45   12.78     873
   10.43   10.85    9.52    2.17    3.27   12.79     873
   10.85   12.23   10.54    1.64    2.30   12.84     872

Int Range: [13.5,15]
  LAlpha  UAlpha     ROE    DExp    DAct    Rate     Num
   -1.31    5.87    5.96    9.65    8.34   14.30    1265
    5.87    7.00    7.21    7.78    7.06   14.26    1264
    7.00    7.84    7.57    6.80    6.66   14.22    1265
    7.84    8.49    6.93    6.04    7.28   14.21    1264
    8.49    9.06    9.17    5.42    5.03   14.20    1265
    9.06    9.55    8.59    4.92    5.63   14.22    1264
    9.55   10.04    9.79    4.42    4.43   14.21    1265
   10.04   10.58   10.57    3.89    3.63   14.20    1264
   10.58   11.24   10.62    3.31    3.59   14.21    1265
   11.24   13.50   11.67    2.51    2.61   14.28    1264

Int Range: [15,17]
  LAlpha  UAlpha     ROE    DExp    DAct    Rate     Num
   -6.94    4.66    5.81   13.32   10.37   16.18    1096
    4.66    6.17    8.07   10.54    7.94   16.00    1096
    6.17    7.21    6.68    9.25    9.29   15.96    1095
    7.21    8.04    9.49    8.26    6.41   15.90    1096
    8.04    8.76    8.18    7.47    7.69   15.88    1095
    8.76    9.42   10.75    6.81    5.15   15.90    1096
    9.42   10.09   10.76    6.08    5.08   15.84    1096
   10.09   10.76   10.87    5.42    4.96   15.83    1095
   10.76   11.54   10.54    4.67    5.26   15.80    1096
   11.54   14.06   12.62    3.62    3.20   15.82    1095

Int Range: [17,20]
  LAlpha  UAlpha     ROE    DExp    DAct    Rate     Num
   -7.49    3.53    2.04   17.13   16.50   18.53    1038
    3.53    5.36    2.93   13.96   15.55   18.48    1038
    5.36    6.67    5.65   12.43   12.83   18.48    1038
    6.67    7.64   11.61   11.40    6.94   18.55    1038
    7.64    8.54    9.75   10.50    8.83   18.58    1038
    8.54    9.37    7.67    9.60   10.90   18.56    1038
    9.37   10.24    9.64    8.85    9.01   18.65    1038
   10.24   11.17   10.37    7.96    8.28   18.65    1038
   11.17   12.29   12.48    7.01    6.22   18.70    1038
   12.29   16.88   12.86    5.62    6.10   18.96    1038

Int Range: [20,30]
  LAlpha  UAlpha     ROE    DExp    DAct    Rate     Num
   -9.79    0.78   -5.29   25.41   28.63   23.34     622
    0.78    3.47   -4.11   20.68   27.04   22.93     622
    3.47    5.21    6.44   18.34   16.28   22.72     621
    5.21    6.68    5.98   16.51   16.50   22.49     622
    6.68    7.94    6.61   15.02   15.73   22.35     621
    7.94    9.19   10.51   13.66   11.72   22.23     622
    9.19   10.33    7.15   12.44   15.06   22.21     622
   10.33   11.58    8.09   11.13   14.00   22.09     621
   11.58   13.15   10.42    9.77   11.66   22.08     622
   13.15   19.63   13.35    7.95    9.10   22.46     621


MinAlpha	ROE	Count
-5	8.19	69820
-4	8.20	69770
-3	8.20	69687
-2	8.24	69558
-1	8.27	69381
0	8.29	69122
1	8.35	68731
2	8.41	68166
3	8.50	67246
4	8.64	65497
5	8.79	61920
6	9.03	56080
7	9.33	47881
8	9.69	38258
9	10.19	27517
10	10.83	16711
11	11.88	7960
12	12.56	3245
13	12.78	1372
14	13.27	581
15	14.60	221

Forest Importance
('pub_rec', 7.4529620684345559e-05)
('delinq_2yrs', 0.00039812931025764704)
('term', 0.0014319235752516344)
('mths_since_last_record', 0.0015351870717243597)
('purpose', 0.0034448648860083615)
('verification_status', 0.0038054951073799026)
('loan_amnt', 0.0050213945849845541)
('even_loan_amnt', 0.0064807878832573882)
('inq_last_6mths', 0.012339498515282474)
('home_ownership', 0.012940582438512377)
('open_acc', 0.013405105771273337)
('total_acc', 0.015867610816925254)
('int_pymt', 0.017698451485935789)
('mths_since_last_delinq', 0.019740871980585824)
('installment', 0.020139061493421914)
('revol_bal', 0.022137904307641752)
('dti', 0.024765927314954944)
('revol_util', 0.02542098437041581)
('revol_bal-loan', 0.027907699029656424)
('clean_title_rank', 0.028719701781794324)
('annual_inc', 0.030558968093380434)
('revol_bal_pct_inc', 0.031810841130337622)
('pct_med_inc', 0.031864387074327094)
('emp_length', 0.032880034452553893)
('credit_length', 0.033717203455818405)
('tok4_capitalization_log_odds', 0.037166981568290548)
('urate', 0.039132711292651633)
('pymt_pct_inc', 0.051536379963571723)
('int_pct_inc', 0.051828697095355487)
('tok4_clean_title_log_odds', 0.052940558314484951)
('sub_grade', 0.13833306724614713)
('int_rate', 0.20495445896713274)


Forest Parameters
oob_score: False
n_jobs: 8
verbose: 0
min_density: None
compute_importances: None
max_leaf_nodes: None
bootstrap: True
min_samples_leaf: 200
n_estimators: 400
min_samples_split: 2
random_state: None
criterion: mse
max_features: auto
max_depth: None
