OOS Cutoff = 2014-03-01 00:00:00
Int Range: [0,7]
  LAlpha  UAlpha     ROE    DExp    DAct    Rate     Num
   -5.33    0.34    5.17    7.27    1.21    6.39      94
    0.34    1.10    6.38    5.63    0.00    6.38      94
    1.10    1.70    6.32    4.90    0.00    6.32      94
    1.70    2.12    6.34    4.43    0.00    6.34      93
    2.12    2.51    6.12    4.07    0.28    6.40      94
    2.51    2.83    6.34    3.66    0.00    6.34      94
    2.83    3.17    5.09    3.30    1.23    6.32      93
    3.17    3.49    6.44    3.11    0.00    6.44      94
    3.49    3.99    5.54    2.74    0.91    6.45      94
    3.99    5.52    6.54    2.18    0.00    6.54      93

Int Range: [7,10]
  LAlpha  UAlpha     ROE    DExp    DAct    Rate     Num
   -4.63    1.63    6.79    8.04    1.60    8.39     547
    1.63    2.73    6.32    6.15    2.08    8.40     546
    2.73    3.41    7.33    5.35    1.11    8.44     546
    3.41    3.96    6.79    4.73    1.65    8.44     547
    3.96    4.43    7.84    4.31    0.67    8.51     546
    4.43    4.87    6.96    3.89    1.59    8.55     546
    4.87    5.32    7.93    3.50    0.67    8.60     547
    5.32    5.85    7.59    3.30    1.28    8.87     546
    5.85    6.48    8.20    3.05    0.97    9.17     546
    6.48    8.56    8.43    2.46    1.06    9.48     546

Int Range: [10,12]
  LAlpha  UAlpha     ROE    DExp    DAct    Rate     Num
   -2.92    3.83    7.63    8.92    3.74   11.37     374
    3.83    5.06    9.49    6.93    1.91   11.40     374
    5.06    5.86    9.55    5.99    1.91   11.46     374
    5.86    6.51   10.25    5.25    1.18   11.43     374
    6.51    7.04    9.83    4.74    1.68   11.51     374
    7.04    7.52    8.44    4.21    3.05   11.49     374
    7.52    7.97    9.69    3.77    1.82   11.51     374
    7.97    8.39    9.84    3.40    1.73   11.57     374
    8.39    8.93   11.08    3.03    0.60   11.69     374
    8.93   10.94   11.04    2.46    0.85   11.89     374

Int Range: [12,13.5]
  LAlpha  UAlpha     ROE    DExp    DAct    Rate     Num
   -2.60    4.83    7.90    9.38    4.83   12.73     436
    4.83    6.16    7.74    7.21    5.02   12.76     436
    6.16    6.99   10.14    6.15    2.62   12.76     436
    6.99    7.62    9.71    5.43    3.02   12.73     436
    7.62    8.18   11.19    4.85    1.56   12.74     436
    8.18    8.68   10.34    4.31    2.40   12.74     436
    8.68    9.12   10.45    3.84    2.29   12.73     436
    9.12    9.56   10.71    3.42    2.05   12.76     436
    9.56   10.06   10.49    2.98    2.29   12.78     436
   10.06   11.87   10.64    2.34    2.20   12.85     436

Int Range: [13.5,15]
  LAlpha  UAlpha     ROE    DExp    DAct    Rate     Num
   -2.89    5.40    8.42   10.13    5.72   14.14     628
    5.40    6.80    8.60    7.96    5.53   14.12     627
    6.80    7.76    9.54    6.83    4.59   14.13     628
    7.76    8.52   10.78    5.96    3.35   14.13     627
    8.52    9.14    9.40    5.30    4.73   14.13     628
    9.14    9.72   11.18    4.71    2.95   14.14     627
    9.72   10.26   10.51    4.17    3.65   14.16     628
   10.26   10.74    9.90    3.67    4.26   14.17     627
   10.74   11.36   10.83    3.19    3.38   14.21     628
   11.36   13.50   10.80    2.48    3.55   14.35     627

Int Range: [15,17]
  LAlpha  UAlpha     ROE    DExp    DAct    Rate     Num
   -8.67    5.34    7.62   12.66    8.33   15.94     581
    5.34    6.98    8.97    9.63    6.90   15.87     581
    6.98    8.09   11.39    8.24    4.41   15.80     581
    8.09    9.00   10.34    7.19    5.40   15.74     581
    9.00    9.73   10.77    6.35    4.96   15.73     581
    9.73   10.41   10.44    5.67    5.30   15.74     581
   10.41   11.00   11.79    5.02    3.95   15.74     581
   11.00   11.60   10.74    4.46    5.02   15.75     581
   11.60   12.35   11.72    3.82    4.05   15.77     581
   12.35   14.82   13.32    2.93    2.53   15.86     580

Int Range: [17,20]
  LAlpha  UAlpha     ROE    DExp    DAct    Rate     Num
  -12.59    2.92    6.13   18.58   12.51   18.64     568
    2.92    5.40    9.11   14.28    9.49   18.60     567
    5.40    6.99   11.66   12.34    6.94   18.60     568
    6.99    8.20   10.08   11.02    8.53   18.60     567
    8.20    9.28   11.08    9.84    7.53   18.61     567
    9.28   10.28   11.56    8.78    7.03   18.59     568
   10.28   11.14   11.51    7.95    7.16   18.67     567
   11.14   12.07   12.72    7.06    5.94   18.67     568
   12.07   13.18   14.73    6.17    4.01   18.74     567
   13.18   17.22   13.54    4.97    5.49   19.03     567

Int Range: [20,30]
  LAlpha  UAlpha     ROE    DExp    DAct    Rate     Num
  -15.49   -0.98    3.53   27.78   19.48   23.02     330
   -0.98    2.76    6.50   21.71   16.28   22.77     329
    2.76    5.09    9.88   18.54   12.68   22.56     330
    5.09    6.87    9.90   16.37   12.52   22.42     329
    6.87    8.33    9.70   14.73   12.66   22.36     329
    8.33    9.69    9.82   13.19   12.38   22.19     330
    9.69   10.90    8.85   12.03   13.47   22.32     329
   10.90   12.26   12.46   10.44    9.56   22.02     330
   12.26   13.99   11.95    8.91   10.06   22.00     329
   13.99   19.96   13.27    7.36    9.63   22.89     329


MinAlpha	ROE	Count
-5	9.78	35401
-4	9.78	35336
-3	9.80	35263
-2	9.84	35135
-1	9.83	34940
0	9.85	34657
1	9.92	34123
2	10.03	33181
3	10.14	31718
4	10.34	29646
5	10.55	27014
6	10.80	23969
7	10.96	20657
8	11.18	16984
9	11.41	12985
10	11.81	9067
11	12.32	5502
12	13.39	2925
13	13.02	1371
14	14.07	596
15	13.79	257

Forest Importance
('pub_rec', 0.0004448049585900374)
('delinq_2yrs', 0.0011888865829451441)
('mths_since_last_record', 0.0028332265301896481)
('term', 0.0029565371278095693)
('loan_amnt', 0.0031252565318191285)
('purpose', 0.0040763308941961637)
('is_inc_v', 0.0041143754034301304)
('even_loan_amnt', 0.0052301164454372669)
('mod_rate', 0.0084466078025507325)
('home_ownership', 0.0097336282386873522)
('inq_last_6mths', 0.010410695896749094)
('open_acc', 0.012242253088539441)
('fico_range_low', 0.013379110241641012)
('tok4_capitalization_log_odds', 0.016028106971012288)
('int_pymt', 0.017456157419808289)
('annual_inc', 0.018197588567818227)
('total_acc', 0.018523145628836165)
('clean_title_rank', 0.018529835024210919)
('mths_since_last_delinq', 0.018699478268095485)
('emp_title_rank', 0.020104534606245769)
('revol_bal', 0.022487459507232105)
('revol_util', 0.02311147185148894)
('zip_code', 0.023534732943788796)
('installment', 0.023665624532680885)
('dti', 0.024568643080491902)
('pct_med_inc', 0.02606504708829295)
('revol_bal-loan', 0.027436497253344259)
('sub_grade', 0.028842175456370786)
('revol_bal_pct_inc', 0.030173181411826101)
('urate', 0.030892497124056097)
('med_inc', 0.032377520180796891)
('avg_urate', 0.032541095692360605)
('emp_length', 0.03269812711936667)
('short_title_rank', 0.03307567883631924)
('urate_chg', 0.034295711370228459)
('credit_length', 0.035131833759039055)
('hpa4', 0.036767752563833196)
('pymt_pct_inc', 0.05618262950364452)
('int_rate', 0.1141039344144229)
('tok4_clean_title_log_odds', 0.12632771008180371)


Forest Parameters
oob_score: False
n_jobs: 8
verbose: 0
min_density: None
compute_importances: None
max_leaf_nodes: None
bootstrap: True
min_samples_leaf: 100
n_estimators: 400
min_samples_split: 2
random_state: None
criterion: mse
max_features: auto
max_depth: None
