OOS Cutoff = 2015-01-01
Int Range: [0,7]
  LAlpha  UAlpha     ROE    DExp    DAct    Rate     Num
  -20.66    4.59    5.42    2.37    1.06    6.48     526
    4.59    4.93    5.19    1.64    1.22    6.41     525
    4.93    5.15    5.85    1.34    0.54    6.38     526
    5.15    5.32    5.23    1.15    1.16    6.38     525
    5.32    5.47    6.44    1.04    0.00    6.44     525
    5.47    5.61    5.87    0.95    0.63    6.50     526
    5.61    5.75    5.89    0.87    0.66    6.55     525
    5.75    5.92    5.85    0.85    0.82    6.68     526
    5.92    6.12    6.54    0.75    0.22    6.76     525
    6.12    6.79    6.20    0.62    0.73    6.93     525

Int Range: [7,10]
  LAlpha  UAlpha     ROE    DExp    DAct    Rate     Num
    1.03    4.70    5.07    4.46    3.46    8.53    1155
    4.70    5.21    5.65    3.39    2.72    8.37    1155
    5.21    5.56    6.49    3.00    1.90    8.39    1155
    5.56    5.84    6.13    2.72    2.30    8.43    1154
    5.84    6.10    6.27    2.41    2.10    8.38    1155
    6.10    6.34    6.48    2.19    1.94    8.41    1155
    6.34    6.60    6.45    1.99    2.01    8.46    1154
    6.60    6.88    6.77    1.86    1.82    8.59    1155
    6.88    7.27    7.40    1.77    1.43    8.83    1155
    7.27    8.90    8.34    1.66    0.96    9.31    1154

Int Range: [10,12]
  LAlpha  UAlpha     ROE    DExp    DAct    Rate     Num
    0.17    5.20    5.52    7.26    5.92   11.44     908
    5.20    6.01    6.83    5.68    4.50   11.33     907
    6.01    6.55    7.84    4.99    3.44   11.28     908
    6.55    6.97    6.27    4.53    5.03   11.30     907
    6.97    7.35    6.45    4.06    4.77   11.22     908
    7.35    7.69    8.41    3.75    2.85   11.27     907
    7.69    8.03    8.17    3.41    3.09   11.26     908
    8.03    8.42    9.04    3.05    2.23   11.27     907
    8.42    8.88    8.05    2.65    3.23   11.28     908
    8.88   10.64    7.75    2.18    3.73   11.48     907

Int Range: [12,13.5]
  LAlpha  UAlpha     ROE    DExp    DAct    Rate     Num
   -0.86    4.19    6.12    9.71    6.63   12.75     816
    4.19    5.13    6.75    8.01    5.96   12.71     816
    5.13    5.82    6.47    7.20    6.22   12.69     816
    5.82    6.33    7.68    6.60    5.00   12.68     816
    6.33    6.84    6.31    6.10    6.38   12.69     816
    6.84    7.31    5.91    5.61    6.77   12.68     816
    7.31    7.83    8.80    5.13    3.89   12.69     816
    7.83    8.37    8.62    4.60    4.08   12.70     816
    8.37    9.08    7.91    4.03    4.81   12.72     816
    9.08   11.45    9.95    3.09    2.83   12.78     816

Int Range: [13.5,15]
  LAlpha  UAlpha     ROE    DExp    DAct    Rate     Num
   -1.03    4.07    4.93   11.32    9.25   14.18     851
    4.07    5.07    6.56    9.59    7.64   14.20     850
    5.07    5.82    7.58    8.80    6.68   14.26     850
    5.82    6.49    7.48    8.10    6.78   14.26     851
    6.49    7.11    8.02    7.41    6.19   14.21     850
    7.11    7.70    8.08    6.86    6.19   14.27     850
    7.70    8.28    8.81    6.31    5.49   14.29     851
    8.28    8.99    9.18    5.67    5.13   14.30     850
    8.99    9.91    9.43    4.92    4.90   14.33     850
    9.91   12.89    9.13    3.73    5.28   14.41     850

Int Range: [15,17]
  LAlpha  UAlpha     ROE    DExp    DAct    Rate     Num
   -8.80    1.18    2.38   17.00   13.69   16.07     631
    1.18    3.06    1.76   13.83   14.29   16.05     631
    3.06    4.28    2.42   12.37   13.66   16.08     630
    4.28    5.22    6.34   11.29    9.71   16.05     631
    5.22    6.08    6.79   10.40    9.27   16.06     630
    6.08    6.89    6.84    9.55    9.19   16.04     631
    6.89    7.65    8.65    8.75    7.37   16.02     631
    7.65    8.48    8.56    7.98    7.49   16.04     630
    8.48    9.52    8.32    7.06    7.73   16.05     631
    9.52   12.72    9.29    5.67    6.77   16.06     630

Int Range: [17,20]
  LAlpha  UAlpha     ROE    DExp    DAct    Rate     Num
  -11.58   -1.26   -1.99   22.59   20.83   18.84     686
   -1.26    1.05    1.89   18.63   16.72   18.61     686
    1.05    2.65    2.69   16.54   15.75   18.43     686
    2.65    3.91    2.82   14.99   15.47   18.30     685
    3.91    5.02    4.59   13.75   13.62   18.21     686
    5.02    6.06    4.80   12.71   13.45   18.24     686
    6.06    7.03    6.10   11.65   12.10   18.20     685
    7.03    8.14    3.49   10.57   14.65   18.14     686
    8.14    9.41    7.42    9.37   10.70   18.12     686
    9.41   13.83    8.55    7.56    9.62   18.17     685

Int Range: [20,30]
  LAlpha  UAlpha     ROE    DExp    DAct    Rate     Num
  -13.18   -5.77   -6.98   31.33   30.57   23.59     311
   -5.77   -3.88   -4.81   27.96   28.00   23.18     311
   -3.88   -2.09    1.36   26.26   21.93   23.30     311
   -2.09   -0.55   -3.95   24.43   27.05   23.10     311
   -0.55    0.85   -0.52   23.08   23.72   23.20     311
    0.85    2.18    5.23   21.66   17.95   23.18     311
    2.18    3.68    0.11   20.10   22.87   22.98     311
    3.68    5.45    5.23   18.24   17.53   22.76     311
    5.45    7.83    7.59   16.35   15.34   22.92     311
    7.83   15.93    4.94   12.72   17.94   22.88     310


MinAlpha	ROE	Count
-5	6.43	58194
-4	6.47	57907
-3	6.52	57595
-2	6.56	57176
-1	6.62	56679
0	6.71	56020
1	6.74	55174
2	6.83	54045
3	6.95	52429
4	7.12	49753
5	7.30	43776
6	7.65	32032
7	8.10	20362
8	8.52	11479
9	9.01	5313
10	9.70	2063
11	10.25	661
12	10.30	135
13	4.53	37
14	8.86	13
15	12.35	3

Forest Importance
('purpose', 0.0016149558379469253)
('even_loan_amnt', 0.0030815164328474296)
('loan_amnt', 0.005402993180842198)
('total_acc', 0.013061890235701104)
('avg_urate', 0.013339302416090546)
('urate', 0.014425854530714505)
('installment', 0.017029448292551715)
('clean_title_rank', 0.01726145451275217)
('urate_chg', 0.018131529832755053)
('revol_util', 0.019632538631581736)
('home_ownership', 0.0202915303249031)
('pct_med_inc', 0.02050305359366671)
('emp_length', 0.020624027386752408)
('annual_inc', 0.02084578631353786)
('revol_bal_pct_inc', 0.020993133295499206)
('revol_bal-loan', 0.021655591771129686)
('int_pct_inc', 0.021959643392734502)
('hpa4', 0.02520486852254631)
('credit_length', 0.027756376859315358)
('dti', 0.031577331854550209)
('caploC', 0.032378631571931146)
('pymt_pct_inc', 0.04322568041221081)
('ctloC', 0.0557683140805149)
('sub_grade', 0.5142345467169247)


Forest Parameters
oob_score: False
n_jobs: 8
verbose: 0
min_density: None
compute_importances: None
max_leaf_nodes: None
bootstrap: True
min_samples_leaf: 400
n_estimators: 200
min_samples_split: 2
random_state: None
criterion: mse
max_features: auto
max_depth: None
