OOS Cutoff = 2014-04-01 00:00:00
Int Range: [0,7]
  LAlpha  UAlpha     ROE    DExp    DAct    Rate     Num
    1.52    3.95    5.23    2.94    1.00    6.23     200
    3.95    4.38    3.75    2.05    2.48    6.23     199
    4.38    4.69    5.81    1.66    0.39    6.21     200
    4.69    4.93    6.24    1.42    0.00    6.24     199
    4.93    5.12    6.23    1.21    0.00    6.23     199
    5.12    5.29    6.25    1.04    0.00    6.25     200
    5.29    5.47    6.25    0.87    0.00    6.25     199
    5.47    5.64    5.76    0.72    0.52    6.28     200
    5.64    5.86    5.71    0.66    0.69    6.41     199
    5.86    6.45    6.10    0.49    0.46    6.56     199

Int Range: [7,10]
  LAlpha  UAlpha     ROE    DExp    DAct    Rate     Num
    1.54    5.22    6.17    3.51    1.92    8.09     791
    5.22    5.82    6.30    2.53    1.77    8.07     790
    5.82    6.21    6.04    2.13    2.12    8.16     791
    6.21    6.49    6.51    1.88    1.73    8.24     790
    6.49    6.76    7.01    1.66    1.29    8.29     790
    6.76    7.04    7.27    1.46    1.09    8.35     791
    7.04    7.33    7.24    1.30    1.24    8.48     790
    7.33    7.65    7.90    1.30    0.88    8.78     791
    7.65    8.09    7.92    1.20    1.15    9.07     790
    8.09    9.47    8.32    0.89    1.01    9.33     790

Int Range: [10,12]
  LAlpha  UAlpha     ROE    DExp    DAct    Rate     Num
    1.74    6.72    8.10    5.06    2.76   10.85     743
    6.72    7.47    7.51    3.82    3.46   10.97     743
    7.47    7.95    8.52    3.23    2.44   10.96     743
    7.95    8.34    8.61    2.86    2.39   11.01     743
    8.34    8.70    8.91    2.53    2.15   11.06     742
    8.70    9.03    9.37    2.28    1.77   11.14     743
    9.03    9.34    8.82    2.03    2.39   11.20     743
    9.34    9.71    9.00    1.82    2.34   11.34     743
    9.71   10.17    9.22    1.59    2.30   11.52     743
   10.17   11.68    9.46    1.17    2.27   11.73     742

Int Range: [12,13.5]
  LAlpha  UAlpha     ROE    DExp    DAct    Rate     Num
   -3.24    6.26    8.38    8.19    4.66   13.04     824
    6.26    7.20    7.98    6.18    4.97   12.95     823
    7.20    7.87    8.32    5.38    4.61   12.93     823
    7.87    8.40    7.96    4.75    4.94   12.89     823
    8.40    8.84    9.39    4.24    3.48   12.87     823
    8.84    9.25   10.04    3.78    2.79   12.83     824
    9.25    9.65   10.04    3.38    2.80   12.83     823
    9.65   10.06   10.84    2.99    1.99   12.84     823
   10.06   10.57   11.19    2.49    1.60   12.80     823
   10.57   12.38   10.40    1.81    2.44   12.83     823

Int Range: [13.5,15]
  LAlpha  UAlpha     ROE    DExp    DAct    Rate     Num
   -0.63    6.02    6.49    9.65    7.84   14.33     938
    6.02    7.08    8.06    7.73    6.25   14.32     938
    7.08    7.91    9.45    6.79    4.85   14.30     938
    7.91    8.52    7.95    6.08    6.35   14.30     938
    8.52    9.11    9.48    5.48    4.82   14.30     938
    9.11    9.64   10.70    4.94    3.61   14.32     938
    9.64   10.12   10.36    4.43    3.95   14.31     938
   10.12   10.64   10.58    3.97    3.76   14.34     938
   10.64   11.29   11.67    3.42    2.70   14.36     938
   11.29   13.89   12.26    2.56    2.22   14.48     938

Int Range: [15,17]
  LAlpha  UAlpha     ROE    DExp    DAct    Rate     Num
   -7.07    4.90    7.23   13.28    9.09   16.32     812
    4.90    6.43    7.78   10.41    8.41   16.18     812
    6.43    7.50    9.46    9.12    6.66   16.12     812
    7.50    8.34   10.34    8.08    5.68   16.02     811
    8.34    9.04   10.31    7.29    5.66   15.97     812
    9.04    9.67    8.59    6.59    7.35   15.94     812
    9.67   10.28   11.85    5.94    4.07   15.92     811
   10.28   10.96   10.06    5.28    5.83   15.89     812
   10.96   11.79   11.39    4.54    4.49   15.88     812
   11.79   14.76   12.23    3.42    3.67   15.90     811

Int Range: [17,20]
  LAlpha  UAlpha     ROE    DExp    DAct    Rate     Num
   -7.95    3.47    4.98   17.43   13.54   18.52     769
    3.47    5.28    5.90   14.07   12.62   18.51     769
    5.28    6.56    6.89   12.58   11.64   18.53     769
    6.56    7.69   11.01   11.30    7.45   18.46     768
    7.69    8.58   10.54   10.41    8.01   18.55     769
    8.58    9.38    9.29    9.58    9.27   18.56     769
    9.38   10.20   11.89    8.78    6.70   18.59     768
   10.20   11.10   10.88    7.92    7.69   18.57     769
   11.10   12.25   12.66    7.01    6.00   18.66     769
   12.25   17.11   13.55    5.51    5.22   18.77     768

Int Range: [20,30]
  LAlpha  UAlpha     ROE    DExp    DAct    Rate     Num
  -13.09    0.55    1.81   25.77   21.68   23.48     457
    0.55    3.30    0.53   20.93   22.42   22.95     456
    3.30    5.19    6.53   18.21   15.97   22.50     457
    5.19    6.57    6.86   16.48   15.53   22.39     456
    6.57    7.79    6.33   14.94   15.80   22.13     457
    7.79    8.84   13.48   13.75    8.60   22.07     456
    8.84    9.91    8.82   12.85   13.38   22.20     457
    9.91   11.17    9.57   11.59   12.52   22.10     456
   11.17   12.68   13.40   10.37    8.84   22.24     457
   12.68   19.89   12.78    8.60   10.00   22.78     456


MinAlpha	ROE	Count
-5	8.95	55240
-4	8.95	55193
-3	8.97	55120
-2	8.96	55036
-1	8.97	54910
0	9.02	54686
1	9.03	54376
2	9.07	53918
3	9.12	53242
4	9.19	51980
5	9.33	49417
6	9.63	44669
7	9.92	37922
8	10.36	29871
9	10.82	21035
10	11.38	12496
11	12.19	5927
12	13.35	2566
13	13.24	980
14	13.76	363
15	13.82	128

Forest Importance
('pub_rec', 0.00026397961246760323)
('delinq_2yrs', 0.00051802330792911628)
('term', 0.0016575614955293724)
('verification_status', 0.0028529674216786457)
('mths_since_last_record', 0.0031765986935939823)
('loan_amnt', 0.0034357400227081579)
('even_loan_amnt', 0.0036388165931345766)
('purpose', 0.0048186787513964102)
('mod_rate', 0.0070307384003620195)
('home_ownership', 0.0093464972723916392)
('open_acc', 0.011204261544673317)
('inq_last_6mths', 0.011335672619970157)
('fico_range_low', 0.015188323303803718)
('total_acc', 0.017868888172545845)
('mths_since_last_delinq', 0.01895201155443027)
('clean_title_rank', 0.0193375165754456)
('int_pymt', 0.019691675084903531)
('emp_title_rank', 0.019795809356609458)
('revol_bal', 0.022360085578479481)
('installment', 0.022394884184152426)
('tok4_capitalization_log_odds', 0.023489086625730637)
('urate', 0.02461533903785159)
('emp_length', 0.024934976803014895)
('short_title_rank', 0.024956658063625445)
('zip_code', 0.025338126186138746)
('dti', 0.025704706076021641)
('revol_util', 0.027084531382814036)
('avg_urate', 0.028549735850496714)
('med_inc', 0.028797701207641094)
('credit_length', 0.029983516509149793)
('revol_bal_pct_inc', 0.030298956219970589)
('urate_chg', 0.030973823256621409)
('revol_bal-loan', 0.031615818500629757)
('annual_inc', 0.031791158624309736)
('pct_med_inc', 0.032674499519274633)
('hpa4', 0.037072260036360806)
('tok4_clean_title_log_odds', 0.039283060333911671)
('pymt_pct_inc', 0.046907188210667021)
('sub_grade', 0.056865449622084341)
('int_rate', 0.18419467838748005)


Forest Parameters
oob_score: False
n_jobs: 8
verbose: 0
min_density: None
compute_importances: None
max_leaf_nodes: None
bootstrap: True
min_samples_leaf: 100
n_estimators: 400
min_samples_split: 2
random_state: None
criterion: mse
max_features: auto
max_depth: None
