OOS Cutoff = 2014-10-01 00:00:00
Int Range: [0,7]
  LAlpha  UAlpha     ROE    DExp    DAct    Rate     Num
   -9.37    4.46    4.86    2.44    1.39    6.25     393
    4.46    4.90    4.79    1.63    1.54    6.33     392
    4.90    5.19    5.82    1.25    0.49    6.31     393
    5.19    5.39    5.59    0.98    0.69    6.28     392
    5.39    5.55    6.10    0.77    0.15    6.24     393
    5.55    5.69    4.48    0.66    1.80    6.28     392
    5.69    5.81    5.82    0.54    0.47    6.29     393
    5.81    5.97    5.42    0.50    0.98    6.39     392
    5.97    6.20    5.08    0.49    1.50    6.58     393
    6.20    6.92    6.28    0.36    0.49    6.77     392

Int Range: [7,10]
  LAlpha  UAlpha     ROE    DExp    DAct    Rate     Num
   -0.69    4.62    6.47    4.35    1.77    8.23    1106
    4.62    5.24    6.11    3.19    2.05    8.16    1106
    5.24    5.65    5.73    2.69    2.42    8.14    1106
    5.65    5.96    6.13    2.33    2.01    8.14    1106
    5.96    6.22    6.55    2.00    1.54    8.09    1106
    6.22    6.46    7.00    1.70    1.04    8.04    1106
    6.46    6.70    6.84    1.50    1.24    8.08    1106
    6.70    6.97    7.56    1.40    0.67    8.23    1106
    6.97    7.43    6.92    1.47    1.73    8.65    1106
    7.43    8.98    8.01    1.27    1.08    9.09    1105

Int Range: [10,12]
  LAlpha  UAlpha     ROE    DExp    DAct    Rate     Num
   -1.02    5.49    7.14    6.62    3.91   11.05    1021
    5.49    6.31    8.42    5.04    2.56   10.98    1020
    6.31    6.87    7.25    4.40    3.76   11.01    1020
    6.87    7.33    8.96    3.94    2.08   11.04    1020
    7.33    7.75    7.86    3.52    3.19   11.05    1020
    7.75    8.12    8.36    3.13    2.70   11.07    1021
    8.12    8.48    8.50    2.80    2.61   11.10    1020
    8.48    8.88    9.09    2.43    2.02   11.10    1020
    8.88    9.38    8.66    2.12    2.57   11.23    1020
    9.38   11.24    9.65    1.65    1.83   11.48    1020

Int Range: [12,13.5]
  LAlpha  UAlpha     ROE    DExp    DAct    Rate     Num
   -3.24    4.89    5.80    9.33    7.11   12.90    1024
    4.89    5.88    9.24    7.45    3.65   12.88    1024
    5.88    6.60    6.11    6.62    6.75   12.87    1024
    6.60    7.18    8.61    5.97    4.26   12.87    1023
    7.18    7.69    7.53    5.42    5.34   12.86    1024
    7.69    8.21    9.24    4.91    3.63   12.87    1024
    8.21    8.67    9.19    4.44    3.69   12.87    1023
    8.67    9.20    9.03    3.97    3.87   12.90    1024
    9.20    9.84    9.93    3.40    2.97   12.89    1024
    9.84   12.14   10.70    2.56    2.27   12.97    1023

Int Range: [13.5,15]
  LAlpha  UAlpha     ROE    DExp    DAct    Rate     Num
   -4.73    4.50    5.39   11.29    9.00   14.39    1033
    4.50    5.69    7.52    9.23    6.85   14.38    1033
    5.69    6.55    6.79    8.24    7.57   14.37    1033
    6.55    7.25    7.60    7.47    6.77   14.37    1033
    7.25    7.89    5.03    6.81    9.36   14.38    1033
    7.89    8.51    8.51    6.21    5.89   14.40    1033
    8.51    9.10    9.33    5.58    5.06   14.39    1033
    9.10    9.77    8.08    4.94    6.29   14.37    1033
    9.77   10.61    8.78    4.25    5.63   14.41    1033
   10.61   13.45   10.64    3.20    3.87   14.50    1032

Int Range: [15,17]
  LAlpha  UAlpha     ROE    DExp    DAct    Rate     Num
  -12.13    3.03    5.21   15.29   11.05   16.26     727
    3.03    4.64    4.15   12.23   12.01   16.16     726
    4.64    5.69    7.25   10.93    8.87   16.12     726
    5.69    6.58    6.34    9.98    9.79   16.13     726
    6.58    7.34    6.62    9.16    9.50   16.12     726
    7.34    8.07   10.06    8.43    6.06   16.12     726
    8.07    8.80    7.03    7.69    9.08   16.11     726
    8.80    9.57   10.06    6.95    6.06   16.12     726
    9.57   10.58    8.87    6.03    7.24   16.11     726
   10.58   13.61   10.98    4.75    5.18   16.16     726

Int Range: [17,20]
  LAlpha  UAlpha     ROE    DExp    DAct    Rate     Num
  -12.92    0.50    0.26   20.97   18.55   18.81     669
    0.50    2.75    4.18   16.81   14.31   18.49     668
    2.75    4.31    6.67   14.88   11.75   18.43     668
    4.31    5.55    5.89   13.40   12.48   18.37     668
    5.55    6.62    5.52   12.25   12.84   18.36     668
    6.62    7.56    6.02   11.24   12.30   18.32     669
    7.56    8.49    7.66   10.28   10.64   18.31     668
    8.49    9.47    8.60    9.32    9.68   18.28     668
    9.47   10.65    8.00    8.29   10.30   18.30     668
   10.65   15.41    9.95    6.65    8.42   18.36     668

Int Range: [20,30]
  LAlpha  UAlpha     ROE    DExp    DAct    Rate     Num
  -14.59   -5.20   -5.44   30.77   28.58   23.14     406
   -5.20   -2.50    4.15   26.69   18.84   22.98     405
   -2.50   -0.49    3.80   24.22   18.95   22.75     405
   -0.49    1.27   -0.48   22.20   23.11   22.63     406
    1.27    3.08    3.17   20.65   19.64   22.81     405
    3.08    4.54    4.83   18.73   17.74   22.56     405
    4.54    6.13    4.88   17.08   17.58   22.46     406
    6.13    7.79    5.16   15.44   17.25   22.41     405
    7.79    9.74    2.71   13.52   19.55   22.25     405
    9.74   18.01   10.03   10.79   12.38   22.40     405


MinAlpha	ROE	Count
-5	7.31	63234
-4	7.34	63059
-3	7.34	62817
-2	7.36	62492
-1	7.38	62084
0	7.44	61629
1	7.51	60978
2	7.55	60074
3	7.60	58755
4	7.69	56289
5	7.86	51447
6	8.15	41659
7	8.62	30044
8	9.03	20309
9	9.51	11631
10	10.17	5377
11	10.28	2021
12	11.78	576
13	10.69	154
14	13.53	49
15	22.87	18

Forest Importance
('pub_rec', 0.0002075880782890915)
('delinq_2yrs', 0.0007623101664332103)
('term', 0.0024068576947476844)
('purpose', 0.0047976295439192051)
('even_loan_amnt', 0.0052551844168348683)
('mths_since_last_record', 0.0060448993243135494)
('mths_since_last_major_derog', 0.006098637815848189)
('loan_amnt', 0.011180428581703516)
('open_acc', 0.014087055287256763)
('inq_last_6mths', 0.014619675653460579)
('home_ownership', 0.01613402350543951)
('int_pymt', 0.018871333855111149)
('mths_since_last_delinq', 0.01934629486505628)
('total_acc', 0.022416358334309466)
('installment', 0.022446332135321202)
('emp_length', 0.02595045293322791)
('revol_bal', 0.026090932821474525)
('annual_inc', 0.029487635815011307)
('dti', 0.029813436289596099)
('revol_util', 0.030421704460020807)
('tok4_capitalization_log_odds', 0.031231954738006006)
('revol_bal_pct_inc', 0.031241920890597429)
('pct_med_inc', 0.034109785588321749)
('revol_bal-loan', 0.034446294391420766)
('int_pct_inc', 0.037668066300220168)
('urate', 0.038973257679585482)
('pymt_pct_inc', 0.046936824739939723)
('credit_length', 0.055008013708080013)
('tok4_clean_title_log_odds', 0.059283772870661194)
('int_rate', 0.12463852648151301)
('sub_grade', 0.20002281103427977)


Forest Parameters
oob_score: False
n_jobs: 8
verbose: 0
min_density: None
compute_importances: None
max_leaf_nodes: None
bootstrap: True
min_samples_leaf: 150
n_estimators: 400
min_samples_split: 2
random_state: None
criterion: mse
max_features: auto
max_depth: None
