OOS Cutoff = 2014-10-01 00:00:00
Int Range: [0,7]
  LAlpha  UAlpha     ROE    DExp    DAct    Rate     Num
   -9.55    4.21    4.89    2.73    1.40    6.28     354
    4.21    4.74    5.13    1.84    1.21    6.34     354
    4.74    5.05    5.40    1.37    0.89    6.28     354
    5.05    5.28    5.95    1.10    0.32    6.27     353
    5.28    5.44    6.07    0.90    0.19    6.26     354
    5.44    5.59    5.29    0.75    0.97    6.26     354
    5.59    5.74    5.51    0.65    0.80    6.31     353
    5.74    5.89    5.57    0.56    0.81    6.37     354
    5.89    6.12    5.09    0.58    1.49    6.58     354
    6.12    6.83    5.78    0.43    0.98    6.76     353

Int Range: [7,10]
  LAlpha  UAlpha     ROE    DExp    DAct    Rate     Num
   -1.48    4.62    6.06    4.30    2.11    8.17     990
    4.62    5.24    5.82    3.18    2.32    8.14     989
    5.24    5.67    5.62    2.66    2.51    8.13     990
    5.67    5.99    6.39    2.22    1.67    8.06     989
    5.99    6.25    5.72    1.90    2.31    8.03     989
    6.25    6.48    6.96    1.73    1.13    8.09     990
    6.48    6.72    7.55    1.47    0.51    8.07     989
    6.72    7.02    7.03    1.43    1.27    8.30     990
    7.02    7.47    7.41    1.44    1.26    8.67     989
    7.47    8.99    7.84    1.22    1.27    9.11     989

Int Range: [10,12]
  LAlpha  UAlpha     ROE    DExp    DAct    Rate     Num
   -2.12    5.35    6.71    6.88    4.38   11.09     902
    5.35    6.25    8.88    5.18    2.14   11.02     902
    6.25    6.85    7.84    4.48    3.19   11.03     902
    6.85    7.35    7.75    3.94    3.30   11.04     902
    7.35    7.76    8.28    3.47    2.75   11.03     901
    7.76    8.12    8.24    3.12    2.82   11.06     902
    8.12    8.48    8.95    2.75    2.10   11.05     902
    8.48    8.86    8.28    2.40    2.79   11.07     902
    8.86    9.36    8.30    2.10    2.90   11.20     902
    9.36   10.98    9.82    1.68    1.67   11.48     901

Int Range: [12,13.5]
  LAlpha  UAlpha     ROE    DExp    DAct    Rate     Num
   -4.46    4.65    7.00    9.56    5.85   12.85     899
    4.65    5.75    7.09    7.61    5.77   12.86     898
    5.75    6.45    7.24    6.74    5.61   12.85     899
    6.45    7.08    6.76    6.09    6.11   12.87     898
    7.08    7.64    8.89    5.49    3.97   12.86     899
    7.64    8.15    9.28    4.99    3.61   12.89     898
    8.15    8.65    9.13    4.49    3.76   12.89     899
    8.65    9.15    8.82    4.02    4.08   12.90     898
    9.15    9.80    9.97    3.46    2.94   12.91     899
    9.80   12.14   10.91    2.60    2.08   13.00     898

Int Range: [13.5,15]
  LAlpha  UAlpha     ROE    DExp    DAct    Rate     Num
   -3.42    4.63    5.44   11.09    8.96   14.40     899
    4.63    5.80    6.17    9.12    8.22   14.39     898
    5.80    6.66    7.01    8.14    7.37   14.38     899
    6.66    7.36    6.58    7.37    7.81   14.38     898
    7.36    7.98    8.07    6.74    6.34   14.41     899
    7.98    8.56    7.41    6.11    6.96   14.37     898
    8.56    9.15    7.87    5.52    6.51   14.38     899
    9.15    9.83    7.15    4.88    7.22   14.36     898
    9.83   10.62    8.79    4.20    5.61   14.40     899
   10.62   13.19   10.58    3.17    3.91   14.49     898

Int Range: [15,17]
  LAlpha  UAlpha     ROE    DExp    DAct    Rate     Num
   -8.84    3.18    4.94   15.07   11.32   16.27     631
    3.18    4.76    4.71   12.13   11.48   16.19     631
    4.76    5.80    5.97   10.81   10.15   16.12     631
    5.80    6.66    8.37    9.90    7.76   16.13     631
    6.66    7.40    6.64    9.07    9.46   16.11     631
    7.40    8.13    6.09    8.35   10.04   16.12     631
    8.13    8.90    7.32    7.60    8.79   16.11     631
    8.90    9.70   10.42    6.81    5.69   16.11     631
    9.70   10.64    8.71    5.96    7.41   16.12     631
   10.64   13.64   10.60    4.67    5.50   16.10     631

Int Range: [17,20]
  LAlpha  UAlpha     ROE    DExp    DAct    Rate     Num
  -10.27    0.94    0.20   20.15   18.47   18.67     582
    0.94    3.14    3.65   16.31   14.80   18.45     581
    3.14    4.63    5.80   14.50   12.61   18.41     582
    4.63    5.77    6.13   13.09   12.19   18.32     581
    5.77    6.78    7.74   12.08   10.63   18.36     581
    6.78    7.68    5.14   11.11   13.20   18.34     582
    7.68    8.59    7.54   10.20   10.81   18.34     581
    8.59    9.53    8.28    9.30   10.07   18.36     582
    9.53   10.64    7.12    8.23   11.19   18.31     581
   10.64   15.09    9.80    6.64    8.58   18.38     581

Int Range: [20,30]
  LAlpha  UAlpha     ROE    DExp    DAct    Rate     Num
  -14.33   -5.20   -5.87   31.14   29.19   23.32     351
   -5.20   -2.47    4.61   26.43   18.18   22.79     350
   -2.47   -0.44   -0.34   24.28   23.18   22.83     350
   -0.44    1.37    1.09   22.33   21.74   22.83     350
    1.37    3.05    5.67   20.52   17.05   22.73     350
    3.05    4.49    4.43   18.80   18.14   22.57     350
    4.49    6.10   -0.66   17.02   22.93   22.27     350
    6.10    7.68    5.47   15.42   16.83   22.29     350
    7.68    9.74    4.31   13.65   18.01   22.32     350
    9.74   18.38    9.44   10.64   12.89   22.33     350


MinAlpha	ROE	Count
-5	7.16	55633
-4	7.18	55489
-3	7.19	55299
-2	7.21	55035
-1	7.25	54731
0	7.32	54345
1	7.37	53777
2	7.38	53010
3	7.43	51805
4	7.54	49542
5	7.67	45067
6	7.99	36545
7	8.43	26604
8	8.79	17923
9	9.33	10269
10	10.11	4785
11	11.11	1800
12	11.51	525
13	10.97	137
14	14.18	46
15	9.02	20

Forest Importance
('pub_rec', 0.00034811853245766478)
('delinq_2yrs', 0.00045277737958299163)
('term', 0.0027037242424679895)
('loan_amnt', 0.0038609641902546247)
('verification_status', 0.0039506573018334564)
('purpose', 0.0041278883712142786)
('even_loan_amnt', 0.0044262041331551748)
('mths_since_last_record', 0.0054056044201287855)
('mths_since_last_major_derog', 0.0059038114681825137)
('open_acc', 0.012831161691061783)
('home_ownership', 0.013060783710326729)
('inq_last_6mths', 0.014563334069943937)
('mths_since_last_delinq', 0.017858430092891894)
('int_pymt', 0.018542713348796456)
('total_acc', 0.021161149084003981)
('installment', 0.022835227688722624)
('emp_length', 0.023118871592196034)
('short_title_rank', 0.023190833968125726)
('revol_bal', 0.023862107303734302)
('tok4_capitalization_log_odds', 0.025112669197587811)
('clean_title_rank', 0.026581518166613728)
('annual_inc', 0.028357898995802554)
('reg_tok4_clean_title_log_odds', 0.028866869651510692)
('revol_bal_pct_inc', 0.029054460077807619)
('revol_bal-loan', 0.029186274131853724)
('revol_util', 0.031027307619366153)
('dti', 0.031229226386857208)
('credit_length', 0.033578370496742144)
('pct_med_inc', 0.033897507384294145)
('int_pct_inc', 0.035719007816177983)
('urate', 0.035829547641442396)
('pymt_pct_inc', 0.044147959268844607)
('tok4_clean_title_log_odds', 0.04431276144214337)
('int_rate', 0.11861597556250808)
('sub_grade', 0.20227828357136685)


Forest Parameters
oob_score: False
n_jobs: 8
verbose: 0
min_density: None
compute_importances: None
max_leaf_nodes: None
bootstrap: True
min_samples_leaf: 150
n_estimators: 400
min_samples_split: 2
random_state: None
criterion: mse
max_features: auto
max_depth: None
