OOS Cutoff = 2014-10-01 00:00:00
Int Range: [0,7]
  LAlpha  UAlpha     ROE    DExp    DAct    Rate     Num
  -10.58    4.49    4.42    2.43    1.84    6.26     393
    4.49    4.92    5.52    1.60    0.80    6.32     392
    4.92    5.19    5.08    1.24    1.22    6.30     393
    5.19    5.38    5.76    0.98    0.51    6.27     392
    5.38    5.52    5.88    0.81    0.38    6.26     393
    5.52    5.66    5.16    0.67    1.09    6.26     392
    5.66    5.80    5.92    0.57    0.38    6.30     393
    5.80    5.96    5.19    0.55    1.23    6.42     392
    5.96    6.18    4.93    0.52    1.64    6.57     393
    6.18    6.95    5.98    0.39    0.80    6.78     392

Int Range: [7,10]
  LAlpha  UAlpha     ROE    DExp    DAct    Rate     Num
   -1.36    4.61    5.96    4.41    2.29    8.25    1106
    4.61    5.23    5.61    3.19    2.53    8.14    1106
    5.23    5.63    6.35    2.69    1.78    8.13    1106
    5.63    5.94    6.07    2.31    2.03    8.10    1106
    5.94    6.20    6.95    2.00    1.12    8.07    1106
    6.20    6.45    6.82    1.73    1.24    8.06    1106
    6.45    6.67    6.69    1.52    1.39    8.08    1106
    6.67    6.95    7.05    1.44    1.19    8.24    1106
    6.95    7.39    7.33    1.52    1.34    8.67    1106
    7.39    9.11    7.79    1.28    1.31    9.10    1105

Int Range: [10,12]
  LAlpha  UAlpha     ROE    DExp    DAct    Rate     Num
   -0.90    5.47    7.51    6.69    3.54   11.05    1021
    5.47    6.29    8.13    5.08    2.86   10.99    1020
    6.29    6.86    7.99    4.41    3.01   11.00    1020
    6.86    7.33    7.62    3.92    3.41   11.03    1020
    7.33    7.72    8.18    3.53    2.88   11.06    1020
    7.72    8.11    8.05    3.14    3.01   11.06    1021
    8.11    8.47    8.33    2.78    2.74   11.07    1020
    8.47    8.87    8.64    2.49    2.50   11.15    1020
    8.87    9.36    8.65    2.12    2.57   11.22    1020
    9.36   11.16    9.47    1.70    2.02   11.49    1020

Int Range: [12,13.5]
  LAlpha  UAlpha     ROE    DExp    DAct    Rate     Num
   -4.94    4.86    5.52    9.39    7.39   12.91    1024
    4.86    5.86    8.20    7.47    4.68   12.88    1024
    5.86    6.58    6.97    6.62    5.89   12.86    1024
    6.58    7.19    7.70    5.99    5.18   12.88    1023
    7.19    7.68    7.85    5.41    4.99   12.84    1024
    7.68    8.16    8.29    4.97    4.60   12.88    1024
    8.16    8.64    9.10    4.49    3.79   12.89    1023
    8.64    9.16    9.15    4.00    3.74   12.89    1024
    9.16    9.78    9.88    3.43    2.99   12.88    1024
    9.78   12.25   10.64    2.62    2.34   12.97    1023

Int Range: [13.5,15]
  LAlpha  UAlpha     ROE    DExp    DAct    Rate     Num
   -3.94    4.50    6.23   11.30    8.16   14.39    1033
    4.50    5.74    6.55    9.21    7.83   14.39    1033
    5.74    6.59    5.89    8.19    8.48   14.37    1033
    6.59    7.29    6.28    7.43    8.09   14.37    1033
    7.29    7.94    7.49    6.76    6.89   14.38    1033
    7.94    8.56    7.56    6.14    6.83   14.39    1033
    8.56    9.12    7.38    5.56    7.01   14.39    1033
    9.12    9.76    8.49    4.95    5.90   14.38    1033
    9.76   10.63    8.61    4.23    5.79   14.40    1033
   10.63   13.25   10.31    3.22    4.21   14.51    1032

Int Range: [15,17]
  LAlpha  UAlpha     ROE    DExp    DAct    Rate     Num
   -6.67    2.90    4.12   15.42   12.16   16.28     727
    2.90    4.52    5.66   12.36   10.51   16.17     726
    4.52    5.57    5.18   11.00   10.90   16.08     726
    5.57    6.44    7.40   10.10    8.71   16.11     726
    6.44    7.20    6.59    9.33    9.56   16.14     726
    7.20    7.91    8.02    8.57    8.12   16.14     726
    7.91    8.67    9.05    7.82    7.05   16.10     726
    8.67    9.48    7.68    7.08    8.46   16.14     726
    9.48   10.49    8.53    6.14    7.59   16.11     726
   10.49   13.77   10.71    4.78    5.41   16.12     726

Int Range: [17,20]
  LAlpha  UAlpha     ROE    DExp    DAct    Rate     Num
  -10.43    0.27   -0.13   21.10   18.98   18.85     669
    0.27    2.64    3.28   16.95   15.24   18.51     668
    2.64    4.13    5.68   14.98   12.71   18.39     668
    4.13    5.32    7.80   13.64   10.59   18.38     668
    5.32    6.35    5.48   12.49   12.85   18.33     668
    6.35    7.32    4.97   11.47   13.35   18.32     669
    7.32    8.26    7.04   10.48   11.24   18.28     668
    8.26    9.27    6.89    9.55   11.42   18.31     668
    9.27   10.48    7.98    8.46   10.33   18.30     668
   10.48   15.04    8.75    6.74    9.59   18.34     668

Int Range: [20,30]
  LAlpha  UAlpha     ROE    DExp    DAct    Rate     Num
  -14.62   -4.74   -3.66   30.35   26.84   23.17     406
   -4.74   -2.31    2.64   26.30   20.23   22.87     405
   -2.31   -0.41   -0.44   24.20   23.28   22.84     405
   -0.41    1.39   -2.07   22.25   24.84   22.77     406
    1.39    3.05    3.76   20.51   18.95   22.71     405
    3.05    4.53    6.52   18.70   15.96   22.48     405
    4.53    6.03    1.67   17.25   20.82   22.50     406
    6.03    7.54    4.01   15.59   18.37   22.38     405
    7.54    9.52    5.20   13.82   17.10   22.30     405
    9.52   16.98    7.77   11.07   14.61   22.38     405


MinAlpha	ROE	Count
-5	7.03	63294
-4	7.04	63093
-3	7.08	62845
-2	7.10	62513
-1	7.14	62098
0	7.21	61571
1	7.27	60934
2	7.35	59990
3	7.38	58615
4	7.46	56132
5	7.56	51143
6	7.91	41137
7	8.29	29665
8	8.72	19934
9	9.18	11259
10	9.36	5103
11	10.28	1919
12	11.03	517
13	8.55	132
14	9.45	35
15	10.11	14

Forest Importance
('pub_rec', 0.00026006134567418618)
('delinq_2yrs', 0.00042906762866563202)
('term', 0.0031794706831170245)
('loan_amnt', 0.003331220925907109)
('purpose', 0.0036941606393996055)
('verification_status', 0.004093544526199696)
('mths_since_last_major_derog', 0.0049887924755150576)
('even_loan_amnt', 0.0050765223451038803)
('mths_since_last_record', 0.0057985931763843103)
('open_acc', 0.010688447303950762)
('inq_last_6mths', 0.01314268103686019)
('mths_since_last_delinq', 0.016444030058462192)
('home_ownership', 0.017418828055914805)
('int_pymt', 0.019049504408767119)
('total_acc', 0.019485638207574145)
('installment', 0.020457429243729491)
('revol_util', 0.024993933090241872)
('revol_bal', 0.025023898789215644)
('emp_length', 0.025310039097660622)
('revol_bal-loan', 0.027314587427680961)
('revol_bal_pct_inc', 0.027409996419387291)
('dti', 0.028837738116074985)
('clean_title_rank', 0.029270116910869389)
('annual_inc', 0.029347673205007207)
('tok4_capitalization_log_odds', 0.03021408129744942)
('pct_med_inc', 0.030641718846191289)
('credit_length', 0.032032955136509923)
('int_pct_inc', 0.03255177648532169)
('urate', 0.032911280200486351)
('pymt_pct_inc', 0.0445785499744972)
('tok4_clean_title_log_odds', 0.060551093728979245)
('int_rate', 0.12308001939178477)
('sub_grade', 0.2483925498214169)


Forest Parameters
oob_score: False
n_jobs: 8
verbose: 0
min_density: None
compute_importances: None
max_leaf_nodes: None
bootstrap: True
min_samples_leaf: 200
n_estimators: 64
min_samples_split: 2
random_state: None
criterion: mse
max_features: auto
max_depth: None
