Int Range: [12,15]
Percentile, Default Prob cutoff, Good default, bad default, good int_rate, bad int_rate
10, 0.0457131385128, 0.94, 1.67, 13.13, 13.77, 4984, 44852
20, 0.0521889912473, 0.99, 1.75, 13.28, 13.81, 9968, 39868
30, 0.0575834930541, 1.16, 1.78, 13.37, 13.85, 14951, 34885
40, 0.062718542052, 1.19, 1.87, 13.43, 13.89, 19935, 29901
50, 0.0679547294123, 1.29, 1.90, 13.48, 13.94, 24918, 24918
60, 0.0734176706511, 1.36, 1.95, 13.52, 13.98, 29902, 19934
70, 0.079798882676, 1.43, 1.99, 13.57, 14.04, 34885, 14951
80, 0.0874108236844, 1.43, 2.26, 13.61, 14.11, 39869, 9967
90, 0.0988064750978, 1.48, 2.61, 13.65, 14.21, 44852, 4984
Int Range: [15,20]
Percentile, Default Prob cutoff, Good default, bad default, good int_rate, bad int_rate
10, 0.0740868772471, 1.47, 2.70, 15.88, 17.41, 4343, 39086
20, 0.0845992049794, 1.51, 2.84, 16.15, 17.54, 8686, 34743
30, 0.0926861460163, 1.68, 2.96, 16.35, 17.65, 13029, 30400
40, 0.0998564299627, 1.76, 3.12, 16.52, 17.75, 17372, 26057
50, 0.106838252199, 1.83, 3.32, 16.67, 17.85, 21715, 21714
60, 0.114237519726, 1.95, 3.51, 16.80, 17.96, 26057, 17372
70, 0.122276667057, 2.06, 3.78, 16.91, 18.08, 30400, 13029
80, 0.131950727847, 2.19, 4.11, 17.03, 18.21, 34743, 8686
90, 0.145911950774, 2.33, 4.81, 17.14, 18.38, 39086, 4343
Int Range: [20,30]
Percentile, Default Prob cutoff, Good default, bad default, good int_rate, bad int_rate
10, 0.113112101821, 2.20, 4.63, 21.28, 22.78, 1408, 12668
20, 0.123344281608, 2.98, 4.73, 21.50, 22.91, 2816, 11260
30, 0.131742041407, 3.13, 4.92, 21.64, 23.05, 4223, 9853
40, 0.139323380801, 3.20, 5.17, 21.79, 23.19, 5631, 8445
50, 0.146733079707, 3.35, 5.41, 21.92, 23.33, 7038, 7038
60, 0.153959709008, 3.58, 5.60, 22.05, 23.49, 8446, 5630
70, 0.161865299941, 3.67, 6.04, 22.20, 23.63, 9853, 4223
80, 0.170833692288, 3.78, 6.79, 22.32, 23.84, 11261, 2815
90, 0.183259457073, 3.97, 8.10, 22.46, 24.10, 12668, 1408


Forest Importance
('pub_rec', 0.0007174508530181764)
('delinq_2yrs', 0.00082906118778501125)
('mths_since_last_record', 0.0016282580555494711)
('title_num_words', 0.0038073011401105802)
('is_inc_v', 0.0038210651397446449)
('home_ownership', 0.0052267756146537007)
('even_loan_amnt', 0.0052511647978960695)
('term', 0.007992069340442361)
('open_acc', 0.009485093188233186)
('title_upper_count', 0.010454211155623481)
('emp_length', 0.010852529108120582)
('mths_since_last_delinq', 0.011083089438895239)
('title_len', 0.012410289851250332)
('loan_amnt', 0.01275441686957534)
('total_acc', 0.01355449217966773)
('credit_length', 0.016049400200551033)
('max_urate', 0.016870615605813735)
('urate_range', 0.017013455854881135)
('zip_code', 0.017735140285351669)
('med_inc', 0.017905805875736022)
('min_urate', 0.018295106176999868)
('dti', 0.0187182937722668)
('purpose', 0.020148013818614335)
('mod_rate', 0.02101391057928682)
('title_upper_pct', 0.021067092816307649)
('issue_mth', 0.02109200353357087)
('revol_bal', 0.021392560419775091)
('title_rank', 0.021540019467497732)
('urate_chg', 0.021608178640663243)
('short_title_rank', 0.022028415065487514)
('revol_util', 0.022747245711045763)
('title_last_word_rank', 0.023675675461161446)
('installment', 0.023961053367754611)
('inq_last_6mths', 0.024982515382936388)
('title_first_word_rank', 0.025815917987970151)
('avg_urate', 0.028105920612686384)
('revol_bal-loan', 0.028246824829360889)
('urate', 0.029588880285197298)
('fico_range_low', 0.034496777014751873)
('int_pymt', 0.043003341324895764)
('pct_med_inc', 0.043788033054039513)
('annual_inc', 0.047822503080219986)
('sub_grade', 0.10985776449415346)
('int_rate', 0.11156226736045705)


Forest Parameters
oob_score: False
n_jobs: 1
verbose: 2
min_density: None
compute_importances: None
max_leaf_nodes: None
bootstrap: True
min_samples_leaf: 100
n_estimators: 400
min_samples_split: 2
random_state: None
criterion: gini
max_features: auto
max_depth: None
