OOS Cutoff = 2014-03-01 00:00:00
Int Range: [0,7]
  LAlpha  UAlpha     ROE    DExp    DAct    Rate     Num
    0.25    4.10    6.27    2.84    0.00    6.27      94
    4.10    4.58    5.07    1.91    1.21    6.28      94
    4.58    4.85    6.31    1.59    0.00    6.31      94
    4.85    5.12    6.30    1.32    0.00    6.30      93
    5.12    5.30    6.07    1.15    0.28    6.35      94
    5.30    5.43    5.17    1.02    1.21    6.38      94
    5.43    5.60    6.36    0.85    0.00    6.36      93
    5.60    5.79    6.46    0.76    0.00    6.46      94
    5.79    6.02    5.68    0.69    0.91    6.59      94
    6.02    6.42    6.62    0.44    0.00    6.62      93

Int Range: [7,10]
  LAlpha  UAlpha     ROE    DExp    DAct    Rate     Num
    2.01    5.46    6.76    3.48    1.55    8.31     547
    5.46    5.99    6.99    2.60    1.37    8.36     546
    5.99    6.35    7.20    2.19    1.16    8.37     546
    6.35    6.65    7.36    1.89    1.03    8.39     547
    6.65    6.89    7.46    1.63    0.94    8.40     546
    6.89    7.12    7.28    1.46    1.18    8.46     546
    7.12    7.40    7.59    1.41    1.07    8.66     547
    7.40    7.77    7.92    1.55    1.21    9.13     546
    7.77    8.17    7.95    1.32    1.34    9.28     546
    8.17    9.40    7.67    0.98    1.82    9.49     546

Int Range: [10,12]
  LAlpha  UAlpha     ROE    DExp    DAct    Rate     Num
    1.61    6.91    9.21    5.31    2.12   11.33     374
    6.91    7.66    9.45    4.01    1.88   11.33     374
    7.66    8.13    9.56    3.49    1.84   11.40     374
    8.13    8.53    9.07    3.08    2.34   11.41     374
    8.53    8.86   10.88    2.74    0.55   11.43     374
    8.86    9.17   10.11    2.53    1.44   11.55     374
    9.17    9.47    8.76    2.23    2.80   11.55     374
    9.47    9.82    9.56    1.97    2.05   11.62     374
    9.82   10.27   10.85    1.72    0.90   11.75     374
   10.27   11.56    9.40    1.28    2.55   11.94     374

Int Range: [12,13.5]
  LAlpha  UAlpha     ROE    DExp    DAct    Rate     Num
    2.16    7.37    9.34    6.48    3.51   12.85     436
    7.37    8.16    8.60    5.00    4.20   12.80     436
    8.16    8.69    8.76    4.33    4.01   12.77     436
    8.69    9.10   10.17    3.84    2.58   12.75     436
    9.10    9.42   10.17    3.48    2.56   12.74     436
    9.42    9.74    9.38    3.14    3.35   12.72     436
    9.74   10.08   10.07    2.83    2.66   12.73     436
   10.08   10.40   10.93    2.50    1.80   12.73     436
   10.40   10.78   10.57    2.19    2.19   12.76     436
   10.78   11.97   11.33    1.63    1.41   12.74     436

Int Range: [13.5,15]
  LAlpha  UAlpha     ROE    DExp    DAct    Rate     Num
    0.03    6.94    7.64    8.48    6.57   14.21     628
    6.94    7.94    9.88    6.68    4.29   14.17     627
    7.94    8.65   10.55    5.81    3.59   14.13     628
    8.65    9.17    9.95    5.21    4.17   14.12     627
    9.17    9.67    9.95    4.72    4.19   14.14     628
    9.67   10.12    8.94    4.26    5.22   14.16     627
   10.12   10.55    8.96    3.83    5.20   14.17     628
   10.55   11.00   11.41    3.41    2.78   14.18     627
   11.00   11.46   11.83    2.95    2.33   14.16     628
   11.46   13.02   10.86    2.39    3.38   14.23     627

Int Range: [15,17]
  LAlpha  UAlpha     ROE    DExp    DAct    Rate     Num
   -1.38    6.44    7.68   11.03    8.27   15.95     581
    6.44    7.65    8.29    8.79    7.60   15.88     581
    7.65    8.44    8.10    7.79    7.76   15.85     581
    8.44    9.13    9.85    6.99    5.95   15.80     581
    9.13    9.70   11.59    6.40    4.22   15.81     581
    9.70   10.23   12.47    5.82    3.32   15.79     581
   10.23   10.75   11.86    5.30    3.92   15.78     581
   10.75   11.27   12.63    4.70    3.08   15.71     581
   11.27   11.88   12.32    4.11    3.35   15.67     581
   11.88   13.70   12.30    3.35    3.38   15.68     580

Int Range: [17,20]
  LAlpha  UAlpha     ROE    DExp    DAct    Rate     Num
   -3.46    4.28    4.93   16.12   13.58   18.51     568
    4.28    6.03    9.92   13.38    8.69   18.61     567
    6.03    7.32    9.63   11.84    8.92   18.55     568
    7.32    8.29    9.99   10.75    8.58   18.57     567
    8.29    9.23   11.71    9.80    6.87   18.58     567
    9.23   10.04   13.34    9.03    5.33   18.67     568
   10.04   10.84   12.95    8.22    5.73   18.67     567
   10.84   11.71   13.41    7.43    5.29   18.70     568
   11.71   12.72   13.50    6.69    5.37   18.87     567
   12.72   16.12   12.76    5.41    6.26   19.02     567

Int Range: [20,30]
  LAlpha  UAlpha     ROE    DExp    DAct    Rate     Num
   -9.91    1.79    2.33   24.73   21.14   23.47     330
    1.79    4.03    5.27   19.97   17.67   22.94     329
    4.03    5.77    8.03   17.85   14.71   22.74     330
    5.77    6.99   10.87   16.34   11.87   22.74     329
    6.99    8.23   12.30   14.78   10.07   22.37     329
    8.23    9.28    9.24   13.61   13.13   22.38     330
    9.28   10.30   10.05   12.22   11.96   22.01     329
   10.30   11.42   12.05   11.01    9.83   21.88     330
   11.42   12.82   12.37    9.83    9.53   21.90     329
   12.82   19.00   13.35    7.92    8.79   22.14     329


MinAlpha	ROE	Count
-5	9.74	35526
-4	9.75	35506
-3	9.77	35482
-2	9.77	35453
-1	9.77	35386
0	9.79	35311
1	9.81	35183
2	9.82	34977
3	9.88	34627
4	9.93	34061
5	10.00	32896
6	10.22	30455
7	10.53	26560
8	10.83	21775
9	11.31	16492
10	11.65	10636
11	12.56	5401
12	12.97	2085
13	12.57	775
14	14.95	310
15	16.86	103

Forest Importance
('term', 0.0054666203501523448)
('purpose', 0.011175607653717438)
('home_ownership', 0.016268862506866318)
('inq_last_6mths', 0.022098783655653795)
('loan_amnt', 0.025527203862614666)
('open_acc', 0.037351603381217846)
('fico_range_low', 0.040794293425995568)
('emp_length', 0.049602333163971217)
('dti', 0.055962327800237251)
('credit_length', 0.059260140639783458)
('sub_grade', 0.064378491853919029)
('revol_util', 0.068629167496563115)
('revol_bal', 0.089488034930754926)
('installment', 0.099283533184222644)
('annual_inc', 0.10021559826710195)
('int_rate', 0.25449739782722847)


Forest Parameters
oob_score: False
n_jobs: 8
verbose: 0
min_density: None
compute_importances: None
max_leaf_nodes: None
bootstrap: True
min_samples_leaf: 100
n_estimators: 400
min_samples_split: 2
random_state: None
criterion: mse
max_features: auto
max_depth: None
