
Int Range: [0,7]
  LAlpha  UAlpha     ROE    DExp    DAct    Rate     Num
   -5.03    1.62    1.11    5.86    5.10    6.21     745
    1.62    2.70    2.76    4.04    3.49    6.25     745
    2.70    3.38    4.24    3.19    2.01    6.25     745
    3.38    3.87    5.34    2.64    0.94    6.28     745
    3.87    4.27    4.82    2.22    1.48    6.30     744
    4.27    4.62    5.36    1.85    0.94    6.30     745
    4.62    4.94    5.21    1.50    1.07    6.29     745
    4.94    5.25    5.76    1.20    0.54    6.29     745
    5.25    5.58    5.82    0.94    0.54    6.35     745
    5.58    6.61    6.20    0.62    0.27    6.47     744

Int Range: [7,10]
  LAlpha  UAlpha     ROE    DExp    DAct    Rate     Num
   -3.62    3.12   -0.34    6.44    8.58    8.25    2319
    3.12    4.26    3.17    4.62    5.18    8.35    2318
    4.26    5.00    5.11    3.70    3.23    8.35    2319
    5.00    5.58    6.02    3.02    2.29    8.31    2318
    5.58    6.05    6.55    2.50    1.77    8.32    2318
    6.05    6.46    6.75    2.08    1.60    8.34    2319
    6.46    6.84    7.08    1.77    1.34    8.42    2318
    6.84    7.28    7.47    1.58    1.16    8.63    2319
    7.28    7.86    8.28    1.45    0.73    9.01    2318
    7.86    9.47    8.54    1.06    0.82    9.36    2318

Int Range: [10,12]
  LAlpha  UAlpha     ROE    DExp    DAct    Rate     Num
   -3.19    3.83    1.11    8.51    9.82   10.92    2170
    3.83    5.20    4.06    6.36    6.87   10.93    2169
    5.20    6.18    5.54    5.22    5.39   10.93    2170
    6.18    7.00    6.30    4.36    4.66   10.96    2169
    7.00    7.75    7.70    3.60    3.27   10.98    2169
    7.75    8.44    8.60    2.94    2.44   11.04    2170
    8.44    9.00    9.41    2.39    1.71   11.12    2169
    9.00    9.50   10.07    1.87    1.06   11.13    2170
    9.50   10.03   10.51    1.59    0.83   11.34    2169
   10.03   11.37   10.63    1.25    1.06   11.69    2169

Int Range: [12,13.5]
  LAlpha  UAlpha     ROE    DExp    DAct    Rate     Num
   -3.19    3.82   -1.76   10.24   14.43   12.67    2162
    3.82    5.32    4.15    8.04    8.51   12.66    2162
    5.32    6.40    5.18    6.75    7.45   12.63    2161
    6.40    7.36    7.20    5.77    5.46   12.66    2162
    7.36    8.25    7.36    4.92    5.37   12.73    2161
    8.25    9.18    9.06    4.05    3.70   12.76    2162
    9.18   10.01   10.99    3.23    1.85   12.84    2162
   10.01   10.67   11.14    2.50    1.71   12.85    2161
   10.67   11.28   11.55    1.91    1.34   12.89    2162
   11.28   12.90   12.11    1.34    0.93   13.04    2161

Int Range: [13.5,15]
  LAlpha  UAlpha     ROE    DExp    DAct    Rate     Num
   -3.14    4.79    1.28   11.05   12.93   14.21    2235
    4.79    6.56    4.24    8.46    9.94   14.17    2234
    6.56    7.80    6.87    6.95    7.29   14.16    2235
    7.80    8.83    8.55    5.82    5.60   14.14    2234
    8.83    9.71    9.62    4.86    4.52   14.14    2235
    9.71   10.47   10.79    4.06    3.36   14.15    2234
   10.47   11.14   11.61    3.40    2.60   14.21    2235
   11.14   11.78   12.32    2.83    1.97   14.29    2234
   11.78   12.51   12.60    2.26    1.79   14.39    2235
   12.51   14.44   13.44    1.57    1.21   14.64    2234

Int Range: [15,17]
  LAlpha  UAlpha     ROE    DExp    DAct    Rate     Num
   -2.86    4.72   -1.27   12.86   17.18   15.91    2288
    4.72    6.38    4.28   10.26   11.59   15.87    2287
    6.38    7.58    6.09    8.85    9.75   15.84    2288
    7.58    8.66    8.17    7.70    7.65   15.82    2287
    8.66    9.61    8.75    6.70    7.08   15.84    2287
    9.61   10.52   11.18    5.79    4.68   15.86    2288
   10.52   11.39   12.06    4.95    3.85   15.91    2287
   11.39   12.28   12.76    4.12    3.19   15.95    2288
   12.28   13.35   13.68    3.24    2.36   16.04    2287
   13.35   16.23   15.39    2.26    0.96   16.35    2287

Int Range: [17,20]
  LAlpha  UAlpha     ROE    DExp    DAct    Rate     Num
   -2.85    4.53   -0.66   15.42   18.92   18.26    2230
    4.53    6.36    2.28   12.73   15.97   18.25    2229
    6.36    7.69    4.44   11.25   13.86   18.30    2229
    7.69    8.89    8.41   10.03    9.91   18.32    2230
    8.89   10.03    9.12    8.86    9.20   18.32    2229
   10.03   11.08    9.50    7.76    8.84   18.34    2229
   11.08   12.20   12.24    6.73    6.14   18.38    2230
   12.20   13.38   14.14    5.71    4.35   18.49    2229
   13.38   14.68   15.91    4.53    2.65   18.56    2229
   14.68   18.14   16.89    3.29    1.97   18.87    2229

Int Range: [20,30]
  LAlpha  UAlpha     ROE    DExp    DAct    Rate     Num
   -2.51    6.68   -1.73   17.09   23.59   21.85    1416
    6.68    8.58    6.60   14.19   15.32   21.92    1416
    8.58   10.01    7.99   12.78   14.12   22.11    1416
   10.01   11.26    8.95   11.43   13.14   22.08    1416
   11.26   12.40   10.66   10.42   11.59   22.25    1415
   12.40   13.44   12.43    9.41    9.89   22.32    1416
   13.44   14.49   13.82    8.41    8.55   22.36    1416
   14.49   15.62   15.51    7.39    6.92   22.44    1416
   15.62   17.09   18.28    6.48    4.52   22.80    1416
   17.09   22.66   20.52    5.67    3.53   24.05    1415


Forest Importance
('delinq_2yrs', 0.0008200307381844178)
('pub_rec', 0.0015251925768053974)
('mths_since_last_record', 0.0022681775141974469)
('term', 0.0028047992658924662)
('even_loan_amnt', 0.0038168999716576375)
('home_ownership', 0.0041148415499998401)
('is_inc_v', 0.0056276852589100881)
('title_num_words', 0.0058428930542578665)
('title_upper_count', 0.0073986214155288303)
('open_acc', 0.0078473744508108286)
('mths_since_last_delinq', 0.0089468242132616574)
('emp_length', 0.0097203114677588062)
('loan_amnt', 0.010116584321109266)
('total_acc', 0.011429129170877123)
('title_len', 0.013013357061625253)
('dti', 0.01360102276732602)
('zip3_charity_pct', 0.014288104597139539)
('purpose', 0.014632648975847162)
('med_inc', 0.015154563496120391)
('title_upper_pct', 0.016077450762745759)
('credit_length', 0.0163528369813743)
('revol_bal', 0.016455116993116348)
('zip_code', 0.016732611820958962)
('issue_mth', 0.016847314591638688)
('inq_last_6mths', 0.017586817351119683)
('urate_range', 0.01800952840325911)
('fico_range_low', 0.018206271309101543)
('revol_util', 0.018800307101776225)
('installment', 0.019437020404687703)
('revol_bal-loan', 0.020143037451577903)
('min_urate', 0.021948319355631615)
('max_urate', 0.022381488754251246)
('title_last_word_rank', 0.027011776464575886)
('title_rank', 0.027060763104558232)
('int_pymt', 0.030013960227237024)
('mod_rate', 0.032548699937939872)
('annual_inc', 0.033786568761580246)
('pct_med_inc', 0.035980547743705564)
('short_title_rank', 0.035981414231365076)
('urate_chg', 0.040738289944435034)
('avg_urate', 0.047563169991171328)
('title_first_word_rank', 0.0483387137452038)
('urate', 0.067563802938287496)
('sub_grade', 0.07078138782059247)
('int_rate', 0.11068372194079873)


Forest Parameters
oob_score: False
n_jobs: 1
verbose: 2
min_density: None
compute_importances: None
max_leaf_nodes: None
bootstrap: True
min_samples_leaf: 100
n_estimators: 400
min_samples_split: 2
random_state: None
criterion: gini
max_features: auto
max_depth: None
