OOS Cutoff = 2015-01-01
Int Range: [0,7]
  LAlpha  UAlpha     ROE    DExp    DAct    Rate     Num
  -20.02    4.78    5.15    2.01    1.16    6.31     369
    4.78    5.07    5.37    1.36    0.93    6.30     369
    5.07    5.29    5.07    1.13    1.25    6.31     369
    5.29    5.44    6.37    1.00    0.00    6.37     369
    5.44    5.57    6.09    0.89    0.31    6.40     368
    5.57    5.71    5.78    0.86    0.72    6.50     369
    5.71    5.86    6.22    0.84    0.41    6.62     369
    5.86    6.01    6.14    0.78    0.57    6.72     369
    6.01    6.23    6.55    0.75    0.31    6.86     369
    6.23    6.71    6.50    0.59    0.48    6.99     368

Int Range: [7,10]
  LAlpha  UAlpha     ROE    DExp    DAct    Rate     Num
    1.44    4.86    4.70    4.13    3.73    8.43     870
    4.86    5.32    6.38    3.22    1.95    8.33     869
    5.32    5.66    6.79    2.84    1.54    8.33     870
    5.66    5.91    6.94    2.50    1.34    8.28     869
    5.91    6.15    6.33    2.31    2.01    8.34     870
    6.15    6.38    6.44    2.10    1.93    8.36     869
    6.38    6.60    7.43    1.90    0.96    8.39     870
    6.60    6.87    7.15    1.81    1.39    8.54     869
    6.87    7.23    7.14    1.68    1.58    8.73     870
    7.23    8.51    8.58    1.53    0.53    9.11     869

Int Range: [10,12]
  LAlpha  UAlpha     ROE    DExp    DAct    Rate     Num
    0.01    5.42    5.79    6.98    5.63   11.42     762
    5.42    6.14    7.31    5.55    4.05   11.36     761
    6.14    6.68    7.63    4.88    3.67   11.31     761
    6.68    7.09    7.22    4.38    4.05   11.27     761
    7.09    7.44    7.54    3.97    3.70   11.24     761
    7.44    7.78    8.45    3.69    2.86   11.30     762
    7.78    8.12    9.55    3.29    1.68   11.23     761
    8.12    8.48    8.89    3.00    2.40   11.29     761
    8.48    8.93    9.47    2.62    1.84   11.31     761
    8.93   10.37    9.53    2.20    1.98   11.52     761

Int Range: [12,13.5]
  LAlpha  UAlpha     ROE    DExp    DAct    Rate     Num
   -1.63    4.43    5.74    9.39    6.94   12.68     558
    4.43    5.38    5.93    7.72    6.73   12.66     557
    5.38    6.01    5.81    6.97    6.85   12.67     558
    6.01    6.52    6.25    6.38    6.41   12.66     557
    6.52    6.97    8.10    5.91    4.56   12.66     558
    6.97    7.45    5.87    5.45    6.80   12.67     557
    7.45    7.92    8.78    4.99    3.90   12.68     558
    7.92    8.42    8.00    4.52    4.70   12.70     557
    8.42    9.06   10.07    3.99    2.65   12.72     558
    9.06   11.39   10.49    3.09    2.27   12.76     557

Int Range: [13.5,15]
  LAlpha  UAlpha     ROE    DExp    DAct    Rate     Num
   -2.31    4.37    3.41   11.03   10.77   14.18     724
    4.37    5.33    7.36    9.33    6.86   14.21     723
    5.33    6.11    7.65    8.47    6.56   14.21     723
    6.11    6.77    9.14    7.78    5.10   14.24     723
    6.77    7.35    8.09    7.16    6.13   14.22     723
    7.35    7.91    8.57    6.62    5.68   14.24     723
    7.91    8.49    9.70    6.12    4.60   14.31     723
    8.49    9.18   10.59    5.46    3.68   14.27     723
    9.18   10.01    9.52    4.78    4.83   14.35     723
   10.01   12.75   10.33    3.74    4.11   14.45     723

Int Range: [15,17]
  LAlpha  UAlpha     ROE    DExp    DAct    Rate     Num
   -8.55    1.47    2.48   16.63   13.57   16.05     493
    1.47    3.43    2.65   13.40   13.31   15.97     492
    3.43    4.50    7.52   12.00    8.46   15.99     493
    4.50    5.43    5.03   11.00   10.96   15.99     492
    5.43    6.22    8.26   10.17    7.73   15.99     493
    6.22    6.99    7.85    9.35    8.11   15.96     492
    6.99    7.72    8.79    8.60    7.16   15.95     493
    7.72    8.54    8.65    7.85    7.33   15.99     492
    8.54    9.58    9.43    6.91    6.54   15.96     493
    9.58   12.73   10.63    5.60    5.35   15.98     492

Int Range: [17,20]
  LAlpha  UAlpha     ROE    DExp    DAct    Rate     Num
   -9.67   -0.75   -3.82   21.96   22.74   18.92     520
   -0.75    1.52    0.45   18.14   18.16   18.61     520
    1.52    3.19    5.88   16.04   12.55   18.43     520
    3.19    4.34    5.67   14.55   12.68   18.35     520
    4.34    5.41    6.70   13.37   11.55   18.24     520
    5.41    6.36    4.09   12.32   14.11   18.20     520
    6.36    7.31    6.79   11.38   11.43   18.22     520
    7.31    8.33    6.15   10.31   11.98   18.13     520
    8.33    9.60    8.29    9.12    9.76   18.05     520
    9.60   13.72    9.55    7.51    8.63   18.18     519

Int Range: [20,30]
  LAlpha  UAlpha     ROE    DExp    DAct    Rate     Num
  -12.38   -5.23   -7.85   30.36   31.27   23.42     244
   -5.23   -3.19   -1.91   27.57   25.30   23.39     243
   -3.19   -1.52   -3.44   25.72   26.88   23.44     244
   -1.52    0.03    7.05   23.89   16.14   23.19     243
    0.03    1.29    3.52   22.64   19.76   23.28     243
    1.29    2.68    4.10   21.18   19.10   23.19     244
    2.68    4.11    6.43   19.91   16.86   23.29     243
    4.11    5.79    1.02   18.11   22.02   23.04     244
    5.79    8.15    7.62   15.91   15.25   22.88     243
    8.15   16.26   10.12   12.75   12.83   22.95     243


MinAlpha	ROE	Count
-5	7.01	44992
-4	7.05	44818
-3	7.11	44585
-2	7.16	44299
-1	7.23	43930
0	7.27	43469
1	7.33	42825
2	7.39	42063
3	7.50	40988
4	7.63	39186
5	7.85	35153
6	8.29	26387
7	8.83	17019
8	9.50	9749
9	10.05	4567
10	10.30	1706
11	11.14	511
12	11.26	106
13	9.35	30
14	20.24	10
15	23.99	1

Forest Importance
('delinq_2yrs', 0.00038348307376358519)
('purpose', 0.001116651167296552)
('verification_status', 0.0016012660843367143)
('even_loan_amnt', 0.0027382829302341864)
('loan_amnt', 0.0044532194231947705)
('avg_urate', 0.009281169118968733)
('total_acc', 0.0096556037570174735)
('urate', 0.010688701455036724)
('inq_last_6mths', 0.011028553958861381)
('urate_chg', 0.01288939411271805)
('clean_title_rank', 0.0133368283508355)
('revol_util', 0.013522926774758984)
('urate_range', 0.013657453592590851)
('installment', 0.014154513306154172)
('revol_bal_pct_inc', 0.016766224188656524)
('pct_med_inc', 0.017222935116054855)
('revol_bal-loan', 0.017415321251109422)
('ctloD', 0.01759447243452213)
('int_pct_inc', 0.018537971743306562)
('hpa4', 0.019358528763243)
('emp_length', 0.019373903500802266)
('annual_inc', 0.019583629429627727)
('home_ownership', 0.021091451912825486)
('credit_length', 0.02568068911562723)
('dti', 0.029185978762116579)
('caplo', 0.030034459382558804)
('pymt_pct_inc', 0.038465756742706345)
('ctloC', 0.044188018296574941)
('sub_grade', 0.54699261225450035)


Forest Parameters
oob_score: False
n_jobs: 8
verbose: 0
min_density: None
compute_importances: None
max_leaf_nodes: None
bootstrap: True
min_samples_leaf: 500
n_estimators: 200
min_samples_split: 2
random_state: None
criterion: mse
max_features: auto
max_depth: None
