OOS Cutoff = 2014-10-01 00:00:00
Int Range: [0,7]
  LAlpha  UAlpha     ROE    DExp    DAct    Rate     Num
   -9.62    4.20    4.80    2.74    1.48    6.28     354
    4.20    4.75    5.37    1.85    0.97    6.35     354
    4.75    5.06    5.36    1.40    0.95    6.31     354
    5.06    5.29    5.84    1.07    0.41    6.26     353
    5.29    5.48    5.94    0.87    0.32    6.26     354
    5.48    5.62    5.45    0.70    0.80    6.25     354
    5.62    5.76    5.30    0.60    0.99    6.28     353
    5.76    5.92    5.54    0.55    0.85    6.39     354
    5.92    6.14    5.28    0.55    1.29    6.57     354
    6.14    6.91    5.80    0.41    0.98    6.77     353

Int Range: [7,10]
  LAlpha  UAlpha     ROE    DExp    DAct    Rate     Num
   -1.85    4.61    5.67    4.30    2.51    8.17     990
    4.61    5.25    5.75    3.20    2.40    8.15     989
    5.25    5.66    5.75    2.63    2.35    8.10     990
    5.66    5.99    6.42    2.23    1.64    8.06     989
    5.99    6.25    6.82    1.93    1.24    8.06     989
    6.25    6.48    6.75    1.68    1.29    8.04     990
    6.48    6.72    7.01    1.49    1.08    8.09     989
    6.72    7.02    7.45    1.47    0.88    8.33     990
    7.02    7.47    6.85    1.41    1.79    8.64     989
    7.47    8.79    7.93    1.26    1.18    9.12     989

Int Range: [10,12]
  LAlpha  UAlpha     ROE    DExp    DAct    Rate     Num
   -1.19    5.36    7.20    6.86    3.88   11.08     902
    5.36    6.24    7.95    5.20    3.09   11.03     902
    6.24    6.84    8.23    4.49    2.81   11.04     902
    6.84    7.35    7.12    3.93    3.92   11.04     902
    7.35    7.77    8.09    3.47    2.95   11.04     901
    7.77    8.14    8.78    3.12    2.28   11.07     902
    8.14    8.50    8.48    2.74    2.58   11.06     902
    8.50    8.88    8.09    2.38    2.97   11.06     902
    8.88    9.36    9.63    2.08    1.56   11.18     902
    9.36   11.19    9.47    1.66    2.01   11.48     901

Int Range: [12,13.5]
  LAlpha  UAlpha     ROE    DExp    DAct    Rate     Num
   -4.05    4.74    7.33    9.49    5.52   12.85     899
    4.74    5.78    6.85    7.57    6.02   12.87     898
    5.78    6.52    7.45    6.69    5.41   12.86     899
    6.52    7.14    7.94    6.03    4.92   12.86     898
    7.14    7.71    7.83    5.45    5.04   12.87     899
    7.71    8.22    8.24    4.91    4.63   12.87     898
    8.22    8.71    9.36    4.45    3.55   12.91     899
    8.71    9.23    9.57    3.93    3.32   12.89     898
    9.23    9.89    9.79    3.37    3.13   12.92     899
    9.89   12.23   10.75    2.53    2.25   12.99     898

Int Range: [13.5,15]
  LAlpha  UAlpha     ROE    DExp    DAct    Rate     Num
   -3.79    4.61    5.33   11.13    9.08   14.41     899
    4.61    5.78    6.37    9.12    8.01   14.38     898
    5.78    6.63    7.26    8.14    7.10   14.37     899
    6.63    7.35    5.97    7.40    8.42   14.39     898
    7.35    7.97    7.77    6.75    6.64   14.41     899
    7.97    8.55    8.15    6.14    6.24   14.39     898
    8.55    9.16    7.47    5.53    6.90   14.37     899
    9.16    9.83    7.29    4.89    7.08   14.37     898
    9.83   10.65    9.23    4.19    5.17   14.40     899
   10.65   13.33   10.22    3.14    4.26   14.48     898

Int Range: [15,17]
  LAlpha  UAlpha     ROE    DExp    DAct    Rate     Num
   -9.71    3.18    4.66   14.95   11.61   16.27     631
    3.18    4.78    4.72   12.09   11.43   16.15     631
    4.78    5.77    7.87   10.83    8.26   16.13     631
    5.77    6.67    7.37    9.89    8.74   16.12     631
    6.67    7.41    6.98    9.10    9.16   16.14     631
    7.41    8.17    5.82    8.31   10.28   16.10     631
    8.17    8.91    6.09    7.61   10.04   16.14     631
    8.91    9.74   10.51    6.81    5.60   16.11     631
    9.74   10.66    9.44    5.95    6.68   16.13     631
   10.66   13.51   10.32    4.66    5.79   16.11     631

Int Range: [17,20]
  LAlpha  UAlpha     ROE    DExp    DAct    Rate     Num
  -10.82    1.01    1.13   20.14   17.55   18.67     582
    1.01    3.07    4.23   16.34   14.25   18.49     581
    3.07    4.62    5.00   14.52   13.39   18.39     582
    4.62    5.75    5.91   13.12   12.42   18.33     581
    5.75    6.72    5.29   12.12   13.07   18.36     581
    6.72    7.66    5.73   11.13   12.59   18.32     582
    7.66    8.60    9.79   10.22    8.56   18.35     581
    8.60    9.54    6.36    9.24   11.93   18.29     582
    9.54   10.69    9.02    8.26    9.32   18.35     581
   10.69   15.17    8.92    6.62    9.46   18.38     581

Int Range: [20,30]
  LAlpha  UAlpha     ROE    DExp    DAct    Rate     Num
  -13.70   -5.37   -3.51   31.24   26.80   23.28     351
   -5.37   -2.61    1.36   26.66   21.44   22.80     350
   -2.61   -0.65    2.21   24.40   20.57   22.77     350
   -0.65    1.19   -1.58   22.45   24.31   22.73     350
    1.19    2.85    8.44   20.73   14.39   22.83     350
    2.85    4.40    3.30   18.93   19.28   22.58     350
    4.40    6.07    0.71   17.09   21.60   22.31     350
    6.07    7.73    5.11   15.39   17.16   22.27     350
    7.73    9.79    2.26   13.66   20.07   22.33     350
    9.79   18.21    9.85   10.69   12.53   22.38     350


MinAlpha	ROE	Count
-5	7.14	55617
-4	7.18	55455
-3	7.19	55266
-2	7.21	55025
-1	7.26	54694
0	7.30	54305
1	7.36	53768
2	7.38	53027
3	7.41	51797
4	7.52	49547
5	7.65	45105
6	8.00	36530
7	8.31	26576
8	8.86	18097
9	9.33	10391
10	9.90	4901
11	10.25	1834
12	11.13	556
13	10.74	135
14	7.92	50
15	9.87	21

Forest Importance
('pub_rec', 0.00029520662389214927)
('delinq_2yrs', 0.00062173878863730795)
('term', 0.0027351181606751363)
('verification_status', 0.0041498395680892941)
('purpose', 0.0043283858343551472)
('loan_amnt', 0.0044262574984208335)
('even_loan_amnt', 0.0048228022616182776)
('mths_since_last_record', 0.0056212193837262949)
('mths_since_last_major_derog', 0.0065297152960589544)
('home_ownership', 0.013861945388707615)
('open_acc', 0.014034719170221309)
('inq_last_6mths', 0.015488971019894351)
('mths_since_last_delinq', 0.018963399483626131)
('int_pymt', 0.020433536800895543)
('total_acc', 0.023431355152198616)
('emp_length', 0.024148926666490642)
('installment', 0.024284549930559205)
('revol_bal', 0.025556016908689853)
('tok4_capitalization_log_odds', 0.027402148274629411)
('annual_inc', 0.029788472775835972)
('revol_bal_pct_inc', 0.030550784565506264)
('reg_tok4_clean_title_log_odds', 0.030826745143965519)
('revol_bal-loan', 0.031332582139622221)
('revol_util', 0.032960565891122708)
('dti', 0.033282209313580759)
('credit_length', 0.03537675620920195)
('pct_med_inc', 0.036750628489201798)
('int_pct_inc', 0.037758827967032185)
('urate', 0.039589704928891606)
('pymt_pct_inc', 0.046917752602950877)
('tok4_clean_title_log_odds', 0.048174642202699423)
('int_rate', 0.12452805527819993)
('sub_grade', 0.20102642028080273)


Forest Parameters
oob_score: False
n_jobs: 8
verbose: 0
min_density: None
compute_importances: None
max_leaf_nodes: None
bootstrap: True
min_samples_leaf: 150
n_estimators: 400
min_samples_split: 2
random_state: None
criterion: mse
max_features: auto
max_depth: None
