OOS Cutoff = 2015-01-01

 LPrepay UPrepay    PExp    PAct    Rate     Num
    3.03    5.96    5.22    5.15   13.64    2942
    5.96    6.81    6.39    5.82   13.44    2942
    6.81    7.47    7.15    7.02   13.31    2942
    7.47    8.04    7.76    7.45   13.07    2942
    8.04    8.58    8.31    7.85   13.11    2942
    8.58    9.12    8.85    8.45   12.95    2942
    9.12    9.66    9.39    8.97   13.01    2942
    9.66   10.22    9.94   10.54   12.92    2942
   10.22   10.78   10.50   10.23   12.85    2942
   10.78   11.35   11.06   10.83   12.89    2942
   11.35   11.96   11.65   12.25   12.84    2942
   11.96   12.64   12.29   12.59   12.61    2942
   12.64   13.33   12.99   13.37   12.68    2942
   13.33   14.09   13.71   13.91   12.82    2942
   14.09   14.93   14.50   14.86   12.73    2942
   14.93   15.81   15.36   15.57   12.86    2942
   15.81   16.89   16.34   18.01   12.93    2942
   16.89   18.36   17.59   18.59   12.79    2942
   18.36   20.71   19.43   21.90   12.66    2942
   20.71   33.55   23.54   26.69   12.29    2942


MinPrepay	AvgLowPrepay	AvgHighPrepay
5	12.62	4.78
6	12.91	5.10
7	13.38	5.62
8	14.00	6.34
9	14.77	6.93
10	15.60	7.47
11	16.48	8.03
12	17.31	8.62
13	18.17	9.11
14	19.18	9.55
15	20.19	10.00
16	21.58	10.37
17	22.58	10.78
18	23.77	11.10
19	24.94	11.36
20	25.63	11.63
21	27.24	11.80
22	28.36	11.96
23	29.73	12.08
24	29.95	12.20
25	31.50	12.27
26	32.58	12.34
27	31.65	12.40
28	33.13	12.43
29	33.22	12.46
30	34.94	12.48

Forest Importance
('delinq_2yrs', 0.0010291015124734167)
('home_ownership', 0.0017415380416106539)
('even_loan_amnt', 0.0025795277703769353)
('purpose', 0.0068597757491365204)
('loan_amnt', 0.010235913690701563)
('inq_last_6mths', 0.010483750184869156)
('int_pymt', 0.015086207786960128)
('revol_bal', 0.015984272334724665)
('revol_bal-loan', 0.017393944872231538)
('installment', 0.018646723648288805)
('med_inc', 0.019873303400326729)
('cur_bal-loan_amnt', 0.022101025185876956)
('credit_length', 0.023550903939430479)
('mths_since_last_delinq', 0.034928694008949157)
('int_pct_inc', 0.043851120522594128)
('hpa4', 0.043977437212840718)
('int_rate', 0.044700053792617656)
('sub_grade', 0.045288394266580087)
('revol_bal_pct_inc', 0.05309666064703128)
('term', 0.053428283669004602)
('dti', 0.05601384012346515)
('pymt_pct_inc', 0.058852543094895987)
('total_acc', 0.062716168074349085)
('cur_bal_pct_loan_amnt', 0.06560605980197988)
('pctlo', 0.091919871472485537)
('revol_util', 0.18005488519619914)


Forest Parameters
oob_score: False
n_jobs: 8
verbose: 0
min_density: None
compute_importances: None
max_leaf_nodes: None
bootstrap: True
min_samples_leaf: 400
n_estimators: 200
min_samples_split: 2
random_state: None
criterion: mse
max_features: auto
max_depth: None
