OOS Cutoff = 2014-05-01 00:00:00
Int Range: [0,7]
  LAlpha  UAlpha     ROE    DExp    DAct    Rate     Num
    1.04    3.86    4.85    3.04    1.34    6.19     147
    3.86    4.42    4.01    2.03    2.19    6.21     147
    4.42    4.79    5.85    1.58    0.36    6.20     147
    4.79    5.01    6.22    1.31    0.00    6.22     147
    5.01    5.19    6.17    1.07    0.00    6.17     147
    5.19    5.36    6.17    0.90    0.00    6.17     147
    5.36    5.51    5.52    0.79    0.71    6.23     147
    5.51    5.67    6.24    0.65    0.00    6.24     147
    5.67    5.89    5.77    0.58    0.58    6.35     147
    5.89    6.42    6.35    0.45    0.18    6.53     146

Int Range: [7,10]
  LAlpha  UAlpha     ROE    DExp    DAct    Rate     Num
    1.74    5.21    6.04    3.59    2.01    8.05     489
    5.21    5.82    6.26    2.51    1.80    8.05     489
    5.82    6.21    6.89    2.01    1.15    8.03     488
    6.21    6.50    7.23    1.68    0.81    8.04     489
    6.50    6.77    7.05    1.45    1.04    8.09     488
    6.77    7.04    6.83    1.40    1.47    8.30     489
    7.04    7.30    7.97    1.26    0.46    8.43     489
    7.30    7.62    7.24    1.19    1.40    8.64     488
    7.62    7.99    7.79    1.10    1.10    8.89     489
    7.99    9.24    8.04    0.84    1.11    9.15     488

Int Range: [10,12]
  LAlpha  UAlpha     ROE    DExp    DAct    Rate     Num
    1.76    6.42    7.90    5.49    2.93   10.83     543
    6.42    7.25    8.18    3.94    2.64   10.82     543
    7.25    7.79    8.60    3.26    2.21   10.81     543
    7.79    8.18    8.21    2.89    2.66   10.87     542
    8.18    8.53    9.09    2.57    1.83   10.92     543
    8.53    8.82    9.49    2.30    1.48   10.97     543
    8.82    9.15    8.87    2.12    2.23   11.10     542
    9.15    9.51    8.80    1.91    2.43   11.23     543
    9.51    9.97    9.88    1.64    1.49   11.37     543
    9.97   11.45    9.63    1.21    1.96   11.59     542

Int Range: [12,13.5]
  LAlpha  UAlpha     ROE    DExp    DAct    Rate     Num
   -4.77    5.93    7.99    8.40    5.03   13.02     588
    5.93    7.01    7.33    6.43    5.62   12.95     588
    7.01    7.72    8.52    5.59    4.44   12.96     587
    7.72    8.29    9.34    4.92    3.59   12.93     588
    8.29    8.78    8.72    4.36    4.18   12.90     587
    8.78    9.21   10.03    3.90    2.86   12.90     588
    9.21    9.63   10.85    3.46    2.02   12.88     588
    9.63   10.05   10.96    3.03    1.90   12.86     587
   10.05   10.62   11.04    2.61    1.88   12.92     588
   10.62   12.15   10.82    1.93    2.17   12.99     587

Int Range: [13.5,15]
  LAlpha  UAlpha     ROE    DExp    DAct    Rate     Num
   -1.69    5.91    7.57    9.83    6.85   14.42     615
    5.91    7.00    9.32    7.89    5.06   14.38     614
    7.00    7.83    8.45    6.99    5.96   14.41     614
    7.83    8.49    8.46    6.22    5.94   14.40     614
    8.49    9.08   10.11    5.60    4.29   14.40     614
    9.08    9.62   10.48    5.08    3.95   14.43     614
    9.62   10.17   10.52    4.48    3.86   14.38     614
   10.17   10.80   12.18    3.94    2.24   14.41     614
   10.80   11.53   12.14    3.29    2.28   14.42     614
   11.53   13.85   11.54    2.40    3.03   14.57     614

Int Range: [15,17]
  LAlpha  UAlpha     ROE    DExp    DAct    Rate     Num
   -9.00    4.60    7.30   13.78    9.11   16.41     507
    4.60    6.20    8.43   10.78    7.80   16.23     507
    6.20    7.31   10.22    9.39    5.97   16.18     507
    7.31    8.13   12.57    8.44    3.61   16.18     506
    8.13    8.87    8.64    7.59    7.46   16.10     507
    8.87    9.57    9.33    6.87    6.75   16.08     507
    9.57   10.27   11.75    6.13    4.30   16.06     506
   10.27   10.98   12.23    5.43    3.83   16.06     507
   10.98   11.87   10.76    4.62    5.27   16.03     507
   11.87   14.54   11.22    3.50    4.89   16.11     506

Int Range: [17,20]
  LAlpha  UAlpha     ROE    DExp    DAct    Rate     Num
  -11.00    3.11    6.47   17.84   11.98   18.44     459
    3.11    5.22    2.11   14.12   16.32   18.43     458
    5.22    6.69    9.64   12.44    8.81   18.45     459
    6.69    7.82   10.39   11.14    8.01   18.40     458
    7.82    8.82   10.96   10.14    7.53   18.49     459
    8.82    9.67    9.33    9.19    9.10   18.43     458
    9.67   10.52   11.94    8.40    6.55   18.49     459
   10.52   11.43    9.38    7.56    9.14   18.51     458
   11.43   12.52   14.82    6.57    3.71   18.53     459
   12.52   16.76   13.17    5.23    5.53   18.70     458

Int Range: [20,30]
  LAlpha  UAlpha     ROE    DExp    DAct    Rate     Num
  -18.13   -0.23    2.44   27.56   21.12   23.56     280
   -0.23    2.91    5.82   21.38   17.07   22.90     280
    2.91    4.85    6.25   18.51   16.20   22.46     280
    4.85    6.33    4.45   16.72   17.87   22.32     279
    6.33    7.64    5.27   15.15   16.88   22.15     280
    7.64    8.96   13.40   13.68    8.59   21.99     280
    8.96   10.20   11.68   12.61   10.51   22.19     279
   10.20   11.44    9.70   11.44   12.52   22.22     280
   11.44   13.14   13.44   10.21    8.99   22.43     280
   13.14   20.83   12.92    8.28   10.03   22.95     279


MinAlpha	ROE	Count
-5	9.13	36143
-4	9.13	36124
-3	9.12	36066
-2	9.13	35992
-1	9.14	35891
0	9.19	35770
1	9.21	35597
2	9.22	35308
3	9.25	34808
4	9.35	33940
5	9.56	32180
6	9.82	28904
7	10.16	24526
8	10.58	19149
9	11.06	13417
10	11.65	8044
11	11.81	4117
12	13.18	1924
13	13.10	767
14	13.16	287
15	11.47	106

Forest Importance
('urate', 8.8953548776147165e-05)
('urate_chg', 9.5172234234378885e-05)
('avg_urate', 0.00014998558743127888)
('pub_rec', 0.0003244068130891223)
('delinq_2yrs', 0.0019167567379382289)
('term', 0.0022727568059200871)
('verification_status', 0.0030466263573552242)
('loan_amnt', 0.0041757095829387993)
('even_loan_amnt', 0.0043330710770070084)
('mths_since_last_record', 0.0044490117507391489)
('purpose', 0.0050398518201392808)
('mod_rate', 0.0079884063352787631)
('home_ownership', 0.0094801997818648419)
('inq_last_6mths', 0.012148608086590702)
('open_acc', 0.013167862130353432)
('fico_range_low', 0.017572030053178526)
('int_pymt', 0.019885158784973139)
('total_acc', 0.019967008595568013)
('clean_title_rank', 0.020582932255396549)
('mths_since_last_delinq', 0.020660748145352383)
('tok4_capitalization_log_odds', 0.021550453742550865)
('emp_title_rank', 0.021924249418017152)
('emp_length', 0.024771374407042447)
('installment', 0.025613885815653915)
('revol_bal', 0.02562049730150584)
('short_title_rank', 0.02751792815047072)
('dti', 0.030224586691193607)
('zip_code', 0.030674332964707868)
('revol_util', 0.030790257782598949)
('annual_inc', 0.03085855543167022)
('revol_bal_pct_inc', 0.032434058230205981)
('credit_length', 0.032883546178043899)
('pct_med_inc', 0.033111061702596832)
('revol_bal-loan', 0.03327448741486197)
('med_inc', 0.033745835763710215)
('hpa4', 0.039074574989159068)
('sub_grade', 0.049404117456696942)
('pymt_pct_inc', 0.054582000348859384)
('tok4_clean_title_log_odds', 0.062418326217929969)
('int_rate', 0.19218061350839905)


Forest Parameters
oob_score: False
n_jobs: 8
verbose: 0
min_density: None
compute_importances: None
max_leaf_nodes: None
bootstrap: True
min_samples_leaf: 100
n_estimators: 400
min_samples_split: 2
random_state: None
criterion: mse
max_features: auto
max_depth: None
