
Int Range: [0,7]
  LAlpha  UAlpha     ROE    DExp    DAct    Rate     Num
   -6.16    1.60   -4.94    6.06   11.21    6.26    1865
    1.60    2.80    4.05    4.00    2.20    6.25    1864
    2.80    3.60    4.54    3.04    1.72    6.25    1864
    3.60    4.16    5.62    2.37    0.64    6.27    1864
    4.16    4.56    5.80    1.91    0.48    6.28    1864
    4.56    4.88    6.18    1.56    0.11    6.28    1864
    4.88    5.18    6.28    1.25    0.00    6.28    1864
    5.18    5.45    6.29    0.98    0.00    6.29    1864
    5.45    5.73    6.32    0.73    0.00    6.32    1864
    5.73    6.65    6.51    0.54    0.00    6.51    1864

Int Range: [7,10]
  LAlpha  UAlpha     ROE    DExp    DAct    Rate     Num
   -5.82    2.59   -6.55    7.35   14.87    8.32    5863
    2.59    4.14    3.94    4.89    4.40    8.34    5863
    4.14    5.13    5.33    3.64    2.98    8.31    5863
    5.13    5.82    6.32    2.78    1.96    8.28    5863
    5.82    6.32    7.39    2.16    0.85    8.24    5862
    6.32    6.71    7.84    1.72    0.39    8.24    5863
    6.71    7.09    8.03    1.49    0.36    8.39    5863
    7.09    7.53    8.58    1.42    0.14    8.71    5863
    7.53    8.04    9.06    1.30    0.02    9.08    5863
    8.04    9.51    9.41    0.97    0.00    9.41    5862

Int Range: [10,12]
  LAlpha  UAlpha     ROE    DExp    DAct    Rate     Num
   -7.02    3.28   -8.01    9.52   19.00   11.00    5436
    3.28    5.04    4.19    6.70    6.73   10.93    5435
    5.04    6.24    6.60    5.23    4.30   10.90    5436
    6.24    7.19    8.25    4.18    2.67   10.91    5435
    7.19    8.01    8.92    3.36    2.06   10.98    5436
    8.01    8.70   10.08    2.66    0.94   11.02    5435
    8.70    9.22   10.51    2.09    0.55   11.06    5436
    9.22    9.67   11.04    1.70    0.11   11.15    5435
    9.67   10.17   11.40    1.48    0.00   11.40    5436
   10.17   11.55   11.72    1.16    0.00   11.72    5435

Int Range: [12,13.5]
  LAlpha  UAlpha     ROE    DExp    DAct    Rate     Num
   -6.81    2.93  -11.17   11.75   23.88   12.71    5326
    2.93    4.87    2.51    8.71   10.16   12.67    5326
    4.87    6.22    6.55    7.08    6.10   12.65    5325
    6.22    7.34    9.46    5.85    3.17   12.64    5326
    7.34    8.43   10.17    4.81    2.52   12.68    5325
    8.43    9.55   10.18    3.78    2.59   12.77    5326
    9.55   10.38   11.82    2.83    1.00   12.82    5326
   10.38   10.99   12.71    2.14    0.13   12.84    5325
   10.99   11.52   12.89    1.63    0.00   12.89    5326
   11.52   13.06   13.07    1.16    0.00   13.07    5325

Int Range: [13.5,15]
  LAlpha  UAlpha     ROE    DExp    DAct    Rate     Num
   -8.48    3.86   -8.40   12.60   22.62   14.22    5602
    3.86    6.26    3.54    9.04   10.66   14.20    5602
    6.26    7.93    7.46    7.01    6.70   14.16    5601
    7.93    9.20    8.78    5.54    5.36   14.13    5602
    9.20   10.13   10.80    4.44    3.32   14.12    5601
   10.13   10.87   12.49    3.61    1.64   14.13    5602
   10.87   11.50   13.41    2.99    0.77   14.18    5602
   11.50   12.09   14.04    2.47    0.23   14.27    5601
   12.09   12.75   14.30    2.01    0.12   14.42    5602
   12.75   14.66   14.68    1.41    0.00   14.68    5601

Int Range: [15,17]
  LAlpha  UAlpha     ROE    DExp    DAct    Rate     Num
   -7.14    3.43  -11.04   14.74   26.97   15.93    5696
    3.43    5.82    2.37   11.17   13.50   15.88    5695
    5.82    7.51    6.19    9.16    9.66   15.85    5695
    7.51    8.85    9.25    7.61    6.57   15.82    5695
    8.85    9.97   11.36    6.39    4.46   15.82    5695
    9.97   10.94   13.29    5.39    2.56   15.85    5696
   10.94   11.81   14.33    4.49    1.55   15.87    5695
   11.81   12.67   15.28    3.71    0.67   15.95    5695
   12.67   13.63   15.74    2.91    0.30   16.04    5695
   13.63   16.41   16.36    2.02    0.04   16.40    5695

Int Range: [17,20]
  LAlpha  UAlpha     ROE    DExp    DAct    Rate     Num
   -8.05    3.16  -14.57   17.44   32.87   18.29    5574
    3.16    5.63    0.82   13.80   17.46   18.27    5573
    5.63    7.44    5.19   11.74   13.11   18.30    5574
    7.44    8.95    8.04   10.08   10.25   18.29    5573
    8.95   10.28   11.30    8.68    7.00   18.30    5573
   10.28   11.47   13.69    7.42    4.61   18.30    5574
   11.47   12.61   15.76    6.33    2.62   18.38    5573
   12.61   13.84   16.70    5.28    1.79   18.50    5574
   13.84   15.14   17.84    4.05    0.70   18.54    5573
   15.14   18.34   18.75    2.85    0.13   18.88    5573

Int Range: [20,30]
  LAlpha  UAlpha     ROE    DExp    DAct    Rate     Num
   -6.75    5.39  -12.45   19.22   34.39   21.94    3545
    5.39    8.12    1.23   15.21   20.82   22.06    3544
    8.12    9.97    6.15   13.01   15.97   22.12    3544
    9.97   11.40    9.37   11.39   12.73   22.10    3544
   11.40   12.61   13.16   10.18    9.03   22.19    3544
   12.61   13.72   15.10    9.07    7.14   22.24    3545
   13.72   14.81   18.07    8.16    4.35   22.42    3544
   14.81   16.01   19.05    7.06    3.41   22.46    3544
   16.01   17.42   20.95    5.99    1.72   22.67    3544
   17.42   23.57   23.56    5.17    0.40   23.96    3544




Forest Importance
('delinq_2yrs', 0.00088500063176635228)
('pub_rec', 0.0014307257385101271)
('mths_since_last_record', 0.0027129918035314238)
('term', 0.0034518836947128062)
('even_loan_amnt', 0.0036253426142945858)
('home_ownership', 0.0036971022986226308)
('is_inc_v', 0.0039769384459174204)
('title_num_words', 0.0043161218656594487)
('title_upper_count', 0.0078705408033993771)
('open_acc', 0.0081813098164149941)
('mths_since_last_delinq', 0.0091200840403443829)
('emp_length', 0.0095525002499563909)
('title_len', 0.010469628200288617)
('total_acc', 0.011491882858247513)
('purpose', 0.01250612232222837)
('loan_amnt', 0.014371654968842549)
('inq_last_6mths', 0.015431399135756075)
('issue_mth', 0.016104954043083163)
('med_inc', 0.016341638110621552)
('title_upper_pct', 0.016872212302547575)
('revol_bal', 0.017800448971704113)
('fico_range_low', 0.017953318043569609)
('installment', 0.018753213195543544)
('zip_code', 0.018941362367177382)
('dti', 0.021027282176588172)
('revol_util', 0.02171562151335233)
('revol_bal-loan', 0.021944684094487771)
('credit_length', 0.023135573107222061)
('title_rank', 0.024006852874914584)
('title_last_word_rank', 0.025112683207413385)
('int_pymt', 0.02826788990590812)
('mod_rate', 0.030528126188664611)
('annual_inc', 0.032095270630620433)
('urate_chg', 0.032395522301536285)
('short_title_rank', 0.033207168534862698)
('pct_med_inc', 0.035301837936351561)
('avg_urate', 0.036838175134054324)
('title_first_word_rank', 0.043622967840954152)
('urate', 0.046900789897043584)
('sub_grade', 0.06880779550787898)
('hpa4q', 0.11294922581597905)
('int_rate', 0.1162841568094279)


Forest Parameters
oob_score: False
n_jobs: 1
verbose: 2
min_density: None
compute_importances: None
max_leaf_nodes: None
bootstrap: True
min_samples_leaf: 100
n_estimators: 400
min_samples_split: 2
random_state: None
criterion: gini
max_features: auto
max_depth: None
