
Int Range: [0,7]
  LAlpha  UAlpha     ROE    DExp    DAct    Rate     Num
   -7.45    2.21    5.72    5.01    0.62    6.35     800
    2.21    2.88    5.65    3.71    0.62    6.28     800
    2.88    3.30    5.77    3.17    0.50    6.27     800
    3.30    3.65    5.78    2.79    0.50    6.28     800
    3.65    3.92    5.41    2.50    0.88    6.29     799
    3.92    4.18    5.92    2.25    0.38    6.29     800
    4.18    4.42    5.29    1.99    1.00    6.29     800
    4.42    4.67    6.18    1.76    0.12    6.31     800
    4.67    4.96    6.06    1.50    0.25    6.31     800
    4.96    6.09    6.26    1.15    0.13    6.38     799

Int Range: [7,10]
  LAlpha  UAlpha     ROE    DExp    DAct    Rate     Num
   -2.83    2.48    6.63    6.83    1.74    8.37    3159
    2.48    3.31    7.34    5.48    1.08    8.42    3158
    3.31    3.84    7.34    4.77    1.01    8.36    3158
    3.84    4.26    7.60    4.33    0.79    8.39    3159
    4.26    4.61    7.79    3.96    0.60    8.40    3158
    4.61    4.95    7.69    3.64    0.73    8.42    3158
    4.95    5.29    7.77    3.38    0.73    8.50    3159
    5.29    5.65    7.90    3.16    0.73    8.63    3158
    5.65    6.13    7.79    2.96    1.04    8.84    3158
    6.13    8.08    8.32    2.67    0.92    9.24    3158

Int Range: [10,12]
  LAlpha  UAlpha     ROE    DExp    DAct    Rate     Num
   -2.29    3.01    9.70    9.25    1.54   11.24    2784
    3.01    3.96    8.68    7.67    2.51   11.20    2784
    3.96    4.65    9.72    6.87    1.47   11.19    2784
    4.65    5.19   10.17    6.24    1.01   11.17    2784
    5.19    5.65    9.59    5.75    1.58   11.17    2784
    5.65    6.08   10.30    5.30    0.86   11.17    2784
    6.08    6.51    9.99    4.88    1.19   11.17    2784
    6.51    6.97   10.44    4.53    0.83   11.27    2784
    6.97    7.49   10.64    4.14    0.72   11.36    2784
    7.49    9.60   10.48    3.63    1.08   11.55    2784

Int Range: [12,13.5]
  LAlpha  UAlpha     ROE    DExp    DAct    Rate     Num
   -5.11    2.37   10.78   11.79    2.17   12.95    2493
    2.37    3.46   11.35    9.95    1.57   12.92    2492
    3.46    4.21   10.90    9.05    2.01   12.90    2492
    4.21    4.87   11.58    8.36    1.32   12.91    2493
    4.87    5.44   11.49    7.73    1.40   12.89    2492
    5.44    5.98   11.52    7.17    1.36   12.88    2492
    5.98    6.52   11.49    6.64    1.40   12.89    2493
    6.52    7.08   11.79    6.08    1.08   12.87    2492
    7.08    7.72   11.47    5.50    1.40   12.87    2492
    7.72    9.78   11.97    4.71    0.96   12.94    2492

Int Range: [13.5,15]
  LAlpha  UAlpha     ROE    DExp    DAct    Rate     Num
   -5.57    1.75   11.08   13.91    3.28   14.36    3479
    1.75    2.95   11.18   11.92    3.13   14.32    3478
    2.95    3.80   11.76   10.90    2.53   14.29    3478
    3.80    4.47   11.94   10.13    2.33   14.27    3478
    4.47    5.11   11.95    9.48    2.33   14.28    3478
    5.11    5.74   11.96    8.83    2.30   14.26    3478
    5.74    6.38   12.40    8.21    1.87   14.27    3478
    6.38    7.08   11.91    7.54    2.36   14.27    3478
    7.08    7.89   12.75    6.81    1.52   14.28    3478
    7.89   10.72   13.07    5.79    1.29   14.36    3478

Int Range: [15,17]
  LAlpha  UAlpha     ROE    DExp    DAct    Rate     Num
   -6.33    1.25   11.24   16.29    4.92   16.16    3009
    1.25    2.58   12.36   14.15    3.76   16.12    3008
    2.58    3.53   13.21   12.99    2.86   16.07    3008
    3.53    4.33   12.48   12.09    3.56   16.03    3009
    4.33    5.06   13.12   11.32    2.89   16.02    3008
    5.06    5.77   13.49   10.56    2.49   15.98    3008
    5.77    6.51   13.47    9.82    2.49   15.96    3009
    6.51    7.27   13.70    9.08    2.26   15.96    3008
    7.27    8.21   13.40    8.23    2.56   15.96    3008
    8.21   11.68   14.45    6.88    1.43   15.88    3008

Int Range: [17,20]
  LAlpha  UAlpha     ROE    DExp    DAct    Rate     Num
   -5.52    0.94   12.44   18.93    6.10   18.55    2818
    0.94    2.23   13.58   16.89    4.93   18.51    2818
    2.23    3.19   13.55   15.76    4.93   18.49    2818
    3.19    4.07   14.91   14.86    3.59   18.49    2817
    4.07    4.89   14.56   14.00    3.90   18.47    2818
    4.89    5.69   14.39   13.15    4.05   18.44    2818
    5.69    6.47   15.14   12.36    3.30   18.44    2817
    6.47    7.32   15.23   11.57    3.23   18.46    2818
    7.32    8.30   15.45   10.67    3.02   18.46    2818
    8.30   12.14   15.42    9.32    3.09   18.51    2817

Int Range: [20,30]
  LAlpha  UAlpha     ROE    DExp    DAct    Rate     Num
   -3.38    2.34   14.41   20.71    7.43   21.84    1951
    2.34    3.57   15.31   19.39    7.07   22.38    1951
    3.57    4.49   16.14   18.47    6.36   22.50    1950
    4.49    5.29   16.24   17.70    6.36   22.60    1951
    5.29    6.07   16.69   16.96    5.95   22.64    1950
    6.07    6.82   17.10   16.20    5.54   22.64    1951
    6.82    7.60   16.21   15.47    6.46   22.67    1951
    7.60    8.46   16.84   14.71    5.90   22.73    1950
    8.46    9.53   18.10   13.79    4.66   22.76    1951
    9.53   15.63   18.87   12.72    4.36   23.23    1950




Forest Importance
('pub_rec', 0.00059239792781358403)
('delinq_2yrs', 0.00089919966442532622)
('mths_since_last_record', 0.0013550766264859414)
('is_inc_v', 0.0025539994564272822)
('title_num_words', 0.0041087701121811293)
('home_ownership', 0.0047586048801635606)
('even_loan_amnt', 0.005853527431300732)
('term', 0.0090210427017763991)
('open_acc', 0.010098016190267494)
('emp_length', 0.01048724895749914)
('mths_since_last_delinq', 0.011313986546828733)
('title_len', 0.012934423095767254)
('title_upper_count', 0.01383003258115686)
('issue_mth', 0.01433556617409886)
('total_acc', 0.014792911011774013)
('mod_rate', 0.015103658152220274)
('short_title_rank', 0.018040401197087205)
('loan_amnt', 0.019226525073347309)
('purpose', 0.019680590854356236)
('zip_code', 0.01973553614447867)
('med_inc', 0.019922243958883524)
('title_last_word_rank', 0.020043875440862793)
('title_first_word_rank', 0.020271820450876995)
('title_rank', 0.020839327648889263)
('urate_chg', 0.022789300746752613)
('installment', 0.024142382127129082)
('title_upper_pct', 0.024734733534260901)
('revol_bal', 0.02487395244920771)
('credit_length', 0.025122829233249648)
('urate', 0.025624440681626049)
('avg_urate', 0.027641102690819833)
('inq_last_6mths', 0.0286743941424124)
('revol_util', 0.029324751716164114)
('dti', 0.030505863313535903)
('revol_bal-loan', 0.032283151427305638)
('fico_range_low', 0.037279343022455259)
('int_pymt', 0.044218510025217019)
('pct_med_inc', 0.046261722937334493)
('annual_inc', 0.051790122797176485)
('sub_grade', 0.11707141883694788)
('int_rate', 0.11786319803943641)


Forest Parameters
oob_score: False
n_jobs: 1
verbose: 2
min_density: None
compute_importances: None
max_leaf_nodes: None
bootstrap: True
min_samples_leaf: 100
n_estimators: 400
min_samples_split: 2
random_state: None
criterion: gini
max_features: auto
max_depth: None
