
Int Range: [0,7]
  LAlpha  UAlpha     ROE    DExp    DAct    Rate     Num
   -5.63    4.45    5.99    2.47    0.28    6.26     800
    4.45    4.84    5.52    1.55    0.69    6.21     800
    4.84    5.09    5.98    1.26    0.24    6.22     800
    5.09    5.28    6.13    1.03    0.09    6.22     800
    5.28    5.44    6.00    0.87    0.24    6.23     799
    5.44    5.59    5.80    0.74    0.46    6.26     800
    5.59    5.73    6.15    0.61    0.12    6.27     800
    5.73    5.87    5.80    0.51    0.51    6.31     800
    5.87    6.09    6.35    0.47    0.09    6.44     800
    6.09    6.88    6.37    0.36    0.27    6.63     799

Int Range: [7,10]
  LAlpha  UAlpha     ROE    DExp    DAct    Rate     Num
   -0.48    5.29    7.41    3.59    0.77    8.18    3159
    5.29    5.79    7.65    2.62    0.53    8.19    3158
    5.79    6.12    7.46    2.21    0.72    8.18    3158
    6.12    6.39    7.75    1.94    0.46    8.21    3159
    6.39    6.64    7.64    1.78    0.66    8.30    3158
    6.64    6.88    7.92    1.65    0.49    8.41    3158
    6.88    7.15    8.17    1.57    0.41    8.58    3159
    7.15    7.49    8.37    1.57    0.50    8.88    3158
    7.49    7.92    8.57    1.48    0.60    9.17    3158
    7.92    9.61    8.53    1.14    0.94    9.47    3158

Int Range: [10,12]
  LAlpha  UAlpha     ROE    DExp    DAct    Rate     Num
    0.54    6.23    9.77    5.91    1.43   11.20    2784
    6.23    7.00   10.28    4.47    0.84   11.12    2784
    7.00    7.49   10.24    3.82    0.83   11.07    2784
    7.49    7.89   10.39    3.41    0.72   11.11    2784
    7.89    8.23   10.47    3.06    0.65   11.12    2784
    8.23    8.56   10.18    2.76    0.98   11.16    2784
    8.56    8.91   10.49    2.49    0.74   11.22    2784
    8.91    9.28   10.59    2.23    0.73   11.31    2784
    9.28    9.76   10.93    1.95    0.53   11.46    2784
    9.76   11.42   11.10    1.55    0.62   11.72    2784

Int Range: [12,13.5]
  LAlpha  UAlpha     ROE    DExp    DAct    Rate     Num
   -0.30    6.72   11.51    7.26    1.36   12.87    2493
    6.72    7.66   11.88    5.64    0.99   12.88    2492
    7.66    8.32   11.88    4.87    1.00   12.88    2492
    8.32    8.82   11.92    4.30    0.96   12.88    2493
    8.82    9.28   11.83    3.82    1.05   12.88    2492
    9.28    9.68   12.02    3.41    0.88   12.90    2492
    9.68   10.09   12.07    3.00    0.82   12.89    2493
   10.09   10.47   12.28    2.64    0.64   12.92    2492
   10.47   10.92   12.32    2.26    0.62   12.94    2492
   10.92   12.35   12.34    1.73    0.67   13.01    2492

Int Range: [13.5,15]
  LAlpha  UAlpha     ROE    DExp    DAct    Rate     Num
    0.02    6.47   12.44    9.08    1.92   14.36    3479
    6.47    7.56   12.76    7.28    1.58   14.34    3478
    7.56    8.35   12.82    6.33    1.48   14.30    3478
    8.35    8.96   12.68    5.60    1.58   14.26    3478
    8.96    9.54   12.69    4.99    1.55   14.24    3478
    9.54   10.06   12.69    4.43    1.55   14.24    3478
   10.06   10.54   12.86    3.92    1.37   14.22    3478
   10.54   11.02   12.72    3.47    1.53   14.24    3478
   11.02   11.57   13.23    3.00    1.05   14.28    3478
   11.57   13.66   13.40    2.39    1.06   14.45    3478

Int Range: [15,17]
  LAlpha  UAlpha     ROE    DExp    DAct    Rate     Num
    0.12    6.97   12.71   10.26    3.27   15.98    3009
    6.97    8.14   13.64    8.39    2.35   15.99    3008
    8.14    8.99   14.05    7.41    1.95   16.00    3008
    8.99    9.70   13.93    6.65    2.08   16.00    3009
    9.70   10.37   13.58    5.92    2.38   15.96    3008
   10.37   10.98   14.31    5.27    1.63   15.95    3008
   10.98   11.59   14.13    4.66    1.83   15.95    3009
   11.59   12.20   14.43    4.08    1.55   15.98    3008
   12.20   12.89   14.66    3.51    1.38   16.04    3008
   12.89   15.52   15.21    2.81    1.08   16.29    3008

Int Range: [17,20]
  LAlpha  UAlpha     ROE    DExp    DAct    Rate     Num
    1.37    7.91   14.08   11.70    4.20   18.28    2818
    7.91    9.10   14.70    9.85    3.71   18.41    2818
    9.10    9.95   14.92    8.89    3.51   18.43    2818
    9.95   10.69   15.80    8.14    2.67   18.47    2817
   10.69   11.39   15.82    7.42    2.65   18.47    2818
   11.39   12.07   15.70    6.77    2.80   18.50    2818
   12.07   12.72   16.19    6.05    2.27   18.45    2817
   12.72   13.39   16.28    5.43    2.20   18.48    2818
   13.39   14.21   16.36    4.76    2.17   18.54    2818
   14.21   17.47   17.11    3.90    1.68   18.79    2817

Int Range: [20,30]
  LAlpha  UAlpha     ROE    DExp    DAct    Rate     Num
    3.09    8.72   17.77   15.46    5.21   22.98    1951
    8.72    9.88   18.13   13.29    4.50   22.63    1951
    9.88   10.74   18.09   12.25    4.49   22.58    1950
   10.74   11.49   17.79   11.32    4.64   22.44    1951
   11.49   12.16   18.44   10.65    4.04   22.48    1950
   12.16   12.83   17.58   10.00    4.92   22.50    1951
   12.83   13.49   18.48    9.33    4.00   22.48    1951
   13.49   14.26   18.60    8.57    3.85   22.45    1950
   14.26   15.21   18.79    7.88    3.81   22.59    1951
   15.21   19.21   19.76    6.79    3.11   22.87    1950




Forest Importance
('pub_rec', 3.9982087767402386e-05)
('delinq_2yrs', 0.00056089529103285022)
('term', 0.0014234081043888668)
('mths_since_last_record', 0.0017427664690296857)
('is_inc_v', 0.0027427736056857928)
('title_num_words', 0.0029799234187724236)
('home_ownership', 0.0034285841938413593)
('even_loan_amnt', 0.0052720026618856422)
('title_upper_count', 0.0069625948293958531)
('loan_amnt', 0.010290082957501249)
('open_acc', 0.011423162253662134)
('issue_mth', 0.011788060503179909)
('fico_range_low', 0.013277403161940341)
('mod_rate', 0.013339007408789197)
('title_len', 0.013761268990649101)
('emp_length', 0.013915890929035623)
('mths_since_last_delinq', 0.014944989176664989)
('total_acc', 0.018979308822161287)
('int_pymt', 0.020178613411214887)
('purpose', 0.020665564452483697)
('installment', 0.0229381809666536)
('med_inc', 0.023395928028080056)
('short_title_rank', 0.024650330739831729)
('inq_last_6mths', 0.025286096152612968)
('title_first_word_rank', 0.026072869396326259)
('avg_urate', 0.026608229796989912)
('zip_code', 0.027832667937023797)
('title_last_word_rank', 0.028087799529097589)
('urate', 0.028392232567708051)
('title_rank', 0.030352317771224661)
('revol_bal', 0.032399863816190429)
('credit_length', 0.03271349111037665)
('urate_chg', 0.033396658340156406)
('pct_med_inc', 0.035811567253655884)
('revol_util', 0.036306341489983046)
('title_upper_pct', 0.037837040265836237)
('dti', 0.038535750758972552)
('revol_bal-loan', 0.04405132648956072)
('int_rate', 0.047635203460883221)
('annual_inc', 0.056636056407191937)
('sub_grade', 0.153343764992562)


Forest Parameters
oob_score: False
n_jobs: 1
verbose: 2
min_density: None
compute_importances: None
max_leaf_nodes: None
bootstrap: True
min_samples_leaf: 100
n_estimators: 400
min_samples_split: 2
random_state: None
criterion: mse
max_features: auto
max_depth: None
