
Int Range: [0,7]
  LAlpha  UAlpha     ROE    DExp    DAct    Rate     Num
    0.48    4.65    6.09    2.18    0.12    6.20     588
    4.65    5.00    5.96    1.32    0.21    6.17     588
    5.00    5.20    6.05    1.07    0.13    6.18     588
    5.20    5.35    6.10    0.90    0.08    6.18     587
    5.35    5.48    6.15    0.78    0.04    6.19     588
    5.48    5.60    6.08    0.67    0.14    6.22     588
    5.60    5.73    6.24    0.57    0.00    6.24     587
    5.73    5.86    6.13    0.50    0.17    6.29     588
    5.86    6.05    6.33    0.48    0.10    6.43     588
    6.05    6.59    6.38    0.32    0.17    6.55     587

Int Range: [7,10]
  LAlpha  UAlpha     ROE    DExp    DAct    Rate     Num
   -0.71    5.89    7.46    2.93    0.56    8.02    2121
    5.89    6.40    7.64    1.65    0.19    7.83    2120
    6.40    6.72    7.81    1.33    0.08    7.89    2120
    6.72    6.98    7.74    1.15    0.27    8.00    2120
    6.98    7.21    7.87    1.07    0.30    8.17    2120
    7.21    7.46    7.94    1.04    0.44    8.38    2120
    7.46    7.74    8.40    1.09    0.28    8.68    2120
    7.74    8.04    8.65    1.05    0.30    8.94    2120
    8.04    8.39    8.81    0.93    0.32    9.13    2120
    8.39    9.58    8.84    0.71    0.57    9.41    2120

Int Range: [10,12]
  LAlpha  UAlpha     ROE    DExp    DAct    Rate     Num
    1.17    7.32   10.41    4.95    0.59   11.01    2003
    7.32    8.27   10.46    2.96    0.35   10.81    2003
    8.27    8.76   10.44    2.23    0.32   10.76    2003
    8.76    9.11   10.57    1.86    0.23   10.81    2003
    9.11    9.41   10.60    1.68    0.34   10.95    2002
    9.41    9.70   10.30    1.54    0.80   11.10    2003
    9.70   10.00   10.88    1.42    0.39   11.27    2003
   10.00   10.29   10.95    1.26    0.45   11.40    2003
   10.29   10.65   11.09    1.09    0.46   11.55    2003
   10.65   11.81   11.34    0.83    0.48   11.82    2002

Int Range: [12,13.5]
  LAlpha  UAlpha     ROE    DExp    DAct    Rate     Num
   -0.28    8.03   11.96    6.26    0.90   12.87    2090
    8.03    9.06   11.86    4.25    0.99   12.85    2090
    9.06    9.64   12.16    3.47    0.69   12.84    2089
    9.64   10.07   12.19    3.00    0.66   12.86    2090
   10.07   10.41   12.19    2.61    0.66   12.85    2089
   10.41   10.72   12.25    2.30    0.62   12.87    2090
   10.72   11.02   12.65    2.02    0.24   12.89    2090
   11.02   11.32   12.18    1.74    0.73   12.91    2089
   11.32   11.69   12.39    1.45    0.56   12.95    2090
   11.69   12.97   12.55    1.08    0.53   13.07    2089

Int Range: [13.5,15]
  LAlpha  UAlpha     ROE    DExp    DAct    Rate     Num
   -2.96    8.21   13.18    7.74    1.16   14.34    2487
    8.21    9.47   13.21    5.39    1.10   14.31    2486
    9.47   10.13   13.17    4.45    1.11   14.27    2486
   10.13   10.61   13.15    3.89    1.12   14.28    2486
   10.61   11.00   13.11    3.48    1.18   14.29    2486
   11.00   11.34   13.41    3.14    0.91   14.32    2487
   11.34   11.68   13.43    2.81    0.90   14.32    2486
   11.68   12.03   13.53    2.51    0.83   14.36    2486
   12.03   12.46   13.70    2.19    0.72   14.42    2486
   12.46   14.31   14.05    1.74    0.53   14.58    2486

Int Range: [15,17]
  LAlpha  UAlpha     ROE    DExp    DAct    Rate     Num
   -3.08    8.80   14.05    8.97    1.96   16.00    2068
    8.80   10.22   14.27    6.41    1.74   16.01    2068
   10.22   11.07   14.40    5.29    1.55   15.96    2068
   11.07   11.63   14.62    4.60    1.33   15.96    2068
   11.63   12.07   14.73    4.10    1.23   15.96    2068
   12.07   12.46   14.98    3.72    1.01   15.99    2068
   12.46   12.84   15.21    3.38    0.82   16.03    2068
   12.84   13.23   15.37    3.06    0.71   16.08    2068
   13.23   13.72   15.36    2.76    0.87   16.23    2068
   13.72   15.95   16.01    2.31    0.52   16.52    2068

Int Range: [17,20]
  LAlpha  UAlpha     ROE    DExp    DAct    Rate     Num
   -2.47   10.08   15.75   10.16    2.64   18.39    1909
   10.08   11.58   16.28    7.44    2.07   18.35    1909
   11.58   12.47   16.47    6.25    1.83   18.30    1909
   12.47   13.11   16.28    5.46    1.98   18.27    1908
   13.11   13.65   16.88    4.97    1.48   18.35    1909
   13.65   14.12   16.95    4.52    1.45   18.40    1909
   14.12   14.59   16.68    4.12    1.79   18.48    1908
   14.59   15.10   17.50    3.82    1.15   18.65    1909
   15.10   15.74   17.77    3.52    1.16   18.92    1909
   15.74   18.41   18.11    2.97    1.21   19.32    1908

Int Range: [20,30]
  LAlpha  UAlpha     ROE    DExp    DAct    Rate     Num
   -2.66   10.24   20.14   14.61    2.44   22.58    1286
   10.24   12.48   19.64   11.35    3.14   22.77    1286
   12.48   13.63   19.51    9.57    3.15   22.66    1285
   13.63   14.37   19.27    8.56    3.31   22.58    1286
   14.37   14.99   19.58    7.74    2.85   22.43    1285
   14.99   15.51   20.22    7.18    2.21   22.43    1286
   15.51   16.04   20.20    6.63    2.21   22.41    1286
   16.04   16.58   20.87    6.09    1.52   22.40    1285
   16.58   17.28   20.14    5.61    2.38   22.52    1286
   17.28   20.71   21.37    5.41    2.09   23.46    1285




Forest Importance
('pub_rec', 2.0280160761459834e-05)
('delinq_2yrs', 0.00062956939657480551)
('term', 0.0010122774420008259)
('mths_since_last_record', 0.001116915083436305)
('is_inc_v', 0.0024499762638556656)
('title_num_words', 0.0027730930684589606)
('home_ownership', 0.0038831872946676633)
('even_loan_amnt', 0.0043561954884640368)
('title_upper_count', 0.004696004858551611)
('mod_rate', 0.0072221207971312294)
('loan_amnt', 0.0080447074453842311)
('open_acc', 0.0092774024721815097)
('issue_mth', 0.0095218089592201596)
('fico_range_low', 0.010992298082271187)
('title_first_word_rank', 0.011049513602516641)
('title_last_word_rank', 0.011318483522802118)
('emp_length', 0.012804488975026196)
('title_len', 0.013299611294105724)
('mths_since_last_delinq', 0.013947910043703948)
('total_acc', 0.015464525123880754)
('purpose', 0.016013697465395965)
('int_pymt', 0.016778366389929231)
('installment', 0.019150057331879026)
('inq_last_6mths', 0.020237689746264709)
('med_inc', 0.021161276656294047)
('short_title_rank', 0.021578706144476462)
('zip_code', 0.022983547729859378)
('avg_urate', 0.023771080028233148)
('clean_title_rank', 0.025930556221745241)
('emp_title_rank', 0.026233101764130819)
('urate', 0.026293310767900816)
('title_upper_pct', 0.026601072356323772)
('revol_bal', 0.026892235891923768)
('credit_length', 0.029102453801565859)
('urate_chg', 0.030388722179186894)
('revol_util', 0.032009660766502142)
('pct_med_inc', 0.033607672854688693)
('annual_inc', 0.034772130278627668)
('dti', 0.035581816215993017)
('revol_bal-loan', 0.037251925440915414)
('int_rate', 0.055352927018034841)
('sub_grade', 0.13510611643421824)
('tok4_clean_title_log_odds', 0.13932150714091579)


Forest Parameters
oob_score: False
n_jobs: -1
verbose: 0
min_density: None
compute_importances: None
max_leaf_nodes: None
bootstrap: True
min_samples_leaf: 100
n_estimators: 400
min_samples_split: 2
random_state: None
criterion: mse
max_features: auto
max_depth: None
