OOS Cutoff = 2014-12-01 00:00:00
Int Range: [0,7]
  LAlpha  UAlpha     ROE    DExp    DAct    Rate     Num
  -19.34    4.37    5.50    2.63    0.88    6.39     369
    4.37    4.85    5.89    1.81    0.54    6.43     369
    4.85    5.15    5.91    1.44    0.54    6.44     369
    5.15    5.41    6.03    1.14    0.40    6.43     369
    5.41    5.61    6.10    0.90    0.32    6.41     368
    5.61    5.78    6.02    0.77    0.44    6.47     369
    5.78    5.94    6.08    0.61    0.40    6.47     369
    5.94    6.14    6.31    0.59    0.32    6.63     369
    6.14    6.38    5.97    0.51    0.80    6.76     369
    6.38    6.98    6.33    0.35    0.63    6.95     368

Int Range: [7,10]
  LAlpha  UAlpha     ROE    DExp    DAct    Rate     Num
    0.88    4.74    5.47    4.52    3.04    8.51     870
    4.74    5.38    6.64    3.33    1.79    8.43     869
    5.38    5.78    6.67    2.81    1.73    8.40     870
    5.78    6.11    6.60    2.41    1.76    8.36     869
    6.11    6.39    7.01    2.08    1.32    8.33     870
    6.39    6.64    6.76    1.79    1.54    8.30     869
    6.64    6.88    7.08    1.58    1.25    8.33     870
    6.88    7.13    7.42    1.40    0.98    8.40     869
    7.13    7.50    7.87    1.30    0.72    8.60     870
    7.50    9.01    8.52    1.27    0.66    9.18     869

Int Range: [10,12]
  LAlpha  UAlpha     ROE    DExp    DAct    Rate     Num
    0.46    5.40    7.26    6.83    3.90   11.16     762
    5.40    6.22    7.67    5.34    3.52   11.18     761
    6.22    6.81    8.72    4.70    2.52   11.23     761
    6.81    7.30    8.16    4.22    3.12   11.27     761
    7.30    7.75    9.54    3.74    1.72   11.27     761
    7.75    8.13    9.08    3.38    2.24   11.32     762
    8.13    8.52    8.85    3.00    2.47   11.32     761
    8.52    8.96    9.30    2.66    2.09   11.39     761
    8.96    9.45    8.76    2.27    2.69   11.45     761
    9.45   11.05    9.81    1.78    1.85   11.66     761

Int Range: [12,13.5]
  LAlpha  UAlpha     ROE    DExp    DAct    Rate     Num
   -2.51    4.59    8.19    9.34    4.55   12.74     558
    4.59    5.54    6.94    7.59    5.74   12.68     557
    5.54    6.27    6.14    6.74    6.53   12.67     558
    6.27    6.90    7.07    6.10    5.61   12.68     557
    6.90    7.46    7.52    5.48    5.14   12.65     558
    7.46    7.97    8.99    4.96    3.68   12.67     557
    7.97    8.49    8.75    4.44    3.92   12.68     558
    8.49    9.05    8.50    3.92    4.17   12.67     557
    9.05    9.69   10.58    3.32    2.11   12.68     558
    9.69   11.89    9.31    2.44    3.41   12.72     557

Int Range: [13.5,15]
  LAlpha  UAlpha     ROE    DExp    DAct    Rate     Num
   -4.23    4.19    7.49   11.44    6.72   14.20     724
    4.19    5.25    6.32    9.46    7.91   14.22     723
    5.25    6.04    8.87    8.62    5.39   14.27     723
    6.04    6.69   10.49    7.93    3.81   14.30     723
    6.69    7.32    9.31    7.26    4.96   14.28     723
    7.32    7.98   10.16    6.59    4.09   14.24     723
    7.98    8.63    9.86    5.95    4.39   14.26     723
    8.63    9.36    9.88    5.25    4.36   14.24     723
    9.36   10.26   11.08    4.51    3.20   14.28     723
   10.26   13.58    9.70    3.35    4.70   14.40     723

Int Range: [15,17]
  LAlpha  UAlpha     ROE    DExp    DAct    Rate     Num
  -11.08    1.80    5.97   16.44   10.08   16.05     493
    1.80    3.63    7.26   13.18    8.72   15.98     492
    3.63    4.73   10.08   11.77    5.89   15.97     493
    4.73    5.75    5.33   10.74   10.67   16.00     492
    5.75    6.55   10.62    9.82    5.36   15.98     493
    6.55    7.31    9.71    9.03    6.25   15.96     492
    7.31    8.07    9.75    8.31    6.24   15.99     493
    8.07    8.93   11.28    7.46    4.69   15.97     492
    8.93    9.96    8.50    6.53    7.46   15.96     493
    9.96   13.40   11.40    5.06    4.56   15.95     492

Int Range: [17,20]
  LAlpha  UAlpha     ROE    DExp    DAct    Rate     Num
  -14.07   -1.02   -1.14   22.81   20.02   18.89     520
   -1.02    1.60    4.29   18.22   14.33   18.61     520
    1.60    3.21    6.30   15.92   12.10   18.39     520
    3.21    4.48    7.25   14.51   11.11   18.36     520
    4.48    5.58    6.34   13.23   11.92   18.26     520
    5.58    6.64    9.12   12.08    9.07   18.18     520
    6.64    7.60    6.98   11.04   11.18   18.16     520
    7.60    8.68    8.39    9.95    9.70   18.09     520
    8.68   10.10    8.16    8.81   10.00   18.16     520
   10.10   15.12   12.11    6.90    6.11   18.22     519

Int Range: [20,30]
  LAlpha  UAlpha     ROE    DExp    DAct    Rate     Num
  -15.74   -6.12   -3.66   32.55   27.67   24.01     244
   -6.12   -3.65    0.22   28.34   23.37   23.59     243
   -3.65   -1.53    4.29   25.69   18.90   23.19     244
   -1.53    0.14    5.65   23.97   17.65   23.31     243
    0.14    1.75    5.55   22.21   17.60   23.15     243
    1.75    3.57    7.34   20.47   15.76   23.10     244
    3.57    5.33    5.68   18.53   17.29   22.98     243
    5.33    6.87    7.67   16.87   15.24   22.92     244
    6.87    9.19    9.27   14.97   13.65   22.92     243
    9.19   19.33    8.94   11.25   13.96   22.90     243


MinAlpha	ROE	Count
-5	7.92	44867
-4	7.95	44673
-3	7.99	44470
-2	8.04	44209
-1	8.06	43879
0	8.10	43465
1	8.11	42905
2	8.15	42175
3	8.19	41055
4	8.23	39087
5	8.40	35113
6	8.80	27931
7	9.27	18948
8	9.61	11906
9	10.05	6522
10	10.48	2711
11	10.82	963
12	13.49	289
13	14.83	109
14	14.67	52
15	12.03	23



Forest Importance
('pub_rec', 0.00034944854504894324)
('delinq_2yrs', 0.0008379511083204523)
('term', 0.0034897894133855151)
('even_loan_amnt', 0.0041932053486635427)
('verification_status', 0.004677555554837837)
('purpose', 0.0049415501804610015)
('mths_since_last_record', 0.0051662189663997451)
('mths_since_last_major_derog', 0.0080586467251449051)
('loan_amnt', 0.01168392717730336)
('inq_last_6mths', 0.012491530944373237)
('home_ownership', 0.013751946838201221)
('open_acc', 0.015568058379390062)
('mths_since_last_delinq', 0.019756412831250951)
('int_pymt', 0.020454461120074888)
('emp_length', 0.022699139071829508)
('installment', 0.024156589299782923)
('annual_inc', 0.024732517184868699)
('total_acc', 0.02493438122131714)
('tok4_capitalization_log_odds', 0.025639425766844415)
('revol_bal', 0.027719005950298879)
('int_pct_inc', 0.032928904417067202)
('revol_bal_pct_inc', 0.033400753242895757)
('revol_util', 0.033630910117146445)
('dti', 0.034522315270741892)
('clean_title_rank', 0.03530240424908155)
('pct_med_inc', 0.035938207732786463)
('revol_bal-loan', 0.035943781328902351)
('urate', 0.042305809209471759)
('pymt_pct_inc', 0.042904165415421108)
('int_rate', 0.048525713448334819)
('credit_length', 0.050709461340837543)
('tok4_clean_title_log_odds', 0.060693512806584388)
('sub_grade', 0.23789229979293144)


Forest Parameters
oob_score: False
n_jobs: -1
verbose: 0
min_density: None
compute_importances: None
max_leaf_nodes: None
bootstrap: True
min_samples_leaf: 100
n_estimators: 200
min_samples_split: 2
random_state: None
criterion: mse
max_features: auto
max_depth: None
